-100.581 -3.037868
-100.3509 -3.021363
-99.86993 -2.997581
-99.12405 -2.970076
-98.10971 -2.937309
-97.10079 -2.918643
-96.08545 -2.902836
-95.09084 -2.886546
-94.09906 -2.872617
-93.09859 -2.85958
-92.0851 -2.846104
-91.06797 -2.834186
-90.09106 -2.823061
-89.08858 -2.811335
-88.11772 -2.799963
-87.15054 -2.790008
-86.13599 -2.778261
-85.1106 -2.766716
-84.10094 -2.756017
-83.09259 -2.745898
-82.09085 -2.736891
-81.0826 -2.725365
-80.05773 -2.715948
-79.02789 -2.706373
-78.03592 -2.696364
-77.07739 -2.690736
-76.12583 -2.683173
-75.1535 -2.673587
-74.1326 -2.664627
-73.12663 -2.65544
-72.10146 -2.647001
-71.11497 -2.639019
-70.11355 -2.630817
-69.11398 -2.621974
-68.10924 -2.61311
-67.08177 -2.606178
-66.08944 -2.600019
-65.05679 -2.592451
-64.06342 -2.586361
-63.06481 -2.579059
-62.05487 -2.569965
-61.07439 -2.56335
-60.04699 -2.55514
-59.00901 -2.547058
-58.00763 -2.540661
-57.00211 -2.532573
-55.99674 -2.524504
-55.03352 -2.516759
-54.04321 -2.509721
-53.03474 -2.504445
-52.03847 -2.499858
-51.0461 -2.495109
-50.04945 -2.488813
-49.05597 -2.481146
-48.07658 -2.474013
-47.06709 -2.466172
-46.07083 -2.458859
-45.07703 -2.451891
-44.06829 -2.444807
-43.04909 -2.438157
-42.04231 -2.432692
-41.04518 -2.427582
-40.04877 -2.42157
-39.0696 -2.416679
-38.07156 -2.411084
-37.06753 -2.403374
-36.04921 -2.395766
-35.04527 -2.389281
-34.04646 -2.382791
-33.06185 -2.376854
-32.05856 -2.372527
-31.05884 -2.366815
-30.03578 -2.359717
-29.02385 -2.353341
-28.0392 -2.347481
-27.02127 -2.341167
-26.05526 -2.336703
-25.0397 -2.331918
-24.04827 -2.324645
-23.06303 -2.318844
-22.04901 -2.311219
-21.05595 -2.305804
-20.04582 -2.300971
-19.05682 -2.294489
-18.0358 -2.288934
-17.01315 -2.280718
-16.01619 -2.275636
-15.00213 -2.271288
-13.97494 -2.266298
-12.99636 -2.262856
-11.97865 -2.25682
-10.95457 -2.249786
-9.990429 -2.244269
-8.967978 -2.237783
-7.97735 -2.231827
-6.98084 -2.226568
-5.951542 -2.219443
-4.943466 -2.212557
-3.939312 -2.208864
-2.959901 -2.203419
-2.034748 -2.199913
-1.087311 -2.195537
-.1312982 -2.187093
.8476303 -2.180799
1.906574 -2.173611
2.918555 -2.168649
3.929756 -2.16345
4.907721 -2.156376
5.883027 -2.149984
6.877576 -2.141972
7.889325 -2.135362
8.925817 -2.130655
9.912939 -2.12458
10.93153 -2.119835
11.89411 -2.114578
12.89875 -2.1079
13.89717 -2.100487
14.86656 -2.092004
15.88214 -2.083895
16.89178 -2.076445
17.89097 -2.069653
18.89163 -2.063025
19.91641 -2.055092
20.90735 -2.046815
21.90636 -2.040405
22.91131 -2.034443
23.89165 -2.028514
24.85561 -2.022617
25.8513 -2.014731
26.83577 -2.006304
27.83714 -1.997148
28.85097 -1.988311
29.86302 -1.979602
30.87364 -1.970211
31.87041 -1.961361
32.87143 -1.951736
33.87987 -1.942754
34.88934 -1.935811
35.90127 -1.928035
36.91325 -1.9195
37.89223 -1.910527
38.88369 -1.899963
39.89863 -1.888692
40.90523 -1.878031
41.90385 -1.868488
42.91028 -1.858582
43.89885 -1.847353
44.86144 -1.835545
45.88097 -1.823072
46.88401 -1.810309
47.88236 -1.800454
48.90619 -1.789912
49.90684 -1.778043
50.91729 -1.767357
51.92454 -1.754468
52.91199 -1.741222
53.90115 -1.728718
54.86456 -1.714775
55.8585 -1.700247
56.86448 -1.685148
57.85104 -1.66932
58.858 -1.65363
59.85564 -1.638148
60.86062 -1.623792
61.87651 -1.608939
62.8856 -1.592894
63.88673 -1.576711
64.87434 -1.559729
65.87437 -1.539908
66.87955 -1.5205
67.86648 -1.500664
68.89722 -1.479753
69.89084 -1.460282
70.88599 -1.438818
71.93382 -1.417469
72.92494 -1.396332
73.89631 -1.374516
74.8983 -1.353222
75.85484 -1.329512
76.82314 -1.304333
77.85844 -1.277919
78.8515 -1.249537
79.86325 -1.223302
80.8745 -1.196162
81.88728 -1.165249
82.89607 -1.138253
83.8801 -1.107173
84.88251 -1.074626
85.8696 -1.045407
86.86136 -1.011767
87.85571 -.9769114
88.86687 -.9437205
89.8738 -.9068932
90.88661 -.8689719
91.9088 -.8320874
92.90446 -.7930357
93.89653 -.7527722
94.93222 -.7104638
95.93489 -.6677288
96.96069 -.6220466
97.99353 -.5727575
98.97256 -.5290907
99.98489 -.4818542
100.9952 -.433913
101.9779 -.3914312
102.9798 -.3410012
103.9627 -.2888861
104.9497 -.2366453
105.9536 -.1777453
106.9523 -.1191418
107.9641 -5.941661E-02
108.9594 1.114771E-03
109.948 6.051924E-02
110.9293 .1262621
111.8967 .1890967
112.8669 .2528589
113.8707 .3230374
114.8714 .3865317
115.8839 .4570276
116.9073 .5349584
117.8914 .6100892
118.8843 .6889277
119.899 .7693949
120.8959 .8481294
121.9175 .9320701
122.9294 1.017978
123.9349 1.106016
124.9297 1.191708
125.9224 1.2775
126.9139 1.367937
127.9193 1.457911
128.8881 1.552848
129.8704 1.656845
130.8569 1.752288
131.8282 1.854368
132.8852 1.958894
133.8841 2.055682
134.8912 2.164104
135.9069 2.275272
136.8868 2.386596
137.9058 2.50519
138.9318 2.620062
139.9389 2.733037
140.9418 2.848032
141.9593 2.962399
142.955 3.083919
143.9681 3.203351
144.9581 3.324638
145.9334 3.454316
146.9232 3.576172
147.8986 3.707942
148.9228 3.847269
149.9524 3.975131
150.9698 4.108381
151.9779 4.235357
152.9619 4.352533
153.9392 4.480022
154.9213 4.609411
155.9254 4.743946
156.9146 4.882935
157.9274 5.019207
158.9461 5.158839
159.951 5.292835
160.9489 5.428634
161.9431 5.572526
162.9274 5.702662
163.9167 5.834952
164.9233 5.970222
165.9156 6.092654
166.9181 6.230284
167.928 6.373047
168.9475 6.50917
169.9674 6.649662
170.9714 6.781402
171.9758 6.906956
172.9651 7.031548
173.9647 7.157215
174.9853 7.290454
175.9841 7.413542
176.9767 7.535922
177.9975 7.662038
178.9927 7.770247
179.9964 7.888088
181.0284 8.009523
181.998 8.113276
182.9624 8.223555
183.9505 8.32946
184.9546 8.42624
185.9794 8.531095
187.0028 8.636618
188.0205 8.744158
188.9978 8.844477
189.9905 8.93507
190.9944 9.022254
191.9845 9.09483
192.993 9.168617
194.0006 9.253653
195.0155 9.322521
196.0126 9.393719
197.0404 9.468534
198.038 9.525291
199.0436 9.592258
200.076 9.657885
201.0706 9.709591
202.0681 9.755753
203.0523 9.788734
204.0355 9.816728
205.0231 9.843327
206.0248 9.871762
207.0554 9.908425
208.0574 9.934424
209.0412 9.956737
210.0313 9.979909
211.0154 9.98597
212.0058 9.994482
213.0127 10.00565
214.0306 10.00394
215.0218 10.00629
216.0036 10.00438
217.0077 9.995971
217.9874 9.991357
218.9882 9.982657
220.0089 9.97306
221.0087 9.955648
222.0134 9.92902
223.0132 9.904998
224.0047 9.874609
224.9844 9.847672
226.0165 9.827569
227.0227 9.795305
228.0382 9.764229
229.0449 9.730663
230.0269 9.684343
231.0361 9.645443
232.0376 9.604921
233.0461 9.559488
234.013 9.517316
234.9907 9.471016
235.9916 9.422659
236.9872 9.378645
237.9869 9.332931
239.0235 9.291504
240.0115 9.242585
241.0328 9.190628
242.0386 9.139107
242.9977 9.080139
244.0029 9.030273
244.9928 8.980429
246.0021 8.925587
247.0066 8.876425
248.0089 8.824035
249.0165 8.769217
250.0431 8.719282
251.06 8.667892
252.0541 8.614494
253.0504 8.559333
254.038 8.501716
255.0364 8.446083
256.0413 8.391768
257.0212 8.342007
258.0402 8.293255
259.0579 8.239105
260.0704 8.187487
261.0832 8.135681
262.0495 8.080359
263.0121 8.03041
264.0027 7.981084
265.0203 7.931544
266.0138 7.884582
267.0344 7.837278
268.0179 7.787386
268.9962 7.739378
270.0122 7.693466
271.0197 7.648591
272.0247 7.60396
273.0353 7.558251
274.0415 7.515902
275.015 7.470323
276.0201 7.428227
277.0413 7.388728
278.0423 7.343982
279.065 7.303459
280.0551 7.261744
281.0222 7.219189
282.0054 7.179274
282.9927 7.140229
283.9875 7.101222
284.9938 7.062071
286.0033 7.023283
286.9995 6.984873
288.0104 6.94766
289.0177 6.912977
290.0239 6.880191
291.0228 6.846114
292.0471 6.812749
293.0583 6.78015
294.0491 6.745081
295.0436 6.71334
296.0367 6.68123
297.0461 6.647871
298.0515 6.617396
299.1025 6.586253
300.1273 6.556353
301.0898 6.527437
302.0974 6.499076
303.1052 6.473602
304.0905 6.445518
305.1464 6.417873
306.1493 6.390159
307.1055 6.359644
308.1002 6.332474
309.0667 6.306317
310.0717 6.27882
311.0694 6.253282
312.0544 6.229669
313.0554 6.20505
314.0383 6.182381
315.0649 6.160464
316.0807 6.13799
317.0609 6.11474
318.0573 6.091947
319.0207 6.071387
320.0058 6.048298
321.0208 6.028284
322.0469 6.009223
323.0747 5.986396
324.0613 5.966083
325.0658 5.946251
326.0652 5.924794
327.0549 5.906328
328.0832 5.88824
329.1086 5.868542
330.0888 5.84944
331.0881 5.831791
332.081 5.814689
333.0665 5.797012
334.0751 5.780039
335.0974 5.762607
336.0891 5.743913
337.0671 5.727226
338.0629 5.711267
339.0665 5.693659
340.0842 5.6778
341.1046 5.663356
342.1046 5.648119
343.1069 5.633657
344.1003 5.61885
345.0957 5.602678
346.0844 5.586993
347.0819 5.5719
348.0812 5.556586
349.0774 5.541715
350.0834 5.528301
351.0596 5.515261
352.0659 5.502818
353.1041 5.492007
354.14 5.481676
355.1495 5.468937
356.145 5.456878
357.1093 5.443157
358.0875 5.427809
359.0782 5.41538
360.1124 5.401585
361.1158 5.388322
362.1127 5.376506
363.1154 5.364777
364.0822 5.3544
365.0806 5.34428
366.0829 5.33383
367.0907 5.323401
368.1278 5.31282
369.1259 5.302785
370.1257 5.292323
371.1229 5.280248
372.1062 5.269122
373.1469 5.258747
374.1422 5.247359
375.1358 5.23732
376.1149 5.227534
377.0905 5.216335
378.1121 5.207085
379.1422 5.198431
380.1641 5.189179
381.1583 5.180954
382.1397 5.173031
383.1426 5.164182
384.1251 5.153486
385.149 5.143249
386.1614 5.13441
387.1361 5.124122
388.1365 5.116519
389.1118 5.108521
390.1067 5.097888
391.0934 5.090306
392.1268 5.083555
393.1473 5.076765
394.1586 5.07102
395.2106 5.063086
396.1942 5.054468
397.1922 5.045033
398.1824 5.036163
399.153 5.03082
400.1667 5.022893
401.1724 5.016195
402.1797 5.011562
403.1918 5.003814
404.1909 4.998958
405.211 4.995117
406.2393 4.986925
407.2203 4.980549
408.2037 4.973217
409.1735 4.963612
410.1479 4.956797
411.1551 4.950837
412.185 4.945724
413.1691 4.941729
414.1743 4.936949
415.1876 4.931982
416.1644 4.926118
417.1759 4.920518
418.1777 4.916685
419.1796 4.912595
420.1862 4.907687
421.1733 4.902996
422.1614 4.896619
423.1749 4.891123
424.1673 4.888479
425.1789 4.885535
426.172 4.884458
427.1523 4.881002
428.146 4.877246
429.1713 4.874432
430.1725 4.871052
431.1956 4.870616
432.2084 4.868174
433.1953 4.864285
434.1983 4.861044
435.1745 4.855725
436.1563 4.853287
437.1429 4.852214
438.1407 4.848827
439.1383 4.847235
440.1321 4.844431
441.1224 4.842262
442.1414 4.842782
443.1428 4.842124
444.166 4.842602
445.1941 4.840929
446.1821 4.837374
447.1924 4.834428
448.1658 4.829455
449.1396 4.826551
450.1533 4.825953
451.155 4.82284
452.1749 4.821116
453.2011 4.82061
454.1973 4.817005
455.1867 4.815675
456.1938 4.814108
457.2171 4.809094
458.244 4.804543
459.2466 4.797777
460.2639 4.790208
461.2291 4.783939
462.2103 4.777857
463.2263 4.774688
464.2262 4.769495
465.2523 4.763461
466.2479 4.757935
467.2349 4.747987
468.2173 4.740723
469.2047 4.734586
470.2185 4.724289
471.2188 4.715449
472.2241 4.703658
473.2033 4.689631
474.1746 4.677927
475.2013 4.666182
476.2073 4.653658
477.2323 4.639872
478.2354 4.624218
479.2047 4.608577
480.202 4.593509
481.1786 4.579562
482.212 4.568001
483.239 4.550324
484.235 4.532197
485.2461 4.513764
486.2404 4.492487
487.2336 4.476576
488.2286 4.460901
489.2333 4.444238
490.2023 4.428657
491.1672 4.411906
492.1573 4.394412
493.1688 4.378716
494.1829 4.361743
495.2201 4.346769
496.2278 4.330021
497.2038 4.311765
498.2181 4.295195
498.7312 4.226118
498.7761 4.139227
498.3458 4.037947
497.3575 3.92266
496.3542 3.849389
495.3287 3.787441
494.2896 3.731595
493.2798 3.683087
492.2839 3.636783
491.3277 3.593559
490.3416 3.554784
489.334 3.517861
488.3545 3.484746
487.3324 3.451769
486.3351 3.418878
485.3618 3.388322
484.3693 3.356751
483.3813 3.327688
482.3641 3.300154
481.3642 3.271672
480.3489 3.24701
479.3552 3.223326
478.3825 3.19964
477.3781 3.177969
476.3754 3.154593
475.333 3.133239
474.3036 3.113091
473.3287 3.091733
472.3257 3.073016
471.3422 3.05375
470.3633 3.035164
469.3573 3.018054
468.3452 2.998642
467.3318 2.979339
466.3163 2.961019
465.2941 2.94195
464.297 2.925259
463.322 2.908792
462.323 2.890482
461.352 2.875023
460.3667 2.859171
459.3694 2.84287
458.392 2.828006
457.3685 2.811708
456.3276 2.79683
455.3158 2.782094
454.2989 2.767998
453.2988 2.755062
452.3161 2.740189
451.3172 2.726335
450.3206 2.712132
449.3116 2.697106
448.3343 2.683046
447.3445 2.670246
446.3545 2.656622
445.3633 2.643421
444.3231 2.630622
443.32 2.6172
442.2849 2.604301
441.2845 2.592112
440.3117 2.579854
439.3145 2.56625
438.333 2.554444
437.3387 2.543453
436.2998 2.532517
435.312 2.522783
434.3163 2.512906
433.3148 2.499669
432.3572 2.487208
431.3371 2.473675
430.338 2.460239
429.326 2.448538
428.3287 2.437538
427.3307 2.427502
426.3405 2.416618
425.3531 2.407096
424.3444 2.397594
423.3423 2.387964
422.352 2.378806
421.372 2.369283
420.3689 2.358006
419.3581 2.347536
418.3454 2.337909
417.3181 2.328061
416.338 2.318954
415.3418 2.309775
414.3526 2.298695
413.3464 2.288115
412.3255 2.279761
411.3304 2.270941
410.3084 2.26305
409.3276 2.255687
408.3581 2.247027
407.3731 2.237679
406.368 2.228805
405.3618 2.220166
404.3464 2.210448
403.3342 2.202595
402.3754 2.195192
401.3767 2.185226
400.3608 2.176488
399.3592 2.167998
398.3397 2.160316
397.3435 2.154872
396.3578 2.148435
395.3599 2.139625
394.3484 2.129872
393.3029 2.119914
392.2988 2.111667
391.2734 2.104656
390.2466 2.09745
389.2878 2.091262
388.276 2.082981
387.2907 2.075664
386.3087 2.070271
385.2965 2.063036
384.3161 2.058138
383.3401 2.052386
382.3528 2.043812
381.3558 2.035918
380.3358 2.027729
379.3063 2.021947
378.2781 2.016319
377.2599 2.010647
376.2658 2.004148
375.2679 1.99514
374.265 1.986807
373.2676 1.980075
372.2613 1.973257
371.2552 1.966845
370.2895 1.961958
369.2801 1.955153
368.2832 1.949023
367.2838 1.94375
366.2607 1.937465
365.2787 1.931495
364.2771 1.925759
363.2801 1.919951
362.283 1.914102
361.2708 1.909319
360.2711 1.905048
359.2722 1.898879
358.2562 1.892513
357.2923 1.885752
356.2906 1.876648
355.2747 1.869099
354.2869 1.862972
353.2278 1.856196
352.2319 1.850808
351.2395 1.845186
350.2417 1.838462
349.2758 1.830991
348.2507 1.825195
347.2256 1.819968
346.2105 1.81471
345.2121 1.81041
344.2136 1.805015
343.241 1.798079
342.2537 1.791902
341.2336 1.786412
340.2583 1.779539
339.2263 1.773556
338.2368 1.767098
337.2411 1.759675
336.2415 1.752561
335.2713 1.747266
334.2421 1.741481
333.2601 1.736292
332.257 1.73122
331.2479 1.723554
330.2878 1.715976
329.2475 1.708161
328.2275 1.701353
327.2245 1.694801
326.1916 1.68869
325.2184 1.68319
324.2125 1.675824
323.2198 1.6697
322.2278 1.662567
321.2096 1.654408
320.2236 1.647392
319.1949 1.639491
318.1769 1.631025
317.1955 1.623322
316.2086 1.615347
315.2624 1.607772
314.2729 1.601419
313.2659 1.593994
312.2571 1.586297
311.2332 1.576739
310.2395 1.566777
309.2583 1.558445
308.2494 1.548614
307.2279 1.541357
306.248 1.534182
305.2427 1.523284
304.2602 1.513497
303.299 1.502485
302.2825 1.489634
301.2873 1.478605
300.2805 1.466964
299.2512 1.454908
298.2127 1.443814
297.1893 1.432171
296.2001 1.421911
295.1677 1.410728
294.1753 1.399055
293.1806 1.388568
292.1671 1.3739
291.187 1.359052
290.1927 1.345292
289.176 1.328833
288.1661 1.316224
287.1901 1.303923
286.1981 1.288097
285.1591 1.272745
284.1447 1.253664
283.1235 1.235179
282.1391 1.218018
281.2007 1.199756
280.2557 1.182779
279.285 1.162125
278.2739 1.14136
277.2485 1.122472
276.2245 1.099626
275.2092 1.078126
274.2046 1.056448
273.2175 1.031425
272.1808 1.009366
271.1718 .9848387
270.1644 .9592788
269.1622 .9362015
268.1788 .9104794
267.1712 .8847061
266.1686 .855918
265.1514 .8217892
264.1531 .7906857
263.159 .7574905
262.1588 .7255695
261.19 .6966999
260.2008 .6600772
259.2238 .6254083
258.238 .590566
257.2133 .5522217
256.2137 .5161971
255.2147 .4802158
254.2274 .4400303
253.2733 .3994218
252.2547 .3544296
251.2297 .3081189
250.2192 .2612387
249.1718 .2125884
248.172 .1663661
247.172 .114974
246.1523 6.247053E-02
245.1774 .0113965
244.1782 -4.493672E-02
243.1872 -9.864078E-02
242.2152 -.1519478
241.2111 -.2150789
240.2114 -.276673
239.2102 -.3410653
238.1738 -.4093559
237.1551 -.4711529
236.1493 -.5335515
235.1451 -.5990101
234.1396 -.6677029
233.145 -.7389771
232.1635 -.8112067
231.18 -.8883842
230.2041 -.9644262
229.2081 -1.037671
228.1957 -1.123626
227.1934 -1.207519
226.1947 -1.291305
225.1953 -1.383786
224.2108 -1.469173
223.2098 -1.555168
222.1917 -1.64777
221.1911 -1.743271
220.1688 -1.842008
219.1528 -1.942193
218.1727 -2.042296
217.172 -2.138847
216.172 -2.233067
215.1698 -2.336528
214.1651 -2.443133
213.1601 -2.547093
212.1604 -2.663376
211.1785 -2.77695
210.2043 -2.885524
209.2021 -3.005662
208.2106 -3.12114
207.2051 -3.235316
206.2012 -3.351986
205.2131 -3.46395
204.2329 -3.578715
203.2589 -3.695238
202.2457 -3.822445
201.2346 -3.959041
200.2169 -4.093361
199.1559 -4.231813
198.1661 -4.365767
197.1897 -4.48585
196.2032 -4.616437
195.2492 -4.744957
194.2231 -4.871835
193.1832 -5.009586
192.1645 -5.138461
191.1516 -5.268974
190.1556 -5.407043
189.1747 -5.543072
188.1719 -5.683823
187.1531 -5.820273
186.1469 -5.948755
185.1238 -6.076855
184.1261 -6.199229
183.1322 -6.328999
182.1224 -6.462106
181.1584 -6.591325
180.1604 -6.727671
179.1588 -6.85465
178.176 -6.973157
177.1575 -7.099958
176.1595 -7.218308
175.1576 -7.340887
174.1555 -7.471421
173.1565 -7.590151
172.1554 -7.711915
171.163 -7.833032
170.1525 -7.950915
169.1455 -8.070271
168.1345 -8.179856
167.1179 -8.285291
166.1291 -8.381249
165.1634 -8.468619
164.1715 -8.568897
163.194 -8.665855
162.1901 -8.762575
161.1395 -8.868446
160.1281 -8.957418
159.1118 -9.037624
158.0986 -9.119635
157.0915 -9.190535
156.1149 -9.26137
155.108 -9.331185
154.123 -9.396699
153.1524 -9.459094
152.1478 -9.515259
151.145 -9.582739
150.1424 -9.645746
149.1472 -9.699791
148.1398 -9.759885
147.1478 -9.800952
146.1453 -9.83094
145.128 -9.870766
144.1055 -9.899418
143.0898 -9.925822
142.0661 -9.956409
141.0788 -9.97575
140.094 -9.992273
139.1131 -10.00669
138.1065 -10.02038
137.0853 -10.03242
136.0836 -10.035
135.0757 -10.03869
134.109 -10.03492
133.1234 -10.02179
132.1037 -10.01899
131.1065 -10.01068
130.0961 -9.99715
129.1095 -9.987076
128.1261 -9.964105
127.1426 -9.933944
126.1232 -9.905158
125.1034 -9.876987
124.0925 -9.851006
123.0841 -9.824903
122.1014 -9.798386
121.0941 -9.767065
120.11 -9.728492
119.1006 -9.692949
118.1048 -9.653045
117.115 -9.606143
116.117 -9.565257
115.1142 -9.516387
114.1113 -9.463801
113.1243 -9.421551
112.1351 -9.372755
111.1292 -9.325729
110.1053 -9.281729
109.1013 -9.229639
108.0804 -9.17588
107.0884 -9.121101
106.1252 -9.068516
105.125 -9.016266
104.1508 -8.960661
103.1501 -8.906565
102.1536 -8.848189
101.1426 -8.786841
100.1051 -8.734904
99.10376 -8.682579
98.11022 -8.629062
97.08447 -8.58128
96.0752 -8.528408
95.0818 -8.473797
94.0178 -8.420677
93.01718 -8.364651
92.03505 -8.308794
91.03603 -8.251207
90.07661 -8.194455
89.09877 -8.138621
88.0946 -8.081765
87.07858 -8.030756
86.07555 -7.979218
85.08268 -7.925889
84.08075 -7.874818
83.06742 -7.821191
82.07988 -7.766702
81.06845 -7.716862
80.06571 -7.666091
79.08788 -7.615611
78.0578 -7.566544
77.05748 -7.515927
76.07616 -7.467716
75.08982 -7.418766
74.10419 -7.371357
73.0835 -7.32652
72.08055 -7.277596
71.05788 -7.231876
70.07226 -7.185437
69.09917 -7.136938
68.07309 -7.093241
67.07192 -7.049057
66.05127 -7.003495
65.03156 -6.962443
64.05408 -6.918949
63.04469 -6.875981
62.04411 -6.836514
61.0683 -6.794927
60.06584 -6.754656
59.08696 -6.714479
58.10752 -6.67496
57.09372 -6.636415
56.08588 -6.597258
55.07774 -6.561192
54.07068 -6.523358
53.0752 -6.484877
52.07711 -6.449514
51.06227 -6.410936
50.07387 -6.37337
49.04603 -6.339851
48.06656 -6.304433
47.10326 -6.271661
46.08874 -6.240197
45.12021 -6.207782
44.10284 -6.175366
43.09035 -6.144
42.07638 -6.112609
41.02818 -6.079741
40.02815 -6.047958
39.01818 -6.016403
38.03505 -5.984237
37.09725 -5.954093
36.07089 -5.927146
35.06431 -5.899065
34.04658 -5.871628
32.98386 -5.845408
31.98548 -5.815483
31.00254 -5.784888
29.98685 -5.757113
29.01486 -5.728691
28.02217 -5.702053
26.97055 -5.678249
25.98503 -5.653461
24.99472 -5.628443
23.99055 -5.604066
23.04648 -5.579787
22.04982 -5.555244
21.04025 -5.531082
20.08186 -5.50722
19.07332 -5.482739
18.07889 -5.458141
17.10439 -5.435654
16.08271 -5.413047
15.06988 -5.390969
14.07284 -5.370293
13.06333 -5.347972
12.08078 -5.324155
11.10916 -5.301737
10.11938 -5.280228
9.131781 -5.259877
8.124452 -5.241355
7.121826 -5.222032
6.108016 -5.202529
5.124186 -5.182196
4.125831 -5.163028
3.089969 -5.143718
2.08859 -5.123969
1.063547 -5.105227
7.233781E-02 -5.084641
-.8929806 -5.064967
-1.835516 -5.044539
-2.785163 -5.025415
-3.766568 -5.008918
-4.740362 -4.992263
-5.766069 -4.975321
-6.784965 -4.957275
-7.794237 -4.939049
-8.800253 -4.922333
-9.8125 -4.907449
-10.8228 -4.892569
-11.83665 -4.877269
-12.85102 -4.861557
-13.8282 -4.845603
-14.83542 -4.831629
-15.82988 -4.816378
-16.83591 -4.800884
-17.86285 -4.786647
-18.85692 -4.769296
-19.84839 -4.754032
-20.80906 -4.739677
-21.79814 -4.724216
-22.80148 -4.711215
-23.80406 -4.696852
-24.82825 -4.681495
-25.82066 -4.66666
-26.80715 -4.652184
-27.80727 -4.639887
-28.81089 -4.628141
-29.81619 -4.616581
-30.82749 -4.605041
-31.82458 -4.592672
-32.85265 -4.578509
-33.85723 -4.56613
-34.86689 -4.55285
-35.87437 -4.540274
-36.82314 -4.530297
-37.82791 -4.517991
-38.81099 -4.506393
-39.82134 -4.492919
-40.85429 -4.482617
-41.84002 -4.469609
-42.84336 -4.458005
-43.83125 -4.4482
-44.85699 -4.434516
-45.8646 -4.425024
-46.87045 -4.416101
-47.87819 -4.406157
-48.84662 -4.396371
-49.85675 -4.385819
-50.85132 -4.373567
-51.83575 -4.363484
-52.84208 -4.353269
-53.83452 -4.345773
-54.8463 -4.338087
-55.87327 -4.328177
-56.86654 -4.320601
-57.8745 -4.310445
-58.8751 -4.298525
-59.87748 -4.289893
-60.89032 -4.279665
-61.8865 -4.269593
-62.8952 -4.263268
-63.88678 -4.254328
-64.87674 -4.246037
-65.88226 -4.24003
-66.85707 -4.232752
-67.8702 -4.225588
-68.8706 -4.217975
-69.86208 -4.209267
-70.88183 -4.199964
-71.84844 -4.191192
-72.83854 -4.184192
-73.86942 -4.176316
-74.86102 -4.168593
-75.88683 -4.162838
-76.91561 -4.155649
-77.8765 -4.14871
-78.88411 -4.143557
-79.88799 -4.136353
-80.86372 -4.129786
-81.858 -4.123588
-82.86548 -4.117253
-83.87919 -4.112014
-84.88042 -4.106931
-85.90234 -4.102077
-86.91302 -4.096944
-87.90983 -4.0905
-88.90163 -4.08342
-89.89884 -4.078016
-90.86732 -4.071567
-91.84349 -4.067764
-92.85693 -4.064027
-93.86876 -4.058597
-94.89322 -4.054915
-95.8797 -4.049763
-96.8905 -4.044845
-97.89751 -4.039138
-98.8896 -4.032728
-99.47218 -3.991414
-99.52414 -3.94053
-99.07411 -3.883648
-98.1253 -3.819986
-97.12366 -3.786511
-96.11935 -3.757505
-95.12482 -3.730667
-94.12279 -3.705907
-93.1428 -3.681491
-92.1471 -3.658534
-91.14948 -3.63613
-90.16039 -3.616709
-89.12926 -3.597257
-88.12424 -3.578964
-87.11271 -3.563572
-86.11048 -3.546587
-85.12971 -3.531076
-84.15046 -3.516112
-83.16661 -3.499566
-82.16729 -3.483627
-81.1585 -3.467171
-80.1253 -3.451521
-79.11071 -3.437218
-78.11043 -3.42235
-77.1023 -3.409724
-76.11026 -3.39562
-75.09542 -3.381877
-74.0914 -3.370922
-73.09783 -3.358831
-72.11629 -3.348045
-71.14677 -3.337448
-70.15363 -3.323769
-69.15202 -3.311181
-68.15758 -3.298375
-67.11337 -3.286667
-66.12713 -3.276801
-65.12851 -3.264726
-64.13878 -3.252496
-63.16132 -3.240394
-62.14546 -3.228043
-61.15784 -3.21895
-60.11634 -3.210516
-59.0914 -3.200119
-58.08887 -3.190783
-57.08161 -3.179554
-56.10571 -3.168115
-55.11775 -3.158986
-54.09828 -3.149625
-53.07737 -3.140369
-52.05379 -3.131058
-51.06416 -3.121031
-50.05597 -3.111468
-49.07006 -3.10214
-48.09787 -3.094089
-47.08878 -3.085578
-46.11427 -3.076199
-45.13226 -3.06813
-44.11496 -3.059021
-43.09936 -3.049282
-42.09705 -3.04022
-41.07576 -3.030064
-40.08583 -3.02005
-39.09846 -3.012035
-38.09775 -3.003674
-37.09943 -2.996524
-36.09015 -2.988926
-35.08969 -2.980767
-34.08319 -2.972958
-33.07167 -2.964072
-32.08151 -2.954814
-31.0974 -2.944374
-30.07355 -2.934192
-29.06701 -2.925889
-28.05248 -2.918406
-27.05756 -2.910037
-26.0987 -2.903441
-25.11151 -2.894815
-24.14803 -2.887256
-23.14556 -2.88125
-22.13042 -2.872331
-21.1196 -2.86448
-20.08892 -2.856315
-19.08279 -2.847136
-18.08314 -2.839105
-17.09628 -2.830447
-16.09308 -2.822187
-15.08339 -2.814825
-14.08605 -2.806237
-13.06669 -2.799741
-12.07521 -2.791308
-11.07167 -2.781742
-10.04719 -2.775549
-9.068566 -2.766758
-8.04781 -2.759055
-7.053693 -2.752984
-6.060206 -2.743629
-5.033236 -2.736193
-4.033967 -2.72999
-3.02938 -2.721237
-2.058661 -2.714067
-1.087842 -2.70556
-.1222414 -2.696762
.8446225 -2.690629
1.826376 -2.683026
2.807481 -2.67556
3.793605 -2.666205
4.816704 -2.656596
5.859928 -2.648364
6.865195 -2.639744
7.880882 -2.632492
8.885901 -2.625294
9.865245 -2.616336
10.84593 -2.606652
11.82521 -2.598268
12.80145 -2.58877
13.80102 -2.580904
14.82993 -2.57365
15.84032 -2.564723
16.84728 -2.556124
17.82917 -2.547152
18.82799 -2.53967
19.82392 -2.53135
20.82289 -2.521937
21.80738 -2.513717
22.81039 -2.502028
23.82674 -2.4923
24.82083 -2.484399
25.85509 -2.475175
26.86717 -2.467943
27.83347 -2.459705
28.84622 -2.44951
29.823 -2.439707
30.79007 -2.429308
31.79394 -2.418123
32.77351 -2.407132
33.76418 -2.394511
34.77439 -2.383293
35.8075 -2.373037
36.82727 -2.362914
37.8461 -2.354734
38.83289 -2.343864
39.80418 -2.332601
40.80746 -2.322061
41.79519 -2.309676
42.79301 -2.297241
43.81054 -2.283418
44.81237 -2.269662
45.82114 -2.255425
46.8455 -2.241376
47.86628 -2.229023
48.87209 -2.215362
49.89737 -2.201927
50.87714 -2.19063
51.84449 -2.178264
52.83725 -2.164008
53.84586 -2.150335
54.8327 -2.134231
55.85049 -2.117316
56.84175 -2.101646
57.82475 -2.084928
58.84301 -2.06826
59.83784 -2.048932
60.83641 -2.031239
61.81546 -2.013347
62.8227 -1.994718
63.81174 -1.978174
64.82328 -1.960084
65.84361 -1.939322
66.83982 -1.920718
67.85649 -1.901729
68.85265 -1.879837
69.84057 -1.86007
70.84937 -1.837228
71.87036 -1.811027
72.85812 -1.785927
73.87437 -1.760387
74.87239 -1.735976
75.85785 -1.712389
76.83324 -1.687876
77.80901 -1.66261
78.8147 -1.634031
79.81803 -1.606519
80.84894 -1.579176
81.8858 -1.546963
82.87387 -1.51751
83.8706 -1.484794
84.88348 -1.449524
85.85744 -1.417173
86.86269 -1.382508
87.84143 -1.349748
88.8369 -1.316887
89.84669 -1.280135
90.83081 -1.242915
91.83678 -1.201951
92.81879 -1.15939
93.80261 -1.117825
94.83218 -1.072904
95.8303 -1.028376
96.85471 -.9825113
97.8795 -.9308235
98.89574 -.884629
99.91389 -.8362856
100.9069 -.7875676
101.9015 -.7440786
102.8684 -.6921004
103.8845 -.6376777
104.9063 -.5827566
105.9142 -.5233425
106.9255 -.4650381
107.8935 -.4085697
108.8511 -.348164
109.8282 -.2841808
110.8289 -.2152731
111.8428 -.1474948
112.8435 -7.963679E-02
113.8705 -9.230237E-03
114.8746 5.587899E-02
115.877 .1285376
116.8846 .206608
117.8526 .278151
118.8286 .3555955
119.8383 .435443
120.8367 .5120856
121.8574 .6004074
122.8735 .6915196
123.8629 .7828389
124.8757 .8731068
125.8761 .9599436
126.91 1.047269
127.9062 1.132633
128.9063 1.22531
129.8922 1.328204
130.8534 1.424801
131.8511 1.528394
132.8376 1.638107
133.8512 1.739163
134.8488 1.851189
135.8743 1.966206
136.8783 2.071792
137.8752 2.183374
138.8544 2.293101
139.815 2.40234
140.8213 2.518296
141.826 2.637865
142.8533 2.766385
143.8626 2.892009
144.8708 3.01677
145.855 3.145648
146.8577 3.268474
147.862 3.396677
148.8507 3.534619
149.8678 3.66509
150.8611 3.794282
151.8915 3.923817
152.9057 4.046547
153.9162 4.176488
154.9075 4.30967
155.8955 4.445867
156.8946 4.580871
157.882 4.712379
158.8961 4.854096
159.8931 4.990547
160.8875 5.130443
161.9002 5.280267
162.9037 5.410337
163.9058 5.542232
164.8946 5.675997
165.8681 5.798059
166.8714 5.930315
167.8568 6.071501
168.8937 6.209998
169.919 6.350173
170.9541 6.486871
171.9591 6.616942
172.9503 6.743554
173.9283 6.87114
174.8931 7.003168
175.9167 7.125044
176.8911 7.243786
177.918 7.368167
178.9129 7.479079
179.889 7.596435
180.9032 7.719609
181.8851 7.826093
182.8737 7.93566
183.8773 8.041626
184.8816 8.140825
185.8979 8.245951
186.94 8.350701
187.9605 8.457575
188.9781 8.55663
189.9996 8.64571
190.9827 8.732859
191.9564 8.809017
192.9524 8.883954
193.9319 8.966924
194.9428 9.036674
195.9585 9.105873
196.967 9.178256
197.9721 9.238569
198.9727 9.306936
199.9576 9.372017
200.9615 9.424978
201.9638 9.473106
202.9606 9.506577
203.9893 9.534
204.9796 9.560183
205.9721 9.584768
206.951 9.617388
207.9339 9.644486
208.9339 9.668746
209.9365 9.693797
210.9735 9.703682
212.0023 9.713753
212.9832 9.722837
213.9752 9.719524
214.9539 9.719567
215.9366 9.714762
216.9616 9.703349
217.9585 9.69681
218.9659 9.687616
219.9739 9.676854
220.9511 9.661381
221.9348 9.638409
222.9118 9.614226
223.9141 9.584343
224.9278 9.556746
225.9644 9.532781
226.9835 9.49628
227.9755 9.462783
228.9822 9.427746
229.9648 9.380672
230.9611 9.342722
231.9647 9.301846
232.9343 9.253357
233.916 9.208397
234.9022 9.161741
235.8808 9.112911
236.9001 9.066248
237.915 9.018965
238.9449 8.97439
239.9681 8.922967
240.9723 8.87126
241.9809 8.819077
242.9602 8.75719
243.947 8.701454
244.9515 8.648777
245.952 8.591431
246.9345 8.541437
247.9398 8.490957
248.9553 8.43514
249.9708 8.382314
251.0203 8.327235
252.0104 8.270778
252.9979 8.212791
253.9638 8.153828
254.9629 8.097215
255.9794 8.039173
256.9764 7.98605
258.0149 7.936827
258.9907 7.882661
259.9827 7.830792
260.9838 7.77953
261.9622 7.722081
262.9647 7.669182
263.9681 7.616464
264.966 7.563646
265.9726 7.513473
266.9632 7.462501
267.9636 7.413458
268.9467 7.364638
269.965 7.316751
270.9792 7.271762
272.0002 7.22386
272.9975 7.176759
273.9994 7.130916
274.9893 7.082211
275.9701 7.037144
276.9998 6.992969
277.9662 6.947612
278.9921 6.905709
279.9819 6.86277
280.9668 6.820138
281.9666 6.77845
282.9444 6.735601
283.9405 6.695773
284.9279 6.656796
285.9356 6.61749
286.9352 6.580745
287.9464 6.542261
288.9879 6.503583
290.0053 6.467587
291.0242 6.43069
292.013 6.393197
292.9782 6.358894
293.9356 6.32171
294.9034 6.288194
295.9135 6.256191
296.8986 6.223496
297.9139 6.193689
298.9493 6.161614
299.9506 6.12979
300.9587 6.097964
301.9684 6.066884
302.9615 6.038586
303.9702 6.010121
305.0033 5.981042
306.0241 5.952688
307.0257 5.92183
308.0251 5.893831
308.9983 5.867323
309.9659 5.839314
310.9842 5.81439
311.9995 5.788043
313.0052 5.760607
314.025 5.735276
314.9885 5.710353
315.9937 5.686155
317.0002 5.663689
318.0063 5.641112
319.0273 5.618748
320.0165 5.596066
321.0298 5.57444
322.0228 5.553139
323.0313 5.530978
324.0474 5.509986
325.0328 5.488486
326.0404 5.466505
327.0312 5.445459
328.0298 5.426769
329.0449 5.407368
330.0533 5.388919
331.0464 5.370847
332.0182 5.351275
333.0075 5.331238
333.9967 5.313084
335.0124 5.297847
336.0115 5.279623
337.0074 5.263487
338.0147 5.24719
339.0059 5.227153
340.001 5.211465
341.0145 5.196863
342.0081 5.18006
343.0213 5.164467
344.0332 5.148596
345.0262 5.13148
346.0353 5.117028
346.992 5.104249
348.0157 5.091931
349.0388 5.078496
350.0333 5.063718
351.0605 5.049454
352.0778 5.034379
353.0707 5.020777
354.0874 5.008871
355.0905 4.995315
356.0563 4.981309
357.0523 4.968565
358.0474 4.955663
359.0481 4.943213
360.0691 4.931792
361.0729 4.91895
362.0627 4.906664
363.0673 4.894528
364.0439 4.882217
365.026 4.871365
366.0504 4.86004
367.0737 4.849896
368.0852 4.840493
369.0907 4.831428
370.0842 4.82209
371.0503 4.812353
372.045 4.802322
373.0523 4.792073
374.0319 4.782113
375.0431 4.772005
376.0482 4.761456
377.063 4.751512
378.0589 4.743263
379.085 4.735419
380.1121 4.728962
381.1266 4.720835
382.1503 4.711533
383.1329 4.701895
384.1061 4.692465
385.0624 4.686113
386.0609 4.679812
387.0323 4.671194
388.0223 4.663013
389.0529 4.653869
390.0442 4.644223
391.0745 4.638959
392.0952 4.632892
393.0984 4.626002
394.1027 4.619344
395.1009 4.611655
396.1069 4.605141
397.0916 4.600419
398.1036 4.595911
399.1127 4.590415
400.0995 4.583193
401.112 4.575455
402.1109 4.569539
403.116 4.562891
404.1284 4.558359
405.1437 4.553837
406.1543 4.548426
407.1658 4.54473
408.1567 4.540616
409.1439 4.536389
410.1329 4.532047
411.1248 4.527072
412.1406 4.521811
413.1323 4.515454
414.1247 4.509015
415.1122 4.504911
416.1248 4.500424
417.1083 4.498021
418.128 4.49785
419.1282 4.493752
420.1225 4.490982
421.1451 4.488444
422.1501 4.482997
423.1604 4.480173
424.1438 4.47786
425.1341 4.473375
426.0992 4.470451
427.1006 4.467857
428.1049 4.465697
429.1172 4.465401
430.1305 4.464326
431.1236 4.464842
432.1372 4.462799
433.0987 4.458835
434.0955 4.458192
435.0999 4.454726
436.0797 4.452222
437.1245 4.452804
438.1327 4.450256
439.1132 4.448599
440.1036 4.448136
441.0942 4.4459
442.0901 4.444903
443.0967 4.444015
444.1161 4.442324
445.1021 4.440721
446.0896 4.438697
447.0954 4.437139
448.0804 4.435628
449.0894 4.433134
450.103 4.432984
451.1112 4.430518
452.1087 4.428052
453.0954 4.426846
454.0894 4.423365
455.079 4.422038
456.1063 4.421004
457.1326 4.418482
458.135 4.416649
459.1619 4.413958
460.144 4.408916
461.133 4.404561
462.1315 4.398362
463.0932 4.391158
464.0948 4.384111
465.1152 4.37707
466.124 4.370637
467.1462 4.362742
468.1437 4.354521
469.1108 4.346234
470.1151 4.335919
471.0952 4.32659
472.0924 4.318088
473.1064 4.307541
474.1019 4.295609
475.1339 4.283871
476.1359 4.270489
477.1329 4.256761
478.134 4.242474
479.119 4.228077
480.1237 4.212408
481.1429 4.197958
482.1673 4.186278
483.1732 4.171855
484.1627 4.158709
485.1504 4.144404
486.135 4.127527
487.1332 4.112315
488.1341 4.09683
489.1561 4.081206
490.1234 4.067341
491.1085 4.053432
492.1028 4.040135
493.0854 4.0275
494.1085 4.014668
495.1132 4.002939
496.1447 3.98943
497.1428 3.975991
498.1582 3.962497
498.7555 3.903939
498.8281 3.828049
498.4112 3.738554
497.4829 3.636149
496.4786 3.570081
495.4832 3.514581
494.4595 3.465929
493.4615 3.423999
492.4633 3.3847
491.4579 3.348176
490.4706 3.313194
489.4555 3.279625
488.4466 3.249032
487.442 3.220507
486.4449 3.194299
485.4688 3.170267
484.4904 3.144913
483.5007 3.119983
482.5065 3.096387
481.4967 3.070991
480.459 3.048579
479.4551 3.027759
478.46 3.006212
477.484 2.986959
476.4799 2.967869
475.4585 2.949871
474.4576 2.932604
473.418 2.915772
472.4518 2.898834
471.4612 2.880129
470.4552 2.861898
469.491 2.844776
468.4813 2.827803
467.4538 2.813597
466.4807 2.801031
465.5004 2.784718
464.4791 2.769275
463.5382 2.753174
462.5249 2.735665
461.4744 2.722431
460.4763 2.708442
459.4614 2.69447
458.4594 2.680673
457.4763 2.666089
456.5111 2.653008
455.5064 2.639556
454.4798 2.626977
453.4431 2.616019
452.4199 2.602399
451.3998 2.588725
450.4154 2.575907
449.4345 2.562251
448.4449 2.552467
447.4726 2.544169
446.4688 2.533732
445.4796 2.521897
444.4661 2.507757
443.4406 2.493136
442.4423 2.479922
441.4404 2.468337
440.4495 2.458063
439.4324 2.44707
438.4126 2.436365
437.3968 2.426665
436.3969 2.41572
435.4222 2.405925
434.4482 2.397386
433.4781 2.386598
432.4574 2.376735
431.4561 2.365647
430.4597 2.354368
429.4345 2.34464
428.4502 2.336047
427.4513 2.326405
426.4282 2.315726
425.4432 2.305453
424.4585 2.293871
423.4536 2.285402
422.4825 2.27666
421.4805 2.267926
420.4814 2.259386
419.4985 2.248888
418.4907 2.239965
417.4671 2.230223
416.4459 2.221758
415.4325 2.21435
414.416 2.206429
413.4207 2.199346
412.4339 2.190801
411.4376 2.183167
410.4625 2.175784
409.5069 2.167625
408.5151 2.160968
407.5075 2.151601
406.501 2.142574
405.4857 2.133156
404.4638 2.123267
403.4745 2.11553
402.4707 2.107913
401.4676 2.100498
400.4684 2.092821
399.4402 2.085427
398.4323 2.078128
397.4113 2.071692
396.4196 2.066035
395.4307 2.058775
394.4127 2.05099
393.4197 2.0445
392.3885 2.037393
391.3848 2.031476
390.3871 2.025017
389.3869 2.018403
388.3634 2.011581
387.3637 2.005356
386.3738 2.000933
385.3732 1.993649
384.4071 1.987802
383.4247 1.982952
382.4316 1.976452
381.4503 1.97048
380.4543 1.962924
379.4153 1.955029
378.4131 1.947227
377.3856 1.941592
376.4045 1.937295
375.4497 1.931821
374.4319 1.927253
373.4399 1.922239
372.4336 1.9165
371.3893 1.910406
370.396 1.904382
369.3852 1.897287
368.3694 1.890072
367.3873 1.883894
366.3898 1.878257
365.3887 1.874656
364.4036 1.870826
363.4179 1.866967
362.4342 1.861089
361.4354 1.855332
360.4341 1.850008
359.4302 1.844587
358.4115 1.839425
357.4057 1.83456
356.3947 1.829583
355.3862 1.82415
354.3937 1.819368
353.3814 1.812291
352.3845 1.806261
351.3806 1.799953
350.3698 1.792977
349.3655 1.78754
348.3631 1.781247
347.3494 1.776727
346.338 1.772244
345.3211 1.767949
344.3362 1.76384
343.3273 1.758062
342.3236 1.752997
341.3513 1.747494
340.3133 1.741341
339.3479 1.735921
338.354 1.731744
337.3492 1.726793
336.3808 1.722253
335.3651 1.716532
334.3648 1.708584
333.3681 1.701427
332.3532 1.693822
331.36 1.687469
330.3685 1.681783
329.3737 1.674583
328.3806 1.669596
327.3901 1.662565
326.4043 1.656684
325.3994 1.652399
324.403 1.645615
323.3877 1.6399
322.3615 1.633449
321.3569 1.625267
320.3302 1.619273
319.3433 1.614093
318.3582 1.607516
317.3716 1.600984
316.4047 1.592123
315.3565 1.582074
314.34 1.572776
313.3515 1.564197
312.3286 1.556675
311.3793 1.5474
310.3957 1.537695
309.4069 1.528235
308.4244 1.517621
307.426 1.509699
306.4359 1.50258
305.4413 1.493656
304.454 1.484322
303.4449 1.473922
302.4155 1.462647
301.3679 1.452359
300.3665 1.443402
299.3521 1.43294
298.3732 1.420598
297.3738 1.407326
296.3373 1.393228
295.3409 1.379613
294.3296 1.366918
293.3461 1.355044
292.331 1.340855
291.3214 1.326127
290.2829 1.31209
289.2787 1.296275
288.2762 1.281256
287.2863 1.267207
286.3287 1.251619
285.3323 1.23673
284.3264 1.220708
283.334 1.204089
282.336 1.186328
281.3251 1.167942
280.3492 1.149881
279.3371 1.128783
278.3215 1.107081
277.3402 1.08605
276.3277 1.063337
275.3333 1.042026
274.3564 1.021838
273.3209 .9978659
272.3308 .9741244
271.3174 .9485315
270.2827 .9204906
269.2879 .8948657
268.2885 .8680115
267.2876 .8406268
266.3307 .8131371
265.3375 .7832836
264.3406 .7535758
263.3384 .7221177
262.3141 .6899047
261.3021 .6576309
260.3207 .6204455
259.3226 .584649
258.3158 .5477176
257.3136 .5088142
256.3279 .4733781
255.3387 .4358642
254.3474 .3954629
253.3844 .354199
252.3666 .3081701
251.3525 .2599913
250.3394 .2109882
249.3024 .1609787
248.2885 .1129768
247.2753 6.122053E-02
246.2844 1.008149E-02
245.2979 -3.921377E-02
244.2704 -9.531207E-02
243.2697 -.1475902
242.2843 -.2004638
241.2839 -.2638237
240.3017 -.3267267
239.3302 -.3909371
238.2836 -.4581354
237.277 -.5207602
236.2656 -.5857906
235.2526 -.651745
234.2797 -.7223631
233.2834 -.794297
232.2991 -.8649722
231.2888 -.9432862
230.2901 -1.019339
229.311 -1.093753
228.3105 -1.178636
227.3214 -1.259502
226.3203 -1.34223
225.3174 -1.432856
224.3213 -1.518645
223.3179 -1.607718
222.3233 -1.703092
221.3059 -1.799031
220.2854 -1.898896
219.2836 -1.998827
218.2842 -2.09796
217.3136 -2.197172
216.3502 -2.29214
215.3643 -2.395353
214.3702 -2.502671
213.3435 -2.607179
212.3214 -2.722035
211.3257 -2.833566
210.3142 -2.944273
209.3193 -3.062262
208.3277 -3.17725
207.3344 -3.293793
206.3319 -3.412361
205.3299 -3.526204
204.3517 -3.642008
203.3367 -3.761309
202.3351 -3.886818
201.3387 -4.021294
200.3318 -4.157907
199.3298 -4.295928
198.3545 -4.429648
197.358 -4.553795
196.3526 -4.685635
195.3501 -4.813636
194.3455 -4.940309
193.3185 -5.078718
192.2754 -5.204623
191.2735 -5.33246
190.2404 -5.469979
189.2567 -5.602862
188.2851 -5.744704
187.2861 -5.885996
186.2872 -6.020149
185.2936 -6.150673
184.2935 -6.275064
183.3004 -6.40614
182.3272 -6.537771
181.2947 -6.665225
180.2979 -6.801809
179.2982 -6.928543
178.2947 -7.047466
177.3159 -7.177554
176.3206 -7.300014
175.3309 -7.420821
174.2966 -7.546632
173.3111 -7.664093
172.3168 -7.778961
171.3055 -7.895978
170.3134 -8.015142
169.3067 -8.134564
168.2882 -8.246653
167.2741 -8.357693
166.2891 -8.458026
165.3011 -8.545632
164.2891 -8.646594
163.2732 -8.744165
162.259 -8.838926
161.2467 -8.943227
160.2654 -9.033757
159.2917 -9.116586
158.287 -9.19993
157.2676 -9.275397
156.2516 -9.346633
155.2501 -9.412605
154.2437 -9.474313
153.2735 -9.533837
152.2906 -9.587593
151.2762 -9.651007
150.2771 -9.716094
149.2603 -9.77086
148.2366 -9.830589
147.2356 -9.877618
146.2622 -9.909118
145.2634 -9.946275
144.2701 -9.974012
143.2715 -10.00012
142.2641 -10.0275
141.2625 -10.04826
140.2876 -10.06654
139.2984 -10.08014
138.2899 -10.09439
137.2831 -10.10735
136.2705 -10.10941
135.2708 -10.10991
134.2848 -10.10447
133.2741 -10.09044
132.267 -10.08489
131.2251 -10.07667
130.2209 -10.0651
129.2297 -10.05513
128.2197 -10.03396
127.24 -10.00616
126.2432 -9.977871
125.2197 -9.947021
124.2226 -9.919012
123.2258 -9.890623
122.2086 -9.859344
121.2374 -9.828493
120.2212 -9.790664
119.2157 -9.755315
118.2026 -9.717432
117.1898 -9.67027
116.2154 -9.626935
115.202 -9.576173
114.2222 -9.523156
113.2423 -9.480705
112.2403 -9.433352
111.2576 -9.389136
110.252 -9.345519
109.2308 -9.293859
108.1968 -9.242282
107.2189 -9.187123
106.2127 -9.131134
105.2066 -9.076437
104.2484 -9.018842
103.2467 -8.964209
102.264 -8.907909
101.3052 -8.851126
100.3067 -8.800451
99.30093 -8.746062
98.28986 -8.691626
97.23845 -8.63959
96.21262 -8.582351
95.21249 -8.527964
94.22815 -8.474984
93.23051 -8.421018
92.2287 -8.367552
91.23531 -8.312092
90.21786 -8.257119
89.23633 -8.200853
88.2464 -8.144215
87.22635 -8.092854
86.20016 -8.041195
85.2032 -7.987839
84.20274 -7.936867
83.21145 -7.881858
82.21726 -7.827562
81.19632 -7.7757
80.17224 -7.724371
79.15342 -7.673249
78.16111 -7.622037
77.14694 -7.572522
76.16579 -7.522227
75.16598 -7.472577
74.18059 -7.424262
73.20364 -7.378468
72.20201 -7.331504
71.21156 -7.287149
70.2048 -7.242604
69.20613 -7.195799
68.22049 -7.152531
67.20826 -7.107158
66.19955 -7.061244
65.21609 -7.017533
64.20331 -6.971126
63.21289 -6.928258
62.24849 -6.886606
61.24008 -6.845438
60.23576 -6.805941
59.20252 -6.764949
58.18795 -6.725724
57.17435 -6.68801
56.18556 -6.649412
55.23709 -6.61253
54.19986 -6.574893
53.21896 -6.53567
52.21422 -6.498862
51.19043 -6.462381
50.23358 -6.426802
49.23513 -6.393464
48.20995 -6.359308
47.21065 -6.324056
46.19292 -6.290467
45.18087 -6.255398
44.20435 -6.220493
43.22062 -6.188198
42.22296 -6.154952
41.21386 -6.12394
40.21414 -6.094362
39.18308 -6.064556
38.17188 -6.035215
37.19099 -6.005045
36.18753 -5.975311
35.18911 -5.945498
34.20021 -5.915327
33.16146 -5.887169
32.16636 -5.858007
31.18843 -5.829361
30.19278 -5.803315
29.21439 -5.776888
28.20639 -5.750636
27.22014 -5.725577
26.20066 -5.698218
25.22316 -5.67164
24.22398 -5.645439
23.22316 -5.620295
22.244 -5.597022
21.2221 -5.573369
20.21771 -5.552479
19.20404 -5.529314
18.20919 -5.505433
17.20987 -5.483702
16.22384 -5.45929
15.20485 -5.435915
14.18094 -5.413256
13.18762 -5.388911
12.19119 -5.366621
11.21256 -5.346349
10.24066 -5.327154
9.234363 -5.308159
8.218859 -5.287773
7.206794 -5.265841
6.199764 -5.242878
5.22509 -5.222087
4.222098 -5.20346
3.220188 -5.186003
2.233299 -5.169057
1.230574 -5.151295
.2247075 -5.132855
-.7437849 -5.113686
-1.722913 -5.093889
-2.709718 -5.075623
-3.655062 -5.057271
-4.642532 -5.039072
-5.617871 -5.022135
-6.619283 -5.005477
-7.626661 -4.98814
-8.622557 -4.972319
-9.665813 -4.95727
-10.63623 -4.938833
-11.64119 -4.92178
-12.64368 -4.903934
-13.64459 -4.886524
-14.6595 -4.873037
-15.65058 -4.860059
-16.66172 -4.847604
-17.6833 -4.83388
-18.70358 -4.818511
-19.73189 -4.80398
-20.73616 -4.789079
-21.705 -4.775346
-22.70566 -4.760803
-23.70703 -4.745706
-24.70231 -4.731318
-25.7041 -4.715847
-26.69664 -4.701674
-27.69401 -4.689436
-28.68072 -4.675941
-29.68522 -4.662423
-30.69887 -4.648942
-31.68758 -4.634345
-32.70068 -4.621848
-33.7057 -4.610628
-34.70374 -4.599865
-35.69332 -4.588319
-36.70008 -4.577272
-37.70104 -4.564684
-38.69238 -4.55274
-39.69366 -4.541961
-40.69604 -4.530063
-41.69385 -4.519938
-42.69332 -4.50829
-43.68364 -4.497189
-44.68464 -4.485191
-45.67661 -4.473182
-46.69049 -4.463597
-47.70749 -4.451625
-48.69662 -4.441817
-49.6987 -4.43162
-50.68316 -4.419499
-51.66352 -4.410217
-52.66197 -4.400314
-53.64112 -4.391754
-54.62597 -4.383952
-55.62561 -4.373477
-56.63042 -4.364704
-57.70459 -4.354567
-58.72726 -4.343996
-59.77139 -4.337106
-60.7971 -4.328498
-61.75731 -4.319329
-62.77431 -4.311174
-63.77051 -4.301731
-64.75234 -4.291921
-65.76208 -4.284638
-66.74885 -4.276133
-67.74828 -4.266375
-68.74082 -4.258093
-69.75697 -4.24891
-70.77235 -4.240632
-71.76426 -4.234276
-72.78116 -4.227708
-73.7602 -4.221392
-74.76268 -4.213882
-75.76183 -4.206085
-76.77351 -4.197212
-77.77968 -4.189476
-78.75952 -4.183616
-79.74111 -4.176928
-80.74316 -4.170856
-81.75172 -4.164615
-82.76025 -4.157619
-83.75876 -4.149769
-84.7222 -4.14321
-85.73634 -4.13615
-86.74027 -4.129954
-87.76117 -4.124413
-88.78699 -4.118706
-89.78138 -4.114096
-90.77724 -4.107967
-91.77245 -4.104213
-92.77885 -4.099288
-93.759 -4.093506
-94.76124 -4.088769
-95.76934 -4.081751
-96.74887 -4.076448
-97.76361 -4.071679
