-100.3238 -2.713651
-100.1081 -2.698519
-99.63823 -2.677735
-98.93842 -2.652904
-97.98802 -2.624121
-96.97388 -2.609755
-95.96246 -2.59774
-94.95723 -2.586354
-93.91455 -2.574435
-92.88861 -2.561831
-91.89057 -2.549521
-90.8775 -2.538808
-89.88065 -2.529589
-88.90294 -2.518996
-87.91978 -2.507315
-86.9368 -2.496915
-85.95506 -2.486907
-84.95905 -2.478369
-83.93554 -2.470638
-82.91859 -2.460884
-81.90159 -2.451948
-80.89386 -2.442325
-79.90352 -2.435039
-78.89742 -2.428369
-77.90084 -2.419997
-76.91798 -2.412187
-75.91588 -2.404407
-74.90819 -2.396194
-73.91866 -2.389371
-72.91241 -2.382034
-71.927 -2.37262
-70.93512 -2.365501
-69.92716 -2.358567
-68.93767 -2.352193
-67.92932 -2.345769
-66.93987 -2.33778
-65.94833 -2.3296
-64.93729 -2.321907
-63.95652 -2.315489
-62.9317 -2.309224
-61.92618 -2.301604
-60.91246 -2.293844
-59.88838 -2.285789
-58.88274 -2.278584
-57.86644 -2.273673
-56.88572 -2.268906
-55.88605 -2.263298
-54.88301 -2.256672
-53.89516 -2.249861
-52.89863 -2.243368
-51.87156 -2.238176
-50.89069 -2.233093
-49.91287 -2.22736
-48.88097 -2.219904
-47.89639 -2.213335
-46.90303 -2.207563
-45.87784 -2.201554
-44.91912 -2.198199
-43.93045 -2.192985
-42.89698 -2.187317
-41.89692 -2.182379
-40.87977 -2.176337
-39.88371 -2.170557
-38.89805 -2.165258
-37.87382 -2.15894
-36.85594 -2.152655
-35.83588 -2.146528
-34.839 -2.140638
-33.85271 -2.135723
-32.8744 -2.130579
-31.88258 -2.126318
-30.86935 -2.120416
-29.85918 -2.114112
-28.8476 -2.109188
-27.84044 -2.102629
-26.86154 -2.097292
-25.88316 -2.09205
-24.88404 -2.085844
-23.90614 -2.080378
-22.89886 -2.0746
-21.90294 -2.069109
-20.91086 -2.064031
-19.89431 -2.059059
-18.89366 -2.054152
-17.88756 -2.04881
-16.86304 -2.042826
-15.85421 -2.037105
-14.83113 -2.031202
-13.80924 -2.025688
-12.81433 -2.021131
-11.82977 -2.016134
-10.823 -2.009084
-9.822703 -2.003014
-8.817452 -1.996452
-7.79565 -1.991039
-6.821074 -1.987899
-5.830414 -1.982692
-4.810124 -1.976574
-3.829782 -1.971752
-2.837178 -1.967021
-1.866591 -1.962633
-.9050453 -1.957614
8.048055E-02 -1.95126
1.068532 -1.943606
2.072304 -1.935496
3.080531 -1.930558
4.078121 -1.924369
5.059127 -1.919382
6.061686 -1.915758
7.021071 -1.909515
8.026073 -1.903315
9.041162 -1.897001
10.02549 -1.889475
11.03154 -1.883409
12.01326 -1.876963
13.00575 -1.870333
13.99413 -1.864076
14.98029 -1.856214
15.97541 -1.849121
16.95035 -1.842932
17.98042 -1.836272
18.99324 -1.82988
20.01579 -1.823883
21.047 -1.815667
22.04967 -1.809231
23.05806 -1.802047
24.04 -1.794553
25.00936 -1.787564
25.9894 -1.779315
26.98195 -1.771286
27.99744 -1.762176
29.01419 -1.755281
30.01432 -1.747178
31.02986 -1.738896
32.00793 -1.731645
33.00169 -1.723063
33.99434 -1.71367
34.98923 -1.705811
35.99741 -1.696459
37.01791 -1.685673
38.02906 -1.6786
39.03345 -1.667428
40.03564 -1.657016
41.04583 -1.648209
42.05263 -1.637188
43.02797 -1.629177
44.0346 -1.61919
45.02667 -1.608154
46.03195 -1.596155
47.07137 -1.582197
48.07241 -1.570158
49.06812 -1.55783
50.06205 -1.545798
51.04728 -1.535452
52.05389 -1.522992
53.05647 -1.50959
54.04972 -1.497118
55.04441 -1.483168
56.0274 -1.470134
57.01698 -1.456054
58.01426 -1.439495
59.00944 -1.423512
60.0222 -1.405755
61.02682 -1.390065
62.0056 -1.376167
63.0117 -1.359672
64.01481 -1.343009
65.00035 -1.323837
66.0351 -1.301679
67.02776 -1.283284
68.03188 -1.264904
69.06599 -1.245702
70.05522 -1.228217
71.07759 -1.205691
72.08002 -1.183308
73.06684 -1.161413
74.07503 -1.13733
75.05903 -1.116553
76.05882 -1.09107
77.05092 -1.065007
78.05253 -1.039389
79.03748 -1.010639
80.02292 -.986393
81.01981 -.9604559
82.01582 -.9312361
83.00816 -.9044729
83.99847 -.8725693
85.01318 -.8388636
86.01778 -.8069279
87.02283 -.7715291
88.04973 -.7360766
89.04895 -.7025008
90.05054 -.6647859
91.08714 -.6277341
92.07634 -.5906727
93.08349 -.5517172
94.08205 -.5137517
95.05452 -.4718239
96.05786 -.4290898
97.04879 -.3824393
98.06644 -.3301248
99.08891 -.2835957
100.0916 -.2357507
101.0703 -.1877939
102.0496 -.1438887
103.0414 -9.310246E-02
104.0389 -3.928832E-02
105.0613 1.303745E-02
106.0552 6.999134E-02
107.0647 .1281943
108.0459 .1877185
109.0325 .24959
110.0263 .3131085
111.0237 .3814555
112.0479 .4439702
113.0766 .5088376
114.1048 .5807559
115.0661 .6446576
116.0601 .7178415
117.0452 .7977358
118.0371 .8703658
119.0527 .949688
120.0532 1.031113
121.0453 1.108588
122.0387 1.191921
123.0467 1.27705
124.0471 1.364856
125.0644 1.45137
126.0506 1.53913
127.0708 1.632415
128.08 1.722686
129.0621 1.818642
130.1017 1.923853
131.0747 2.018923
132.0453 2.117269
133.0545 2.220109
134.0268 2.316211
135.0174 2.424752
136.056 2.539967
137.0584 2.656039
138.0705 2.775742
139.0816 2.891365
140.069 3.00397
141.0826 3.117735
142.0681 3.230277
143.0988 3.352581
144.0728 3.473257
145.0735 3.593586
146.0887 3.726232
147.0608 3.850965
148.0877 3.985555
149.0748 4.126255
150.0842 4.254673
151.0909 4.386104
152.1044 4.510821
153.0774 4.629354
154.063 4.758393
155.0843 4.888182
156.074 5.024028
157.0883 5.164601
158.0709 5.300728
159.0417 5.439568
160.0197 5.569666
161.0067 5.703207
162.0307 5.845582
163.0511 5.977408
164.0529 6.118312
165.0441 6.255351
166.017 6.379462
167.0136 6.516835
168.0254 6.656826
169.0788 6.791256
170.094 6.929485
171.0921 7.06114
172.1033 7.190507
173.1016 7.318994
174.1149 7.450176
175.1207 7.585889
176.1318 7.70765
177.1207 7.82823
178.1066 7.95066
179.0902 8.054089
180.0732 8.167207
181.0891 8.292967
182.0872 8.399464
183.0841 8.513098
184.0893 8.62273
185.0587 8.715709
186.0882 8.820949
187.1107 8.927319
188.1097 9.035115
189.1201 9.134798
190.11 9.223106
191.0893 9.307754
192.0877 9.378674
193.0768 9.451369
194.0993 9.53334
195.1183 9.601495
196.1212 9.671022
197.141 9.744286
198.1457 9.802673
199.1455 9.869412
200.1549 9.934118
201.1644 9.984591
202.1586 10.02851
203.1559 10.05927
204.1474 10.08488
205.1494 10.10922
206.1465 10.13471
207.1708 10.16928
208.1768 10.19328
209.1603 10.21469
210.1686 10.23694
211.1475 10.23967
212.1321 10.24579
213.1431 10.25458
214.1344 10.25135
215.1403 10.25198
216.1516 10.24812
217.1565 10.23531
218.1444 10.22456
219.1554 10.21161
220.1662 10.19788
221.1568 10.17788
222.1225 10.14941
223.1178 10.12379
224.0956 10.09075
225.0926 10.06103
226.1411 10.04018
227.1281 10.00564
228.1431 9.969839
229.1354 9.931853
230.113 9.879902
231.113 9.836128
232.1105 9.792328
233.1195 9.74226
234.1088 9.696264
235.093 9.646582
236.0871 9.597303
237.0761 9.552339
238.0925 9.503641
239.1308 9.460097
240.1469 9.407597
241.1573 9.351453
242.1749 9.296123
243.151 9.231264
244.1243 9.174767
245.1289 9.121744
246.1149 9.063631
247.1297 9.012996
248.1433 8.95974
249.1388 8.902657
250.1482 8.850247
251.1524 8.795044
252.1572 8.739588
253.156 8.682196
254.1587 8.621483
255.152 8.563165
256.1446 8.50326
257.1473 8.448839
258.1396 8.398382
259.1269 8.34342
260.1298 8.291325
261.1414 8.238436
262.1263 8.18117
263.1154 8.129856
264.1211 8.079424
265.1075 8.02774
266.0933 7.977934
267.1067 7.92676
268.0989 7.874166
269.0974 7.823061
270.1086 7.774373
271.1164 7.72754
272.131 7.678611
273.1215 7.630891
274.1254 7.585478
275.1291 7.537098
276.1279 7.494874
277.1608 7.454102
278.164 7.407329
279.1573 7.363419
280.1489 7.318924
281.1473 7.271205
282.1382 7.228548
283.1373 7.187487
284.1163 7.145662
285.088 7.105979
286.0849 7.066699
287.0887 7.029827
288.1141 6.992122
289.1257 6.956415
290.158 6.92188
291.1689 6.883356
292.1652 6.846706
293.1637 6.810404
294.1403 6.771636
295.1396 6.73796
296.1541 6.704863
297.154 6.672548
298.1476 6.643167
299.1259 6.611215
300.1288 6.58067
301.1381 6.550032
302.1512 6.519563
303.1916 6.490933
304.2158 6.460022
305.2008 6.428741
306.2167 6.399133
307.199 6.369545
308.1679 6.341906
309.2027 6.31638
310.1829 6.289151
311.1792 6.263256
312.1837 6.237132
313.1584 6.211146
314.1584 6.186474
315.1382 6.161798
316.1494 6.139099
317.1707 6.115359
318.1749 6.092395
319.2057 6.069962
320.155 6.045295
321.136 6.022919
322.1373 6.001471
323.1194 5.978052
324.1622 5.956604
325.1673 5.936476
326.1757 5.915049
327.1794 5.895864
328.184 5.877499
329.1943 5.85716
330.2035 5.837861
331.1979 5.81818
332.174 5.798954
333.1686 5.780523
334.1512 5.762112
335.1609 5.745446
336.1497 5.727509
337.1442 5.710018
338.1415 5.694148
339.1608 5.677429
340.1729 5.660595
341.1764 5.644693
342.2014 5.626876
343.1979 5.609147
344.2081 5.593666
345.2003 5.577986
346.166 5.563052
347.1459 5.549627
348.1505 5.536424
349.1557 5.522362
350.1741 5.508734
351.1711 5.495646
352.1594 5.48047
353.1545 5.467314
354.1739 5.454443
355.1963 5.439656
356.2231 5.426631
357.2737 5.41371
358.2574 5.400463
359.2603 5.388975
360.2379 5.378323
361.2171 5.365897
362.2252 5.353601
363.2155 5.342399
364.2242 5.331755
365.1978 5.320859
366.186 5.309585
367.1945 5.299069
368.2131 5.286787
369.2288 5.275141
370.2333 5.265316
371.2241 5.252551
372.2119 5.241855
373.2241 5.232105
374.2255 5.220817
375.2373 5.212232
376.2386 5.203922
377.2115 5.195345
378.2336 5.18804
379.2285 5.179334
380.2231 5.169108
381.2455 5.159386
382.209 5.149032
383.1962 5.139116
384.1883 5.129664
385.1657 5.120442
386.1815 5.113959
387.1844 5.105444
388.1893 5.098476
389.1971 5.092636
390.2086 5.08343
391.2325 5.076603
392.256 5.06955
393.2616 5.060241
394.256 5.052835
395.2395 5.044347
396.2269 5.036863
397.2318 5.031097
398.2496 5.02587
399.2567 5.022096
400.2597 5.015392
401.2658 5.009386
402.2439 5.002793
403.2402 4.995144
404.2347 4.989342
405.2441 4.983642
406.2655 4.977551
407.2902 4.972455
408.3101 4.967753
409.2968 4.962525
410.3135 4.956958
411.296 4.952221
412.2867 4.947701
413.2849 4.943073
414.2447 4.938766
415.2459 4.933947
416.2481 4.928488
417.2522 4.923704
418.2755 4.920285
419.294 4.915663
420.2973 4.912199
421.3198 4.908255
422.3034 4.90229
423.2723 4.898273
424.2534 4.894589
425.2263 4.891624
426.2185 4.891181
427.2034 4.889247
428.2136 4.88678
429.2019 4.882775
430.2074 4.879045
431.2385 4.877493
432.2481 4.872663
433.2435 4.869672
434.2638 4.867606
435.2446 4.861865
436.2265 4.86136
437.2472 4.861388
438.2446 4.857781
439.2438 4.858191
440.254 4.854971
441.2496 4.850384
442.2104 4.848814
443.2089 4.844665
444.1999 4.844008
445.2129 4.842434
446.245 4.839162
447.2543 4.839569
448.2513 4.836641
449.2271 4.835117
450.2394 4.835448
451.2441 4.831618
452.2303 4.828435
453.2374 4.826379
454.2227 4.821714
455.2166 4.818931
456.2444 4.817098
457.2596 4.813105
458.2863 4.810827
459.3129 4.805186
460.3005 4.799809
461.3036 4.7934
462.2863 4.785061
463.2892 4.7813
464.3269 4.773937
465.2995 4.766139
466.2859 4.760041
467.2466 4.749779
468.2209 4.740529
469.2397 4.73229
470.2491 4.722438
471.2623 4.711688
472.2431 4.700679
473.2236 4.686737
474.2188 4.672725
475.2251 4.660606
476.2563 4.647857
477.2661 4.635229
478.2403 4.620493
479.2483 4.604574
480.2275 4.586506
481.2308 4.572535
482.2719 4.559014
483.2722 4.542555
484.2658 4.527849
485.2957 4.510172
486.2661 4.492231
487.2652 4.476656
488.2735 4.462157
489.2314 4.446591
490.2141 4.431034
491.2053 4.415036
492.2257 4.396481
493.2225 4.379977
494.2553 4.363277
495.2504 4.349442
496.2281 4.335063
497.2436 4.319312
498.2484 4.306432
499.265 4.289978
500.29 4.276564
501.3014 4.263952
502.2975 4.247627
503.3067 4.233873
504.2984 4.219623
505.3053 4.204158
506.2973 4.1914
507.2844 4.17895
508.309 4.167542
509.3158 4.156497
510.3386 4.143851
511.343 4.131711
512.312 4.11765
513.2847 4.106369
514.3047 4.095985
515.3069 4.083514
516.3153 4.071452
517.3241 4.059141
518.274 4.047304
519.2845 4.036923
520.2785 4.0284
521.2933 4.018464
522.3315 4.007154
523.306 3.995726
524.2938 3.984368
525.2921 3.975303
526.2792 3.967824
527.2863 3.960398
528.2913 3.951324
529.2657 3.940416
530.2635 3.930171
531.2595 3.920192
532.2697 3.91126
533.3118 3.903786
534.3359 3.894612
535.3604 3.886239
536.3607 3.878708
537.3402 3.870037
538.3063 3.862892
539.3071 3.855631
540.2999 3.847675
541.2772 3.840127
542.2751 3.831442
543.246 3.823984
544.2614 3.816846
545.2664 3.81051
546.2909 3.806012
547.2879 3.799124
548.2828 3.793759
549.3022 3.788069
550.3081 3.781032
551.311 3.777044
552.3127 3.771254
553.3252 3.764882
554.3116 3.758578
555.3315 3.750903
556.3156 3.74492
557.3188 3.739905
558.3362 3.735883
559.3475 3.732769
560.3733 3.727589
561.3617 3.721687
562.3807 3.716556
563.3754 3.711436
564.3577 3.7075
565.3495 3.703912
566.3081 3.698033
567.2787 3.692363
568.2982 3.686851
569.2977 3.682261
570.3047 3.679332
571.3483 3.676084
572.3722 3.67308
573.3735 3.668682
574.3931 3.664666
575.3749 3.66242
576.3444 3.659658
577.3521 3.65729
578.3558 3.655488
579.3633 3.65045
580.3812 3.646154
581.3772 3.642847
582.3795 3.637752
583.35 3.635509
584.3406 3.632913
585.3373 3.628893
586.3112 3.62678
587.3173 3.624069
588.2997 3.621564
589.3069 3.619358
590.3253 3.617014
591.3561 3.613972
592.3698 3.610371
593.3853 3.608447
594.3925 3.605803
595.3715 3.603068
596.3694 3.60181
597.3656 3.600823
598.3628 3.599388
598.9112 3.566724
598.934 3.521284
598.4448 3.467129
597.4772 3.408505
596.4678 3.373766
595.4744 3.346076
594.4999 3.320335
593.4774 3.293929
592.4954 3.271367
591.4936 3.248816
590.4754 3.228136
589.4944 3.209185
588.4827 3.189917
587.4935 3.172251
586.4943 3.15425
585.4611 3.13698
584.4536 3.121088
583.436 3.105418
582.4363 3.09141
581.4564 3.07722
580.4566 3.061873
579.4843 3.047742
578.4598 3.033267
577.4382 3.020594
576.4447 3.008898
575.429 2.995834
574.4739 2.983615
573.4986 2.9703
572.4846 2.956867
571.4733 2.944776
570.4404 2.93278
569.4312 2.921698
568.4466 2.912976
567.4312 2.903282
566.4351 2.89225
565.4337 2.882579
564.4048 2.870405
563.4165 2.860339
562.4299 2.850849
561.444 2.838572
560.4846 2.828206
559.5088 2.817546
558.4974 2.807058
557.4924 2.79824
556.481 2.788527
555.4831 2.778278
554.4982 2.768265
553.4846 2.757974
552.4878 2.750786
551.4875 2.742413
550.4585 2.735292
549.4664 2.728654
548.4448 2.718729
547.4055 2.709974
546.4152 2.701243
545.3892 2.692358
544.3916 2.683681
543.4054 2.677225
542.4215 2.66901
541.4473 2.661721
540.4379 2.654396
539.4391 2.644378
538.4067 2.636806
537.4058 2.628142
536.4247 2.620584
535.4396 2.612887
534.451 2.603834
533.4407 2.596443
532.4368 2.588224
531.4049 2.580776
530.4332 2.574852
529.428 2.566534
528.4028 2.559769
527.4223 2.552665
526.4122 2.543638
525.4205 2.536825
524.4546 2.530602
523.4739 2.524969
522.4702 2.518109
521.4713 2.509609
520.4912 2.500407
519.484 2.491196
518.4731 2.484773
517.4792 2.479079
516.4471 2.471262
515.4567 2.464402
514.4918 2.45681
513.4887 2.449978
512.5089 2.444832
511.5029 2.438495
510.4754 2.432083
509.4856 2.425323
508.4653 2.417818
507.4294 2.410484
506.4406 2.405052
505.4134 2.399568
504.4235 2.39447
503.4448 2.387803
502.4273 2.379239
501.4343 2.370633
500.4161 2.362044
499.4095 2.355253
498.4241 2.349285
497.4299 2.341233
496.433 2.333884
495.4521 2.326754
494.432 2.319236
493.4202 2.313676
492.4305 2.307781
491.4326 2.301862
490.4337 2.294931
489.4442 2.287921
488.4466 2.280994
487.432 2.27418
486.4411 2.268435
485.4565 2.262663
484.4614 2.254666
483.4214 2.245593
482.4168 2.237272
481.3911 2.2284
480.368 2.221621
479.425 2.216988
478.4221 2.209975
477.4239 2.203042
476.422 2.19583
475.3875 2.187824
474.3799 2.180955
473.3681 2.174922
472.3523 2.169404
471.3619 2.161891
470.3582 2.154928
469.377 2.148403
468.4108 2.139767
467.4026 2.133508
466.4155 2.127112
465.3945 2.118621
464.3734 2.111696
463.3763 2.103021
462.3816 2.095836
461.4214 2.089659
460.4412 2.083522
459.4689 2.078547
458.4635 2.071229
457.4413 2.063234
456.4446 2.055353
455.4229 2.04732
454.42 2.040121
453.4286 2.033914
452.3958 2.027127
451.3968 2.019809
450.3995 2.012996
449.3735 2.00578
448.3956 1.998774
447.3983 1.992611
446.4127 1.984421
445.4135 1.976415
444.3787 1.968758
443.3669 1.960451
442.3449 1.953618
441.3814 1.947153
440.4015 1.941154
439.4139 1.934708
438.403 1.927873
437.3908 1.921794
436.3854 1.913401
435.3852 1.906532
434.4117 1.900829
433.4151 1.893272
432.4125 1.888051
431.4019 1.881073
430.3878 1.873348
429.3843 1.866764
428.4049 1.8595
427.4173 1.853763
426.4091 1.846969
425.3952 1.84007
424.3773 1.833204
423.3845 1.825791
422.389 1.819631
421.4022 1.814441
420.4203 1.807659
419.3927 1.801896
418.4084 1.795616
417.3896 1.788969
416.3876 1.783736
415.3934 1.778795
414.3966 1.773929
413.3911 1.769665
412.3936 1.764154
411.4227 1.757608
410.4132 1.751512
409.4457 1.745189
408.4763 1.740513
407.4661 1.734771
406.4868 1.728852
405.4781 1.723342
404.4547 1.716384
403.4325 1.710634
402.4149 1.706692
401.4153 1.700473
400.3889 1.695551
399.3893 1.690531
398.3909 1.683788
397.3963 1.678728
396.4108 1.675269
395.4214 1.67186
394.3844 1.667626
393.365 1.662253
392.3712 1.656225
391.3794 1.650174
390.4209 1.645079
389.425 1.641863
388.4153 1.637185
387.4008 1.632361
386.3739 1.628372
385.3373 1.623855
384.3364 1.62036
383.3596 1.617778
382.384 1.61506
381.4143 1.612089
380.4263 1.608104
379.4091 1.604737
378.3861 1.600986
377.3784 1.597419
376.3841 1.596332
375.3591 1.592037
374.3702 1.587262
373.3883 1.582263
372.3453 1.574939
371.3584 1.571516
370.3665 1.569349
369.3499 1.56537
368.3848 1.563342
367.3681 1.557962
366.3573 1.552289
365.3602 1.549412
364.334 1.545388
363.3649 1.543475
362.3411 1.541371
361.336 1.5378
360.361 1.535434
359.3495 1.532135
358.3688 1.528697
357.3873 1.526111
356.3665 1.521814
355.3327 1.517519
354.3314 1.512632
353.3044 1.506758
352.2974 1.502757
351.3271 1.499619
350.3036 1.495638
349.2983 1.493175
348.2885 1.489456
347.2874 1.484916
346.2896 1.48203
345.2976 1.478111
344.2902 1.474669
343.2551 1.470797
342.2639 1.467209
341.2676 1.464406
340.2775 1.459523
339.2958 1.455514
338.3009 1.451162
337.2964 1.444713
336.3033 1.44037
335.2984 1.435545
334.2902 1.429894
333.2986 1.425597
332.3168 1.422008
331.3325 1.418911
330.3536 1.415228
329.3568 1.410641
328.3205 1.405368
327.3096 1.39783
326.2802 1.392262
325.2683 1.387419
324.2844 1.380012
323.2814 1.375892
322.3068 1.369826
321.3159 1.36384
320.3474 1.358974
319.3521 1.351961
318.3358 1.344716
317.3367 1.33683
316.2886 1.328961
315.313 1.321481
314.3335 1.314995
313.3431 1.308124
312.3795 1.302495
311.3617 1.296167
310.3555 1.288121
309.3788 1.281934
308.374 1.273211
307.3751 1.264266
306.3967 1.256997
305.3679 1.246327
304.3515 1.237872
303.3455 1.22981
302.3246 1.21928
301.3125 1.210692
300.3121 1.19886
299.3206 1.187663
298.3162 1.175849
297.3087 1.162612
296.3002 1.151708
295.2707 1.139065
294.2549 1.127997
293.2802 1.118121
292.2842 1.105253
291.325 1.093077
290.3191 1.079365
289.294 1.064292
288.299 1.050882
287.2711 1.03587
286.2807 1.021429
285.2766 1.00735
284.2731 .9922373
283.2812 .9767069
282.2705 .960319
281.2625 .9424618
280.3 .9233902
279.3052 .9039078
278.336 .8826639
277.3521 .8618256
276.319 .8392285
275.2881 .8176075
274.2647 .797181
273.265 .7740959
272.2624 .7526751
271.2817 .7283027
270.2785 .7022166
269.2674 .678861
268.2402 .6524627
267.2333 .6270276
266.231 .6005843
265.218 .5709293
264.2256 .5427541
263.2155 .5124012
262.2222 .4816617
261.2496 .4513662
260.2587 .4158105
259.2629 .3808556
258.2589 .3469027
257.255 .3094244
256.2629 .2732359
255.2984 .237454
254.3155 .194811
253.3166 .1524922
252.3056 .1085706
251.2962 6.225901E-02
250.281 1.879941E-02
249.2817 -2.691054E-02
248.2941 -7.069348E-02
247.295 -.1219565
246.2746 -.1746368
245.2616 -.2238835
244.2689 -.2816011
243.25 -.334219
242.2889 -.3855435
241.2714 -.4465473
240.2616 -.505436
239.2639 -.5677861
238.2255 -.6346403
237.2478 -.6985255
236.2293 -.7656519
235.2213 -.8318091
234.2303 -.9014355
233.2245 -.9727792
232.2671 -1.040077
231.2657 -1.112152
230.2757 -1.184908
229.2761 -1.253779
228.2393 -1.337021
227.2578 -1.423246
226.2613 -1.510772
225.2724 -1.605126
224.2906 -1.693014
223.2867 -1.779048
222.2841 -1.867998
221.2723 -1.957961
220.2449 -2.051493
219.2295 -2.147447
218.2471 -2.245693
217.2525 -2.345906
216.2749 -2.445821
215.3064 -2.55383
214.2918 -2.663442
213.2805 -2.768024
212.2726 -2.879033
211.2559 -2.983175
210.2474 -3.08546
209.2624 -3.200752
208.299 -3.314737
207.268 -3.431937
206.275 -3.558182
205.2975 -3.675985
204.2864 -3.792905
203.3315 -3.912968
202.3306 -4.035425
201.3192 -4.161009
200.3078 -4.28913
199.2996 -4.420921
198.2856 -4.548274
197.2829 -4.672776
196.2908 -4.813751
195.2735 -4.949296
194.2708 -5.08132
193.2508 -5.220522
192.2155 -5.342862
191.2347 -5.463764
190.2527 -5.596125
189.2668 -5.727124
188.265 -5.86526
187.2588 -6.005517
186.2657 -6.143324
185.2607 -6.280331
184.27 -6.407227
183.2499 -6.541561
182.2236 -6.671299
181.2442 -6.788103
180.2417 -6.918119
179.2423 -7.038627
178.2699 -7.151814
177.2605 -7.285461
176.2613 -7.414526
175.2681 -7.544128
174.2416 -7.676428
173.2199 -7.798172
172.2209 -7.91407
171.2255 -8.024589
170.2343 -8.138721
169.2472 -8.251968
168.252 -8.357349
167.2604 -8.468696
166.2696 -8.575401
165.2627 -8.671647
164.2524 -8.779415
163.2522 -8.880404
162.2459 -8.972408
161.2444 -9.067739
160.2414 -9.148445
159.2133 -9.223719
158.2271 -9.303045
157.2348 -9.379784
156.2547 -9.458631
155.2744 -9.532677
154.2446 -9.600612
153.2447 -9.665223
152.25 -9.719479
151.2587 -9.779033
150.2757 -9.83628
149.2724 -9.885866
148.252 -9.942394
147.2623 -9.989243
146.2722 -10.02949
145.2478 -10.07563
144.2392 -10.1091
143.2175 -10.14025
142.2149 -10.16589
141.2292 -10.17794
140.2445 -10.18963
139.244 -10.19873
138.2305 -10.21048
137.2131 -10.22616
136.2197 -10.23503
135.2022 -10.24238
134.1905 -10.24205
133.2212 -10.22972
132.1955 -10.22329
131.1927 -10.20855
130.2029 -10.18963
129.1877 -10.17727
128.2047 -10.15224
127.242 -10.12643
126.2368 -10.1057
125.2493 -10.08084
124.2546 -10.05894
123.2503 -10.03386
122.2482 -10.00183
121.2507 -9.96515
120.2641 -9.922046
119.2378 -9.883762
118.2363 -9.846733
117.2158 -9.80598
116.2019 -9.76861
115.2193 -9.723816
114.2338 -9.670126
113.2366 -9.626478
112.2323 -9.577194
111.2128 -9.527059
110.2012 -9.481332
109.1969 -9.427482
108.1836 -9.37318
107.2018 -9.31991
106.2148 -9.266598
105.2365 -9.216199
104.2864 -9.160994
103.2771 -9.108831
102.2847 -9.051834
101.2764 -8.988974
100.235 -8.93879
99.24606 -8.884895
98.23744 -8.832621
97.20935 -8.783526
96.19498 -8.726307
95.18808 -8.668695
94.19357 -8.613864
93.20844 -8.559967
92.2101 -8.505541
91.22442 -8.449647
90.20149 -8.393043
89.2225 -8.336474
88.2442 -8.279722
87.24874 -8.227382
86.23722 -8.177518
85.20795 -8.125309
84.19649 -8.073791
83.15056 -8.019871
82.17741 -7.961569
81.18642 -7.909772
80.17544 -7.858581
79.19606 -7.808361
78.1897 -7.760686
77.22025 -7.710021
76.24661 -7.660724
75.25914 -7.612511
74.24355 -7.565309
73.20055 -7.519815
72.18454 -7.471417
71.15958 -7.424356
70.17502 -7.376576
69.20116 -7.328177
68.22075 -7.284176
67.23842 -7.239609
66.23299 -7.195668
65.2001 -7.152044
64.19327 -7.105792
63.18667 -7.061292
62.20764 -7.018072
61.23149 -6.97698
60.22326 -6.937387
59.23192 -6.897259
58.20123 -6.857571
57.1884 -6.81784
56.19087 -6.778951
55.18078 -6.741338
54.19812 -6.703856
53.19328 -6.666124
52.20055 -6.629425
51.23514 -6.59017
50.2382 -6.551136
49.25286 -6.516518
48.23553 -6.480165
47.20564 -6.447219
46.17254 -6.41413
45.17003 -6.378281
44.1573 -6.344903
43.16669 -6.312009
42.19438 -6.27986
41.21409 -6.248816
40.22725 -6.21701
39.20847 -6.186397
38.18822 -6.154956
37.14843 -6.123465
36.13557 -6.094944
35.12397 -6.065007
34.13314 -6.037014
33.13464 -6.009209
32.15616 -5.97928
31.15435 -5.949293
30.13818 -5.920456
29.1359 -5.892375
28.1433 -5.86529
27.14883 -5.83962
26.16779 -5.813997
25.19415 -5.789103
24.19305 -5.762608
23.20993 -5.738733
22.21133 -5.715044
21.20703 -5.690086
20.20658 -5.667886
19.20731 -5.642703
18.22001 -5.616503
17.19946 -5.593369
16.17627 -5.569401
15.16309 -5.54619
14.13996 -5.524776
13.16826 -5.501664
12.16934 -5.47908
11.17327 -5.456554
10.1937 -5.434003
9.193366 -5.413283
8.193184 -5.391769
7.216182 -5.372625
6.208621 -5.353141
5.21801 -5.331683
4.236938 -5.313469
3.216748 -5.293631
2.222763 -5.274394
1.225588 -5.2547
.2157173 -5.233805
-.7546364 -5.213464
-1.736539 -5.19141
-2.697637 -5.173294
-3.666478 -5.155429
-4.652037 -5.138337
-5.641003 -5.122595
-6.662507 -5.105862
-7.643379 -5.086224
-8.638444 -5.06845
-9.625964 -5.05276
-10.63108 -5.03547
-11.63717 -5.021926
-12.66676 -5.005464
-13.66447 -4.988533
-14.65862 -4.974229
-15.67002 -4.957761
-16.65282 -4.942516
-17.68836 -4.926974
-18.72424 -4.910275
-19.74196 -4.894593
-20.74884 -4.879319
-21.72211 -4.864713
-22.71387 -4.849846
-23.70415 -4.835278
-24.70344 -4.82124
-25.71105 -4.805791
-26.68007 -4.790145
-27.68562 -4.77516
-28.69175 -4.761914
-29.68242 -4.750003
-30.71824 -4.739161
-31.6972 -4.727137
-32.68391 -4.714287
-33.6882 -4.701353
-34.66703 -4.688596
-35.68087 -4.676547
-36.69483 -4.663484
-37.70383 -4.651051
-38.69892 -4.638136
-39.70445 -4.625079
-40.70824 -4.613648
-41.73764 -4.600361
-42.7541 -4.588238
-43.77515 -4.577
-44.77932 -4.563435
-45.7498 -4.550806
-46.74551 -4.539583
-47.72497 -4.527868
-48.71954 -4.516639
-49.73697 -4.509174
-50.71178 -4.497964
-51.69671 -4.486004
-52.67809 -4.476123
-53.6652 -4.463164
-54.67456 -4.455122
-55.69559 -4.446433
-56.72602 -4.437565
-57.71028 -4.428657
-58.71111 -4.418082
-59.70388 -4.409121
-60.71656 -4.399683
-61.75965 -4.389895
-62.79807 -4.379392
-63.79826 -4.368641
-64.77306 -4.357536
-65.7494 -4.350007
-66.74886 -4.341098
-67.7683 -4.334277
-68.77109 -4.327004
-69.78709 -4.317052
-70.77663 -4.308652
-71.77989 -4.298987
-72.7912 -4.290284
-73.78281 -4.281272
-74.76375 -4.27248
-75.75374 -4.264074
-76.74496 -4.255291
-77.74211 -4.247524
-78.73064 -4.241121
-79.72665 -4.234677
-80.72141 -4.228357
-81.72524 -4.220579
-82.75601 -4.211173
-83.74646 -4.203414
-84.75108 -4.196422
-85.7444 -4.191342
-86.73851 -4.187362
-87.72946 -4.180659
-88.73543 -4.175015
-89.75113 -4.168568
-90.74865 -4.160923
-91.77199 -4.156262
-92.76855 -4.149257
-93.73059 -4.141562
-94.73448 -4.135228
-95.73263 -4.127466
-96.73643 -4.119794
-97.75899 -4.11556
-98.75735 -4.110621
-99.31142 -4.070494
-99.36812 -4.021506
-98.92987 -3.964844
-98.00523 -3.902868
-96.99908 -3.870132
-96.00374 -3.844375
-95.00337 -3.817586
-93.9994 -3.793196
-93.00789 -3.771831
-92.01402 -3.749491
-91.01534 -3.7307
-90.02155 -3.712404
-89.03851 -3.692849
-88.01072 -3.673864
-87.03045 -3.656683
-86.00457 -3.638991
-84.99265 -3.624113
-84.02551 -3.609384
-83.01939 -3.594616
-82.04369 -3.580157
-81.03976 -3.563376
-80.02112 -3.549514
-79.01725 -3.53426
-78.01422 -3.519487
-77.01763 -3.50684
-76.03947 -3.492453
-75.03201 -3.478842
-74.03207 -3.466319
-73.03157 -3.454105
-72.01585 -3.442346
-71.03504 -3.431416
-70.02134 -3.419811
-69.03783 -3.407086
-68.01934 -3.394704
-67.01253 -3.381916
-66.00302 -3.369977
-64.96502 -3.358109
-63.98376 -3.345799
-62.97834 -3.334313
-61.98808 -3.321511
-61.00195 -3.311067
-60.00492 -3.302138
-58.99855 -3.290934
-57.97694 -3.281793
-56.96823 -3.27088
-55.95955 -3.258102
-54.96944 -3.248158
-53.96063 -3.237533
-52.94862 -3.227373
-51.95171 -3.218863
-50.93089 -3.207269
-49.96186 -3.195972
-48.97122 -3.185938
-47.96479 -3.176226
-46.95399 -3.168589
-45.94739 -3.160624
-44.97245 -3.151938
-43.97353 -3.141859
-42.97979 -3.131608
-41.96771 -3.12317
-40.9387 -3.113283
-39.93823 -3.105188
-38.97948 -3.096013
-37.96553 -3.085004
-36.97486 -3.07659
-35.97333 -3.067531
-34.9278 -3.060104
-33.93984 -3.053199
-32.93201 -3.044376
-31.93873 -3.035655
-30.94307 -3.026178
-29.94081 -3.016175
-28.9431 -3.008004
-27.93896 -2.998479
-26.94112 -2.989909
-25.94653 -2.982048
-24.93562 -2.971781
-23.93329 -2.963854
-22.92319 -2.956211
-21.93968 -2.948351
-20.95585 -2.941957
-19.96856 -2.933346
-18.97529 -2.92413
-17.97697 -2.915124
-16.96843 -2.904622
-15.94558 -2.895926
-14.93177 -2.887842
-13.91344 -2.878234
-12.92652 -2.870794
-11.92756 -2.863242
-10.95782 -2.854665
-9.94664 -2.84752
-8.936619 -2.839889
-7.909133 -2.8312
-6.906009 -2.823505
-5.900193 -2.814059
-4.883941 -2.805152
-3.925818 -2.798237
-2.928643 -2.788921
-1.970736 -2.782718
-1.022484 -2.774831
-4.043141E-02 -2.76666
.9371011 -2.759853
1.943649 -2.750927
2.955946 -2.74266
3.950645 -2.732562
4.953935 -2.722611
5.90659 -2.714801
6.910346 -2.705864
7.930454 -2.695844
8.943549 -2.687986
9.967213 -2.67823
10.95528 -2.669997
11.93667 -2.662629
12.92886 -2.653331
13.92431 -2.644345
14.93728 -2.635152
15.95452 -2.627354
16.94086 -2.618149
17.96206 -2.608705
18.93559 -2.599397
19.92389 -2.588187
20.98107 -2.578328
21.98652 -2.570205
23.01236 -2.560803
24.00597 -2.551688
24.95046 -2.54139
25.96648 -2.530965
26.94205 -2.521089
27.94461 -2.511736
28.96924 -2.503298
29.94599 -2.49349
30.97037 -2.482152
31.96788 -2.472048
32.93951 -2.461538
33.95357 -2.449057
34.94443 -2.439705
35.97502 -2.42762
36.98744 -2.414389
37.9558 -2.404634
38.95174 -2.392592
39.9198 -2.380842
40.9326 -2.371387
41.95641 -2.360226
42.94252 -2.347858
43.9334 -2.335611
44.9332 -2.321723
45.92151 -2.30692
46.9617 -2.291676
47.98061 -2.278172
48.97998 -2.26473
50.0092 -2.249737
50.98036 -2.238237
51.97447 -2.223892
52.95304 -2.208673
53.9134 -2.194687
54.91749 -2.178637
55.89828 -2.162238
56.90923 -2.145228
57.896 -2.127352
58.88874 -2.109053
59.94539 -2.090612
60.94217 -2.072292
61.97459 -2.054111
62.99467 -2.034909
63.9616 -2.016194
64.97031 -1.998206
65.96227 -1.977445
66.95638 -1.957542
67.93755 -1.936075
68.9259 -1.912455
69.92918 -1.89089
70.93848 -1.867064
71.95925 -1.842741
72.99608 -1.819131
73.97964 -1.793868
74.97673 -1.768699
75.97443 -1.74339
76.93314 -1.717793
77.94115 -1.690609
78.95123 -1.662447
79.96187 -1.63407
80.9733 -1.60381
81.99435 -1.573213
82.9648 -1.544876
83.93022 -1.512314
84.93547 -1.477863
85.94044 -1.442562
86.95729 -1.403339
87.97823 -1.367085
88.98034 -1.33263
89.98483 -1.295216
90.9909 -1.257575
91.99016 -1.218893
92.98692 -1.177337
93.95496 -1.13613
94.94006 -1.092452
95.94639 -1.046217
96.93773 -.9964303
97.95714 -.9431961
98.98619 -.8943776
99.99271 -.845436
101.0128 -.7963107
102.0125 -.7518152
102.9975 -.7009336
103.9979 -.6466063
104.9879 -.5928633
105.9809 -.5331632
106.9594 -.471771
107.9309 -.4102601
108.9301 -.346523
109.9299 -.2806458
110.9656 -.210931
111.9887 -.1443048
113.0051 -.0773379
114.0057 -6.074898E-03
114.9674 5.744712E-02
115.9669 .1301976
116.9528 .2117207
117.9588 .2868932
118.9921 .3702826
120.0072 .4538792
121.0186 .5321177
121.9905 .6163411
122.9626 .7030791
123.9694 .7937604
124.9445 .8830184
125.9581 .9731128
126.9725 1.066965
127.9577 1.156629
128.9634 1.253649
129.9866 1.359606
130.972 1.456047
131.9661 1.553384
132.9574 1.657242
133.9463 1.754922
134.9507 1.863784
135.9463 1.983578
136.9824 2.100929
137.9619 2.220871
138.9895 2.336597
139.9625 2.449475
140.9226 2.557535
141.9351 2.670674
142.9131 2.794411
143.9398 2.914967
144.9336 3.041808
145.9292 3.174198
146.931 3.298606
147.9527 3.430814
148.9916 3.570706
150.0017 3.699541
151.0226 3.831558
152.016 3.960702
153.0142 4.080391
154.0143 4.21127
154.9755 4.342528
155.9714 4.478414
156.9484 4.617885
157.947 4.753679
158.9541 4.893704
159.9568 5.028863
160.9724 5.166727
161.9992 5.316727
163.009 5.455861
164.0183 5.595021
165.021 5.73481
165.9778 5.858694
166.9777 5.988115
167.978 6.122691
168.9571 6.25151
169.9818 6.38494
171.002 6.517964
171.9756 6.651316
173.0097 6.786936
174.0167 6.921746
175.0011 7.06025
176.0345 7.18325
177.0081 7.297886
177.9741 7.414211
178.9809 7.516172
179.9787 7.627689
180.9867 7.748096
182.025 7.86026
183.0267 7.978441
184.0133 8.092451
185.0164 8.195329
185.9902 8.299945
186.9931 8.398614
187.9908 8.497466
188.9702 8.590614
189.9851 8.674075
190.9781 8.758643
191.9915 8.837582
193.0183 8.919033
194.0438 9.008724
195.0456 9.083603
196.0527 9.152831
197.0496 9.217042
198.0226 9.267282
199.0331 9.327917
200.0367 9.388915
201.0727 9.441762
202.0896 9.492648
203.0986 9.529985
204.0796 9.559729
205.0432 9.590232
206.0336 9.614996
207.0308 9.640923
208.033 9.658601
209.0318 9.671881
210.0345 9.68911
211.0147 9.697854
212.0303 9.713382
213.0283 9.729432
214.0289 9.730801
215.0579 9.731535
216.0498 9.723594
217.0835 9.704595
218.0598 9.69038
219.0327 9.675533
220.0431 9.658287
221.0111 9.641054
222.0255 9.620179
223.0418 9.598555
224.0444 9.572137
225.0436 9.545233
226.0747 9.519982
227.0589 9.479019
228.0307 9.437645
229.0456 9.396102
230.0097 9.342096
231.0235 9.301632
232.0418 9.263532
233.05 9.219847
234.0551 9.177919
235.0702 9.13133
236.0526 9.079174
237.0025 9.02836
237.9982 8.976586
238.9988 8.928488
240.011 8.874567
241.0359 8.819081
242.0428 8.768158
243.015 8.70886
244.0152 8.654777
245.0157 8.604209
246.0139 8.544205
247.0126 8.487583
248.0269 8.431395
249.0311 8.372406
250.0461 8.31743
251.0498 8.263048
252.0497 8.209959
253.0524 8.152554
254.0632 8.092633
255.0734 8.035344
256.0545 7.973966
257.0444 7.915421
258.0229 7.861696
259.0075 7.803287
260.0052 7.74764
261.0103 7.695876
262.0005 7.640383
263.018 7.588731
264.042 7.537306
265.0654 7.484312
266.0813 7.431374
267.0844 7.377935
268.0765 7.32446
269.0497 7.271322
270.0395 7.220001
271.018 7.172423
271.9955 7.12458
273.0223 7.077867
274.0262 7.032683
275.0593 6.983882
276.0585 6.93662
277.0389 6.889602
278.0578 6.840588
279.0122 6.795493
280.0317 6.75038
281.0259 6.705225
282.0198 6.663559
283.0403 6.621801
284.0495 6.580362
285.0497 6.539575
286.0108 6.497972
286.9796 6.458643
287.9428 6.418877
288.9449 6.379855
289.9901 6.342529
291.0417 6.302249
292.0579 6.265849
293.0579 6.231114
294.0339 6.193074
295.0151 6.159209
296.0444 6.12393
297.0462 6.087203
298.0433 6.055058
299.0435 6.02183
300.0259 5.989325
301.0431 5.95764
302.0535 5.925647
303.0676 5.894239
304.0806 5.862401
305.0888 5.833021
306.0856 5.8034
307.0924 5.773086
308.0703 5.743793
309.052 5.715117
310.0696 5.685488
311.0654 5.658068
312.0838 5.63126
313.0947 5.603642
314.0953 5.577909
315.08 5.552346
316.0895 5.528699
317.0905 5.503149
318.0813 5.478612
319.09 5.455813
320.0531 5.430434
321.0518 5.408252
322.0436 5.387264
323.0666 5.364419
324.0928 5.342734
325.079 5.322057
326.0987 5.298708
327.0816 5.277149
328.0836 5.257114
329.0983 5.235965
330.0804 5.215947
331.0914 5.196429
332.0824 5.176878
333.0839 5.15774
334.0897 5.140773
335.0627 5.12427
336.04 5.106201
337.0188 5.08939
338.0167 5.072401
339.0078 5.053563
340.0148 5.036905
341.0479 5.020198
342.0642 5.003531
343.0772 4.989015
344.0911 4.973304
345.0826 4.957035
346.0804 4.942114
347.1112 4.926032
348.1149 4.912746
349.11 4.900756
350.0907 4.886816
351.0884 4.87365
352.0967 4.858878
353.095 4.844233
354.1118 4.831256
355.1128 4.818493
356.1079 4.805983
357.1087 4.793974
358.1314 4.779675
359.1281 4.766533
360.1278 4.754863
361.1218 4.74494
362.1024 4.735063
363.0991 4.723877
364.1352 4.712531
365.1467 4.69918
366.1483 4.687968
367.1528 4.678349
368.1354 4.66816
369.1334 4.657502
370.1313 4.647736
371.1338 4.637559
372.1107 4.628457
373.1279 4.620718
374.1197 4.610599
375.0993 4.60175
376.1158 4.59205
377.0975 4.581035
378.1047 4.572909
379.1184 4.564179
380.1111 4.556098
381.1223 4.548965
382.1155 4.541691
383.1177 4.535083
384.1171 4.527714
385.121 4.521154
386.1514 4.514785
387.1428 4.50679
388.1424 4.499384
389.1389 4.492284
390.0954 4.484097
391.1018 4.477142
392.1324 4.472171
393.1328 4.466878
394.1596 4.461962
395.1697 4.457446
396.157 4.451814
397.1389 4.44524
398.1226 4.440442
399.1221 4.436992
400.1121 4.431686
401.1456 4.427508
402.1698 4.42278
403.1667 4.415664
404.187 4.411887
405.206 4.408927
406.2187 4.403507
407.2269 4.399433
408.2251 4.394489
409.2089 4.389194
410.1974 4.386904
411.188 4.384911
412.1814 4.382869
413.1815 4.37939
414.1557 4.374323
415.1752 4.370542
416.1766 4.366518
417.1511 4.363697
418.1762 4.36289
419.14 4.35927
420.1328 4.355959
421.1363 4.35409
422.125 4.351227
423.1261 4.350395
424.132 4.350012
425.1322 4.34857
426.1356 4.346337
427.1409 4.342566
428.115 4.340175
429.1273 4.337522
430.1218 4.336931
431.1334 4.338402
432.1527 4.338121
433.1412 4.337389
434.1467 4.336787
435.1523 4.333779
436.1332 4.332211
437.144 4.332475
438.1458 4.330251
439.1309 4.329803
440.1577 4.3291
441.1517 4.326825
442.1511 4.328024
443.1616 4.329431
444.1587 4.329638
445.1555 4.330084
446.1774 4.328865
447.1815 4.325595
448.1549 4.322206
449.1617 4.319685
450.1318 4.318817
451.1192 4.317123
452.1558 4.316416
453.1537 4.315637
454.1478 4.311147
455.1624 4.309156
456.1462 4.306409
457.1652 4.301558
458.1806 4.299146
459.1502 4.293941
460.1419 4.287369
461.1174 4.28275
462.1176 4.274696
463.1352 4.268447
464.1518 4.26125
465.1568 4.251452
466.1474 4.243752
467.1485 4.232846
468.1175 4.222745
469.1133 4.214373
470.0936 4.20344
471.0922 4.193279
472.1064 4.183036
473.1005 4.17022
474.1315 4.15717
475.1362 4.144295
476.1259 4.130324
477.1422 4.11408
478.1219 4.098287
479.1047 4.083556
480.1068 4.068538
481.107 4.056262
482.1305 4.044861
483.1723 4.029588
484.1963 4.014251
485.2006 3.999307
486.2059 3.981072
487.1675 3.967479
488.1552 3.953462
489.1341 3.937037
490.1468 3.924055
491.1707 3.909254
492.1787 3.895487
493.1804 3.883677
494.1504 3.871076
495.1539 3.85976
496.1486 3.845794
497.1546 3.831406
498.1583 3.819281
499.1396 3.806108
500.1197 3.794007
501.1351 3.783456
502.1304 3.769499
503.1472 3.755772
504.1884 3.744678
505.1978 3.733279
506.2321 3.723538
507.2267 3.713092
508.2229 3.702199
509.2365 3.690573
510.2497 3.679468
511.25 3.670726
512.2312 3.659218
513.2012 3.648497
514.1926 3.637576
515.1871 3.625422
516.1911 3.616323
517.173 3.606611
518.1483 3.596966
519.1373 3.588857
520.1387 3.580917
521.1893 3.572947
522.2026 3.564929
523.212 3.556963
524.2072 3.548499
525.1791 3.540595
526.1678 3.53245
527.1663 3.523864
528.173 3.515354
529.1636 3.507169
530.1577 3.501137
531.1595 3.493834
532.1829 3.488577
533.2094 3.483761
534.2219 3.477313
535.2449 3.471378
536.2419 3.464176
537.2324 3.456254
538.2391 3.449411
539.2161 3.44244
540.1969 3.435718
541.1865 3.43037
542.1613 3.424405
543.1647 3.420045
544.1712 3.415726
545.1797 3.41139
546.2029 3.407841
547.1936 3.401847
548.1895 3.398278
549.1679 3.394819
550.1763 3.389347
551.1802 3.385326
552.1877 3.379533
553.2407 3.373506
554.2118 3.369445
555.2143 3.365778
556.2092 3.361619
557.1841 3.358273
558.1861 3.353758
559.2062 3.350445
560.2228 3.347607
561.2219 3.345279
562.2445 3.342304
563.2271 3.338163
564.215 3.333307
565.2151 3.327793
566.2272 3.324094
567.2294 3.32134
568.2174 3.318328
569.2128 3.314973
570.2062 3.312824
571.207 3.310039
572.2148 3.308771
573.2444 3.307432
574.2228 3.303316
575.2333 3.300557
576.2299 3.297906
577.1932 3.29397
578.2111 3.29281
579.2019 3.290264
580.1921 3.287367
581.2012 3.286778
582.2039 3.285024
583.2421 3.284937
584.2673 3.283538
585.2958 3.28259
586.2833 3.280307
587.2589 3.277841
588.248 3.275954
589.209 3.27204
590.2089 3.269896
591.191 3.268608
592.1854 3.267234
593.1951 3.267699
594.2011 3.268621
595.2171 3.267177
596.2229 3.266615
597.2175 3.265694
598.2211 3.264546
598.8091 3.23578
598.9025 3.194523
598.4866 3.144178
597.5559 3.08682
596.5405 3.05285
595.5435 3.025576
594.5547 3.00264
593.5726 2.979667
592.5815 2.957753
591.5845 2.937346
590.5712 2.917575
589.5695 2.900239
588.5745 2.884313
587.581 2.868066
586.6026 2.85255
585.5858 2.83848
584.5878 2.823804
583.5867 2.809671
582.585 2.796434
581.6066 2.784316
580.6081 2.770924
579.5699 2.758548
578.544 2.745798
577.5228 2.73236
576.5105 2.720562
575.5541 2.709715
574.5707 2.698674
573.6121 2.687724
572.6021 2.676717
571.5868 2.664813
570.5755 2.654593
569.5395 2.643753
568.5508 2.635242
567.5469 2.626482
566.5516 2.616516
565.5624 2.607206
564.5618 2.596268
563.5627 2.586355
562.584 2.577106
561.5886 2.567497
560.5914 2.558395
559.5732 2.549411
558.5556 2.539947
557.55 2.531021
556.5557 2.5232
555.5597 2.515272
554.5494 2.508305
553.5371 2.501169
552.5347 2.493237
551.549 2.485759
550.5426 2.477537
549.5295 2.469138
548.5117 2.459852
547.4899 2.451529
546.4819 2.443914
545.4836 2.436127
544.4955 2.430143
543.5027 2.422817
542.5321 2.414471
541.5214 2.406117
540.509 2.39738
539.5131 2.389307
538.4995 2.382204
537.5294 2.377379
536.5413 2.37167
535.5496 2.365151
534.5634 2.358761
533.5481 2.350811
532.5349 2.342857
531.5221 2.336055
530.5144 2.329126
529.5161 2.321945
528.5063 2.317654
527.4813 2.312431
526.4697 2.304755
525.4818 2.299078
524.5051 2.290599
523.5465 2.28323
522.5421 2.277167
521.5238 2.270309
520.5029 2.264378
519.4792 2.256662
518.5027 2.250158
517.527 2.244534
516.5658 2.237921
515.5674 2.232765
514.5538 2.227047
513.5335 2.219933
512.5099 2.213415
511.5353 2.207686
510.5504 2.202183
509.5601 2.197941
508.5499 2.192917
507.5238 2.185825
506.5013 2.178187
505.4894 2.169732
504.5099 2.162616
503.5185 2.155519
502.507 2.149482
501.5312 2.144409
500.4982 2.137436
499.4881 2.132126
498.5304 2.126183
497.4951 2.119143
496.5192 2.113369
495.516 2.107259
494.4849 2.101762
493.5303 2.096783
492.5104 2.091247
491.5248 2.086246
490.5148 2.080921
489.466 2.073168
488.4735 2.066939
487.4521 2.059081
486.4637 2.051112
485.4998 2.04602
484.501 2.038575
483.5082 2.032298
482.5409 2.026151
481.5147 2.018146
480.5119 2.011995
479.5267 2.006436
478.4762 2.000367
477.4868 1.995257
476.4794 1.990179
475.4671 1.983754
474.4799 1.977551
473.4986 1.971737
472.5127 1.965702
471.5254 1.960243
470.5358 1.954685
469.5234 1.947942
468.5179 1.939978
467.4904 1.932487
466.496 1.925409
465.4971 1.918517
464.5013 1.913603
463.5306 1.908197
462.5279 1.901719
461.5221 1.896
460.5378 1.889824
459.5461 1.882606
458.5648 1.876566
457.5709 1.870065
456.5659 1.863296
455.5552 1.856897
454.5284 1.850854
453.5217 1.845335
452.5175 1.838607
451.5074 1.832832
450.5092 1.826168
449.5197 1.818707
448.4938 1.81244
447.5262 1.805966
446.5098 1.800687
445.4948 1.795385
444.5061 1.789663
443.4669 1.784815
442.4695 1.777427
441.448 1.770432
440.4454 1.76266
439.4388 1.75249
438.4162 1.74491
437.4124 1.738082
436.4174 1.731437
435.4348 1.726858
434.4733 1.722394
433.4911 1.715802
432.4856 1.710322
431.4837 1.703389
430.484 1.695387
429.4816 1.689107
428.4832 1.682928
427.4474 1.67712
426.4521 1.672261
425.481 1.669094
424.5135 1.663662
423.552 1.660174
422.5536 1.65542
421.538 1.648819
420.5127 1.643044
419.5078 1.637022
418.4855 1.632974
417.4811 1.628971
416.4811 1.625731
415.4924 1.620474
414.499 1.613338
413.503 1.605935
412.4885 1.5982
411.4903 1.592643
410.5005 1.588825
409.5173 1.585122
408.5388 1.583276
407.5334 1.578936
406.5489 1.574436
405.5137 1.569733
404.5153 1.564063
403.5338 1.560648
402.5179 1.555697
401.5439 1.549347
400.5414 1.544144
399.4999 1.538808
398.4683 1.534877
397.4599 1.531827
396.4645 1.526901
395.4941 1.52113
394.5143 1.515367
393.4907 1.510568
392.4712 1.506587
391.4509 1.5024
390.4493 1.497953
389.4861 1.494736
388.4924 1.490457
387.5011 1.48815
386.5049 1.485231
385.4777 1.481237
384.4711 1.479019
383.4681 1.475092
382.47 1.470963
381.4704 1.467738
380.4718 1.465283
379.4796 1.462353
378.4716 1.459014
377.4617 1.455017
376.4552 1.450564
375.4184 1.446197
374.4062 1.444182
373.4332 1.442924
372.4557 1.438494
371.4524 1.436058
370.4804 1.432401
369.4669 1.426641
368.4529 1.424037
367.4691 1.420279
366.4456 1.416357
365.4422 1.413818
364.4464 1.4105
363.4669 1.407424
362.4758 1.405079
361.4707 1.402572
360.4706 1.400089
359.4819 1.396644
358.4749 1.392578
357.4926 1.389512
356.4862 1.385244
355.4653 1.380692
354.4818 1.377521
353.4606 1.372681
352.467 1.368516
351.455 1.365414
350.4456 1.361055
349.4536 1.357978
348.4349 1.355129
347.4266 1.352363
346.4357 1.349395
345.4496 1.345448
344.4666 1.342035
343.4899 1.337491
342.4749 1.333031
341.4453 1.329375
340.4452 1.323893
339.4353 1.31874
338.4369 1.31472
337.4287 1.3097
336.4008 1.305305
335.3755 1.30138
334.3698 1.296767
333.3868 1.291767
332.3916 1.287216
331.4032 1.282247
330.4122 1.276234
329.4048 1.26994
328.405 1.26515
327.407 1.260645
326.3911 1.256026
325.4139 1.251887
324.4187 1.245184
323.4167 1.2381
322.4256 1.231557
321.3998 1.224522
320.4117 1.219495
319.4084 1.213784
318.4248 1.20791
317.4431 1.203041
316.4034 1.196031
315.449 1.189612
314.4219 1.182575
313.4039 1.174837
312.4272 1.167453
311.4124 1.159614
310.4084 1.150691
309.4245 1.142435
308.4169 1.135001
307.3916 1.127802
306.4313 1.121306
305.4365 1.111838
304.4658 1.100439
303.4652 1.088504
302.4378 1.075771
301.4313 1.065276
300.413 1.055234
299.4092 1.044463
298.4247 1.033231
297.3982 1.022411
296.3854 1.012035
295.3888 1.001916
294.3672 .9923319
293.3978 .9814919
292.4086 .9670675
291.3862 .9526361
290.3763 .9378077
289.3354 .9230427
288.3396 .9119487
287.3385 .8977332
286.334 .8836035
285.3458 .8678545
284.3345 .8498397
283.3641 .8349047
282.3589 .818952
281.3578 .8023223
280.3621 .7861963
279.3626 .7678615
278.3665 .7486261
277.3901 .7299827
276.3709 .7085489
275.3642 .6877523
274.3882 .6672425
273.3532 .6442883
272.3786 .6209362
271.3741 .5977566
270.3503 .5726673
269.3737 .5496628
268.3516 .5250295
267.3677 .4972937
266.3849 .468079
265.3734 .4367848
264.3862 .4077904
263.3816 .3762752
262.3698 .3475901
261.3901 .3194799
260.3979 .2849757
259.3884 .2525087
258.39 .217096
257.3852 .1768057
256.3758 .1409908
255.3944 .1040439
254.4116 .0621602
253.4009 2.225208E-02
252.3991 -2.069955E-02
251.3748 -6.598301E-02
250.3787 -.110599
249.3773 -.1567606
248.3925 -.2034769
247.394 -.2552809
246.3472 -.306686
245.3451 -.3574324
244.3273 -.4134848
243.308 -.4649844
242.342 -.5143672
241.3385 -.57263
240.3216 -.630371
239.3361 -.6916522
238.317 -.7593307
237.2873 -.8240039
236.2981 -.8905591
235.3212 -.9574176
234.3141 -1.026059
233.3503 -1.094833
232.3572 -1.161767
231.3362 -1.234714
230.351 -1.30874
229.3559 -1.380662
228.359 -1.465035
227.3742 -1.551768
226.3647 -1.639744
225.3547 -1.732157
224.3649 -1.818546
223.3636 -1.902431
222.3992 -1.98762
221.3965 -2.076595
220.3841 -2.170835
219.3821 -2.265318
218.3712 -2.364495
217.3682 -2.467829
216.38 -2.567405
215.382 -2.674984
214.3765 -2.782689
213.3936 -2.885263
212.3896 -2.994036
211.3819 -3.100769
210.3891 -3.206937
209.3849 -3.322137
208.3824 -3.437694
207.38 -3.556393
206.3716 -3.678396
205.3702 -3.794619
204.3649 -3.912522
203.393 -4.032297
202.3977 -4.152157
201.4098 -4.279082
200.4114 -4.405983
199.3909 -4.535348
198.3805 -4.667456
197.3604 -4.793669
196.3721 -4.929537
195.3782 -5.063336
194.387 -5.195523
193.397 -5.333241
192.3914 -5.458817
191.3774 -5.583618
190.366 -5.722666
189.3484 -5.850311
188.3234 -5.988946
187.3056 -6.1298
186.3057 -6.258632
185.2922 -6.396258
184.3069 -6.525217
183.306 -6.655477
182.294 -6.7828
181.3253 -6.90428
180.3285 -7.03305
179.334 -7.154979
178.3632 -7.274651
177.3643 -7.408402
176.3609 -7.537497
175.3795 -7.666897
174.3602 -7.800228
173.3151 -7.920223
172.3264 -8.034399
171.3179 -8.145314
170.3176 -8.256654
169.3674 -8.369996
168.3409 -8.477976
167.3323 -8.592588
166.3426 -8.69882
165.3284 -8.794456
164.3452 -8.901472
163.3498 -9.000858
162.3157 -9.099393
161.3204 -9.193219
160.3182 -9.275814
159.3173 -9.350629
158.328 -9.425934
157.3261 -9.505968
156.312 -9.587666
155.313 -9.6644
154.3281 -9.733596
153.3151 -9.79872
152.3467 -9.85191
151.3558 -9.907861
150.3737 -9.964848
149.395 -10.01416
148.3785 -10.0695
147.3694 -10.11817
146.3333 -10.15914
145.2993 -10.20559
144.2867 -10.24041
143.2811 -10.27114
142.3008 -10.29726
141.299 -10.31034
140.306 -10.32231
139.3149 -10.33376
138.3106 -10.34963
137.3228 -10.3692
136.3023 -10.38105
135.2707 -10.39013
134.2684 -10.38717
133.2871 -10.37419
132.275 -10.36748
131.3043 -10.35233
130.2892 -10.33549
129.2507 -10.32199
128.2649 -10.29823
127.2698 -10.27325
126.2628 -10.25144
125.2891 -10.22626
124.3063 -10.20094
123.2984 -10.17456
122.3144 -10.1421
121.3033 -10.10892
120.3117 -10.07033
119.3274 -10.03463
118.3322 -9.995535
117.3687 -9.94998
116.3694 -9.910737
115.3399 -9.864562
114.3586 -9.815422
113.339 -9.774687
112.3349 -9.726995
111.3713 -9.678603
110.3578 -9.630753
109.3576 -9.577349
108.3419 -9.523335
107.3476 -9.469296
106.3448 -9.418301
105.3333 -9.367039
104.3376 -9.310813
103.321 -9.257656
102.3423 -9.201434
101.3827 -9.140663
100.3937 -9.089797
99.38459 -9.036305
98.36967 -8.98254
97.34164 -8.935692
96.30534 -8.882558
95.29803 -8.827814
94.29121 -8.773848
93.27341 -8.718006
92.28709 -8.663086
91.29382 -8.607567
90.28851 -8.55169
89.30772 -8.495493
88.31992 -8.438258
87.33691 -8.386512
86.32267 -8.335253
85.29514 -8.281568
84.28755 -8.230564
83.25954 -8.176009
82.24914 -8.121325
81.26308 -8.070532
80.25592 -8.019083
79.25876 -7.967324
78.28089 -7.917388
77.28275 -7.867287
76.29688 -7.81683
75.28184 -7.768523
74.27837 -7.720535
73.26198 -7.675262
72.2724 -7.627885
71.26992 -7.580256
70.24503 -7.533507
69.26042 -7.484881
68.26035 -7.439154
67.28583 -7.394895
66.31319 -7.349851
65.30817 -7.307158
64.28537 -7.264499
63.27982 -7.221313
62.2627 -7.179577
61.2554 -7.136735
60.26775 -7.095166
59.25658 -7.054486
58.29186 -7.013791
57.33575 -6.974909
56.33277 -6.934628
55.36712 -6.896836
54.35797 -6.858634
53.33997 -6.819159
52.35324 -6.782372
51.33769 -6.742562
50.34914 -6.704316
49.32925 -6.669708
48.3479 -6.634723
47.34684 -6.602147
46.32543 -6.56955
45.33108 -6.535993
44.30494 -6.501104
43.29311 -6.467723
42.27659 -6.434429
41.2678 -6.40116
40.26906 -6.368937
39.25399 -6.337584
38.27272 -6.306038
37.28287 -6.274522
36.27288 -6.246141
35.29247 -6.216286
34.29027 -6.186727
33.27765 -6.159397
32.28553 -6.127484
31.2799 -6.097384
30.29126 -6.0697
29.31591 -6.04137
28.31302 -6.016471
27.31804 -5.990743
26.32066 -5.964067
25.29563 -5.937461
24.32305 -5.910958
23.33264 -5.885345
22.33028 -5.860384
21.34142 -5.834568
20.31424 -5.810484
19.31881 -5.786055
18.32058 -5.75995
17.33143 -5.736901
16.3174 -5.713208
15.28428 -5.690758
14.27516 -5.668459
13.26555 -5.644507
12.29882 -5.619663
11.30836 -5.59628
10.32104 -5.576549
9.30489 -5.557582
8.294868 -5.538456
7.295151 -5.519473
6.273498 -5.498511
5.325977 -5.476603
4.319496 -5.457251
3.320543 -5.435874
2.342229 -5.414794
1.320776 -5.395544
.3501064 -5.374145
-.6277087 -5.353801
-1.603629 -5.332714
-2.554125 -5.313104
-3.5399 -5.295675
-4.510386 -5.277277
-5.508525 -5.260797
-6.535679 -5.243111
-7.544087 -5.223969
-8.563165 -5.20838
-9.572554 -5.191995
-10.563 -5.176428
-11.55311 -5.16206
-12.53673 -5.145695
-13.52755 -5.129285
-14.55142 -5.113953
-15.59718 -5.096405
-16.60144 -5.079307
-17.63158 -5.063577
-18.63854 -5.046185
-19.62161 -5.031215
-20.62598 -5.015598
-21.60853 -5.001637
-22.58919 -4.987659
-23.59368 -4.971735
-24.59682 -4.958067
-25.59803 -4.942128
-26.61179 -4.926787
-27.60225 -4.914766
-28.6143 -4.90046
-29.62959 -4.88691
-30.6262 -4.874578
-31.6087 -4.860616
-32.58746 -4.847888
-33.55735 -4.83513
-34.56561 -4.820948
-35.57601 -4.807046
-36.61137 -4.793123
-37.6413 -4.780519
-38.62774 -4.768055
-39.61357 -4.755198
-40.60427 -4.743719
-41.5974 -4.730904
-42.61217 -4.718292
-43.65465 -4.707497
-44.66369 -4.695586
-45.66096 -4.684382
-46.64326 -4.674993
-47.61809 -4.664168
-48.57737 -4.652006
-49.57501 -4.640515
-50.57418 -4.627188
-51.57628 -4.614652
-52.60127 -4.604467
-53.59987 -4.595397
-54.62613 -4.586829
-55.63128 -4.576517
-56.61589 -4.566658
-57.60539 -4.554981
-58.5983 -4.542515
-59.58545 -4.533834
-60.60202 -4.522997
-61.61568 -4.513942
-62.60172 -4.506353
-63.63203 -4.496708
-64.63045 -4.487616
-65.65049 -4.478054
-66.66036 -4.468774
-67.64571 -4.459831
-68.6347 -4.45139
-69.62757 -4.442461
-70.62646 -4.433253
-71.62798 -4.422881
-72.65423 -4.414032
-73.64916 -4.405483
-74.65221 -4.396701
-75.66171 -4.389661
-76.65353 -4.381762
-77.63705 -4.372233
-78.62487 -4.363703
-79.59243 -4.355076
-80.60353 -4.347112
-81.61102 -4.341285
-82.61226 -4.334924
-83.6282 -4.329556
-84.63466 -4.32293
-85.65102 -4.315983
-86.65767 -4.309581
-87.66016 -4.300946
-88.6295 -4.293269
-89.60695 -4.284872
-90.60899 -4.276207
-91.61601 -4.269455
-92.65524 -4.262689
-93.66455 -4.257402
-94.66705 -4.251841
-95.66685 -4.245488
-96.63663 -4.237758
-97.63944 -4.229241
