1 227.183 123.2994 -0.1638501 0.3133844
2 219.0605 116.3861 -0.182186 0.3354939
3 220.9227 110.4757 -0.1905439 0.3429626
4 212.8689 123.6666 -0.1964699 0.3515455
5 215.7863 120.7161 -0.200094 0.3510293
6 214.6578 116.7973 -0.2066082 0.3583613
7 210.5373 109.8916 -0.2114293 0.3558698
8 213.4261 124.0161 -0.2167236 0.3649361
9 215.3488 97.15128 -0.2199101 0.3610542
10 208.2406 112.239 -0.2329163 0.3698411
11 221.1286 110.3307 -0.2310717 0.36499
12 202.1357 106.4391 -0.2305253 0.3678382
13 215.949 119.5106 -0.2382615 0.3696368
14 206.8872 115.6204 -0.2355898 0.3651115
15 209.8104 108.6917 -0.2441663 0.3761125
16 212.6544 105.8323 -0.2466075 0.3745843
17 204.5928 92.97592 -0.2508797 0.3763997
18 206.4771 97.06061 -0.2500813 0.3767718
19 212.3348 92.11149 -0.255485 0.3800519
20 210.2562 105.2472 -0.2627138 0.3856028
21 207.1962 102.3461 -0.2632536 0.3813726
22 207.0842 94.44393 -0.261839 0.3797911
23 212.9422 97.55283 -0.2600731 0.379951
24 209.8581 105.632 -0.2620913 0.3773239
25 202.8197 97.75111 -0.2693041 0.3775684
26 208.7006 105.7962 -0.271708 0.3809066
27 200.5918 106.9387 -0.2686637 0.3784804
28 203.508 104.0291 -0.2766402 0.3830859
29 216.3763 97.12916 -0.2722766 0.3877638
30 209.2769 96.26271 -0.281402 0.380637
31 201.1853 106.3044 -0.2815767 0.3807117
32 202.1423 99.41425 -0.2813962 0.3860948
33 201.9924 97.54658 -0.2789025 0.3812932
34 208.858 110.5997 -0.2867665 0.3858989
35 199.7919 107.7287 -0.2867853 0.3865536
36 202.6923 104.8278 -0.2869698 0.3876801
37 206.5723 94.91888 -0.287161 0.3871932
38 209.4868 90.99525 -0.2859123 0.3809836
39 201.3989 105.1374 -0.2910802 0.3836256
40 200.3183 103.2356 -0.2994719 0.3833413
41 203.1863 97.30999 -0.2927282 0.3867877
42 205.0954 96.42958 -0.2958657 0.3846103
43 189.9572 102.5449 -0.2959477 0.4313391
44 204.8819 99.64844 -0.2971613 0.3874691
45 196.7799 97.76312 -0.2975548 0.4030445
46 201.2302 97.33254 -0.2832957 0.3961603
47 197.0766 92.40574 -0.2880967 0.3909352
48 199.9966 104.4922 -0.2930908 0.3849182
49 202.9233 98.63071 -0.2918634 0.390334
50 201.8475 97.76233 -0.297094 0.3909306
51 199.689 94.81522 -0.2952777 0.3859165
52 201.5787 103.9448 -0.2965269 0.3856048
53 202.4906 98.06812 -0.299463 0.3868119
54 203.4126 92.13419 -0.2982694 0.3906542
55 200.2784 94.20774 -0.3049892 0.3905815
56 201.1923 86.29489 -0.3015237 0.392938
57 202.0785 94.42223 -0.3043293 0.3894755
58 202.9754 94.51094 -0.30498 0.3868306
59 200.8845 92.64273 -0.304054 0.3919414
60 199.8048 105.7465 -0.306778 0.3914753
61 200.734 97.84941 -0.3058124 0.3911874
62 196.578 97.92953 -0.3048476 0.3939213
63 199.4896 87.03001 -0.3045469 0.3918677
64 201.4472 86.13995 -0.3098634 0.3950859
65 202.3149 97.24382 -0.3144436 0.3889714
66 202.204 97.33639 -0.3103258 0.3920459
67 199.0986 108.4291 -0.3114419 0.3957305
68 202.0345 93.52917 -0.3133018 0.3906177
69 199.9261 94.62149 -0.3109233 0.3914835
70 199.7695 91.71303 -0.3130132 0.3916246
71 200.6837 103.8273 -0.31501 0.3982815
72 202.6387 97.95513 -0.3135324 0.3924789
73 202.4906 94.02334 -0.3177933 0.395346
74 197.4143 93.14676 -0.3187544 0.3963848
75 200.3249 91.20829 -0.3241437 0.3980614
76 201.2004 103.3159 -0.3190996 0.3967028
77 196.0835 97.47948 -0.3203575 0.3989973
78 197.014 92.53024 -0.3207237 0.4006659
79 200.9147 94.59782 -0.32677 0.4025778
80 194.7959 97.75279 -0.3215489 0.3990552
81 201.6706 96.82535 -0.3229455 0.399881
82 199.609 91.90929 -0.3247176 0.4013256
83 201.5034 103.017 -0.3259827 0.401558
84 201.4073 97.12066 -0.3281284 0.4035368
85 196.2759 97.23038 -0.3369937 0.4055104
86 199.2061 92.33508 -0.3302948 0.405736
87 200.1155 87.4053 -0.3301718 0.403967
88 202.9896 84.50092 -0.3289735 0.4050583
89 196.8872 96.62728 -0.3332053 0.4106698
90 199.768 92.74112 -0.3310944 0.4072004
