1 299.1202 4.353662 -0.4891506 0.4253989
2 299.0024 0.4628755 -0.502578 0.3421014
3 299.9159 0.591731 -0.5052501 0.3426131
4 299.8063 0.6765321 -0.5086574 0.3431552
5 299.695 1.785446 -0.5147763 0.342342
6 299.6483 0.8679707 -0.5195603 0.3473648
7 299.5185 0.9585715 -0.522982 0.3514005
8 299.4332 4.05439 -0.5242091 0.3527828
9 299.3276 4.173574 -0.5290177 0.3556806
10 299.2321 1.259057 -0.5450549 0.3566433
11 299.1251 0.3768778 -0.5371251 0.3575531
12 299.0137 8.456245 -0.5411267 0.3642795
13 299.9317 0.5437549 -0.5468826 0.3645896
14 297.81 0.6675918 -0.5531627 0.3686509
15 299.7374 0.7679474 -0.5542557 0.3719205
16 284.5947 9.826542 -0.5584882 0.3921806
17 298.5187 4.969091 -0.5651332 0.3742165
18 298.4095 2.048126 -0.5674522 0.3793268
19 299.3102 0.1569064 -0.5709662 0.3825036
20 299.2183 1.229909 -0.5854557 0.3832666
21 299.1316 0.3767948 -0.580843 0.3874587
22 299.9957 1.470154 -0.5842459 0.3867181
23 299.916 0.5734844 -0.5858428 0.3906455
24 299.8397 1.677945 -0.5918449 0.3928761
25 295.6959 1.758591 -0.5978628 0.3953647
26 299.6398 1.846118 -0.5989745 0.4003317
27 299.5212 0.007960021 -0.6028751 0.4026622
28 299.416 2.057764 -0.6117788 0.4068214
29 299.3101 4.125299 -0.616854 0.4098938
30 299.1846 1.277685 -0.6291937 0.4151815
31 299.0985 0.3283203 -0.6163499 0.4150713
32 298.9951 1.458771 -0.6155944 0.4157318
33 299.9136 0.5617521 -0.6190602 0.4150286
34 298.8248 0.6627393 -0.6256873 0.4167968
35 299.7108 9.756514 -0.6253455 0.421129
36 299.618 9.828619 -0.6278141 0.4186735
37 297.5135 3.955547 -0.632831 0.4225068
38 299.4215 0.106471 -0.6352292 0.4264372
39 296.2727 9.167908 -0.635855 0.4282258
40 299.2472 4.266551 -0.6495783 0.4311191
41 296.1411 1.391502 -0.6450298 0.4333438
42 299.0479 1.458588 -0.6462418 0.4357624
43 299.9323 11.5436 -0.6459833 0.4372535
44 299.7996 6.623654 -0.6427854 0.4351875
45 299.6866 0.7922428 -0.6461453 0.4352842
46 299.1165 1.319878 -0.6508348 0.4449017
47 299.0086 6.445626 -0.6560043 0.4322512
48 299.9193 1.57852 -0.6576048 0.4369143
49 298.8066 1.633957 -0.6602607 0.440013
50 298.707 1.752609 -0.6564459 0.4420542
51 299.6017 1.883974 -0.657465 0.4395621
52 299.4998 3.9773 -0.6569796 0.4395112
53 298.3986 2.038553 -0.6567609 0.4404659
54 299.2889 0.1536659 -0.6569846 0.4447955
55 299.2056 7.214554 -0.6646185 0.440272
56 299.0949 7.3578 -0.6563048 0.442855
57 298.0002 0.4564444 -0.6550961 0.4430157
58 299.8943 14.51009 -0.6558488 0.4438139
59 292.8091 1.661077 -0.6567395 0.4430684
60 294.6871 4.73521 -0.6567531 0.4427643
61 298.6231 1.83859 -0.6564576 0.4453952
62 299.4977 8.934758 -0.6563124 0.4449378
63 299.3955 0.06557426 -0.6538978 0.4440439
64 296.2914 0.1512896 -0.6565186 0.4425321
65 299.2251 1.279131 -0.6660376 0.4422929
66 299.1097 7.330331 -0.6543261 0.4455132
67 292.9955 9.420401 -0.6556875 0.4428845
68 299.8865 1.609163 -0.6538752 0.445576
69 298.7903 0.6606122 -0.6555628 0.4481632
70 299.7199 10.77122 -0.6557535 0.4484207
71 299.5844 7.846002 -0.6575869 0.4455663
72 299.5209 3.967412 -0.6573194 0.4456093
73 299.4123 1.041578 -0.6572042 0.4502025
74 299.2976 0.1700512 -0.6566272 0.447759
75 299.1749 1.293024 -0.6667042 0.4481601
76 296.1137 4.331311 -0.6577241 0.4491016
77 298.009 1.480291 -0.6579569 0.4512281
78 299.8969 15.50602 -0.6591664 0.450704
79 297.7708 1.661659 -0.6605971 0.4486108
80 298.708 3.749452 -0.6615284 0.4490944
81 299.6225 1.845121 -0.6598576 0.4498772
82 299.4846 6.958356 -0.6592734 0.4512577
83 299.3931 2.090069 -0.6611152 0.4521664
84 299.3048 3.158984 -0.6599757 0.4510643
85 299.2183 1.283817 -0.6695371 0.4533717
86 298.0982 7.317169 -0.659595 0.4520692
87 298.0082 1.438647 -0.6610627 0.4503626
88 299.8831 1.5454 -0.6620023 0.4499264
89 298.8063 1.666229 -0.6589293 0.4499241
90 299.7145 6.68534 -0.6575818 0.4535087
