-600.2449 -12.87342 -3.45725 -1.623255 -3.526684 -5.908736
-600.0145 -12.85004 -3.437242 -1.613276 -3.514453 -5.891369
-599.5258 -12.8173 -3.410272 -1.60096 -3.497449 -5.866902
-598.7917 -12.7712 -3.378489 -1.586544 -3.474993 -5.835596
-597.814 -12.71213 -3.339713 -1.569835 -3.449813 -5.797263
-596.7986 -12.66554 -3.317746 -1.560092 -3.434007 -5.770099
-595.7889 -12.62121 -3.296666 -1.552789 -3.418852 -5.747209
-594.7839 -12.5799 -3.275172 -1.545262 -3.404106 -5.725219
-593.7703 -12.53962 -3.255012 -1.537853 -3.38779 -5.703604
-592.7732 -12.50132 -3.234654 -1.531251 -3.369614 -5.684447
-591.7639 -12.46111 -3.215416 -1.524303 -3.350823 -5.665568
-590.7462 -12.42175 -3.198085 -1.516604 -3.335669 -5.646801
-589.7468 -12.38404 -3.180593 -1.508403 -3.320277 -5.62986
-588.7545 -12.34771 -3.164392 -1.501988 -3.307343 -5.612495
-587.7616 -12.3068 -3.149205 -1.493109 -3.295161 -5.591664
-586.7789 -12.26652 -3.132031 -1.484652 -3.281247 -5.570055
-585.7752 -12.22476 -3.116951 -1.478579 -3.268642 -5.548222
-584.7844 -12.18331 -3.102414 -1.470489 -3.25471 -5.523861
-583.7871 -12.14617 -3.085816 -1.464032 -3.24019 -5.50117
-582.7943 -12.10882 -3.071114 -1.459503 -3.225292 -5.47898
-581.7892 -12.07141 -3.054952 -1.453008 -3.20747 -5.460008
-580.7603 -12.03308 -3.037192 -1.448105 -3.19223 -5.443312
-579.7715 -11.99684 -3.021221 -1.441568 -3.17534 -5.422944
-578.7853 -11.95775 -3.004788 -1.436225 -3.159557 -5.403152
-577.7841 -11.91946 -2.988366 -1.430306 -3.145892 -5.380659
-576.8083 -11.88391 -2.971878 -1.424101 -3.130543 -5.356432
-575.8176 -11.84418 -2.956892 -1.418642 -3.118155 -5.338207
-574.8165 -11.80494 -2.940865 -1.41056 -3.104833 -5.319896
-573.7952 -11.76556 -2.924589 -1.403004 -3.090669 -5.301924
-572.7787 -11.72282 -2.911703 -1.396835 -3.077718 -5.287026
-571.7628 -11.68031 -2.896273 -1.389753 -3.063678 -5.267937
-570.741 -11.64223 -2.882041 -1.382638 -3.047736 -5.25152
-569.781 -11.60772 -2.869478 -1.376665 -3.032097 -5.232965
-568.778 -11.56994 -2.8525 -1.368607 -3.014248 -5.213491
-567.7755 -11.53287 -2.835117 -1.363135 -2.996747 -5.195659
-566.7838 -11.49703 -2.818573 -1.357459 -2.981102 -5.17541
-565.764 -11.45598 -2.802825 -1.350617 -2.967232 -5.155924
-564.7649 -11.41953 -2.789767 -1.344334 -2.952795 -5.134266
-563.7703 -11.38143 -2.77746 -1.33594 -2.937445 -5.114099
-562.7724 -11.33912 -2.765413 -1.329277 -2.92289 -5.092601
-561.7831 -11.29684 -2.752784 -1.323443 -2.907874 -5.067697
-560.7938 -11.25448 -2.738452 -1.318343 -2.892286 -5.045399
-559.8011 -11.21676 -2.724731 -1.313445 -2.878796 -5.018175
-558.8121 -11.17677 -2.710258 -1.306883 -2.868165 -4.993477
-557.8169 -11.13798 -2.69472 -1.29942 -2.854922 -4.971006
-556.8311 -11.10341 -2.680422 -1.292582 -2.847086 -4.951488
-555.8542 -11.0622 -2.6667 -1.285592 -2.836601 -4.933538
-554.8491 -11.02133 -2.65109 -1.278914 -2.819497 -4.915707
-553.8428 -10.98201 -2.636371 -1.271663 -2.804928 -4.900753
-552.836 -10.93788 -2.622381 -1.263546 -2.785361 -4.881267
-551.8047 -10.89139 -2.610268 -1.25629 -2.768061 -4.86033
-550.8207 -10.85119 -2.601812 -1.250552 -2.754067 -4.836247
-549.8268 -10.80889 -2.592532 -1.245844 -2.737798 -4.809365
-548.8356 -10.7631 -2.583633 -1.23966 -2.723996 -4.782862
-547.8348 -10.72337 -2.572448 -1.233459 -2.710052 -4.757095
-546.8209 -10.68262 -2.560756 -1.226524 -2.696376 -4.734608
-545.8224 -10.6437 -2.54876 -1.220426 -2.68311 -4.709699
-544.8204 -10.60627 -2.535415 -1.215229 -2.668904 -4.684837
-543.8364 -10.56886 -2.521318 -1.208276 -2.65388 -4.663014
-542.8282 -10.52768 -2.506054 -1.201511 -2.637619 -4.638634
-541.8034 -10.47953 -2.491328 -1.193483 -2.62145 -4.615879
-540.7798 -10.43837 -2.479545 -1.187498 -2.604701 -4.593847
-539.7867 -10.39466 -2.467644 -1.182495 -2.587752 -4.567903
-538.7836 -10.34835 -2.456628 -1.175974 -2.573516 -4.540406
-537.7999 -10.31012 -2.447486 -1.170615 -2.562732 -4.518406
-536.8217 -10.26829 -2.434466 -1.163017 -2.550407 -4.497015
-535.8113 -10.22451 -2.422504 -1.156407 -2.540508 -4.477022
-534.8169 -10.18869 -2.412072 -1.15107 -2.526656 -4.462733
-533.8314 -10.14863 -2.398844 -1.145158 -2.509915 -4.445061
-532.834 -10.10931 -2.38693 -1.141118 -2.496835 -4.428128
-531.8289 -10.07175 -2.375363 -1.136808 -2.481636 -4.411614
-530.8247 -10.03163 -2.36213 -1.131248 -2.467852 -4.391442
-529.8231 -9.992547 -2.349318 -1.123724 -2.455858 -4.371747
-528.8017 -9.947554 -2.336228 -1.11624 -2.440773 -4.350214
-527.7864 -9.907508 -2.324789 -1.108644 -2.428958 -4.336703
-526.7925 -9.870121 -2.313199 -1.102425 -2.419247 -4.318277
-525.7759 -9.830114 -2.30236 -1.096932 -2.406253 -4.293156
-524.7946 -9.794885 -2.292812 -1.090716 -2.397468 -4.270785
-523.7999 -9.753755 -2.281197 -1.084847 -2.383664 -4.241379
-522.7793 -9.706095 -2.269069 -1.078051 -2.370674 -4.217165
-521.777 -9.665212 -2.259193 -1.073379 -2.361209 -4.198587
-520.7838 -9.626087 -2.247349 -1.068259 -2.345973 -4.178086
-519.7888 -9.586968 -2.234102 -1.061723 -2.333456 -4.156224
-518.816 -9.552493 -2.223379 -1.056328 -2.321486 -4.136721
-517.8019 -9.51355 -2.209692 -1.050489 -2.306582 -4.117157
-516.7798 -9.477347 -2.198 -1.044568 -2.295577 -4.09682
-515.7798 -9.441729 -2.188229 -1.038955 -2.285628 -4.086279
-514.7558 -9.406096 -2.177489 -1.033477 -2.274198 -4.074124
-513.7999 -9.374489 -2.169118 -1.027781 -2.264947 -4.060758
-512.8021 -9.336135 -2.159604 -1.021092 -2.25766 -4.047492
-511.7909 -9.300933 -2.151803 -1.016648 -2.248082 -4.027629
-510.7967 -9.266747 -2.142444 -1.01185 -2.234789 -4.003172
-509.7712 -9.225822 -2.131656 -1.006562 -2.223135 -3.980855
-508.776 -9.192596 -2.122709 -1.002755 -2.21257 -3.962994
-507.7877 -9.160835 -2.11389 -0.998303 -2.204566 -3.944227
-506.7883 -9.13088 -2.105693 -0.993064 -2.197219 -3.928923
-505.787 -9.105534 -2.098498 -0.989536 -2.191574 -3.915416
-504.7859 -9.075367 -2.088494 -0.983893 -2.183157 -3.897764
-503.7751 -9.044162 -2.077586 -0.978697 -2.172611 -3.879835
-502.7803 -9.010773 -2.067437 -0.974441 -2.16587 -3.865328
-501.7862 -8.977461 -2.059675 -0.96903 -2.155224 -3.846986
-500.7851 -8.946626 -2.053732 -0.965026 -2.145605 -3.830089
-499.8119 -8.917206 -2.046573 -0.959581 -2.137739 -3.813288
-498.806 -8.886633 -2.040433 -0.954283 -2.130718 -3.795898
-497.8178 -8.860216 -2.032839 -0.949765 -2.125325 -3.782858
-496.8204 -8.833896 -2.023684 -0.945305 -2.118158 -3.767354
-495.8268 -8.807644 -2.016834 -0.941773 -2.114239 -3.753435
-494.8441 -8.783424 -2.008853 -0.937851 -2.108408 -3.740448
-493.8316 -8.756679 -1.999708 -0.933208 -2.101822 -3.725649
-492.8352 -8.732164 -1.993305 -0.92946 -2.09814 -3.716441
-491.8232 -8.706185 -1.985443 -0.924344 -2.089554 -3.702456
-490.8049 -8.677364 -1.976864 -0.91848 -2.080298 -3.687096
-489.7924 -8.653396 -1.970528 -0.913059 -2.074708 -3.673982
-488.7926 -8.626569 -1.962559 -0.906616 -2.069036 -3.65913
-487.7975 -8.604834 -1.95629 -0.902162 -2.065178 -3.648692
-486.8237 -8.588665 -1.950331 -0.899206 -2.061821 -3.639916
-485.8444 -8.565098 -1.941772 -0.89445 -2.057217 -3.62788
-484.8522 -8.542444 -1.935642 -0.890701 -2.05162 -3.615087
-483.8501 -8.520468 -1.927436 -0.886333 -2.046862 -3.60283
-482.8343 -8.497331 -1.919591 -0.882462 -2.042085 -3.59233
-481.8552 -8.480276 -1.912732 -0.879588 -2.03649 -3.583849
-480.8644 -8.460754 -1.902829 -0.874437 -2.029197 -3.577631
-479.8619 -8.441235 -1.894399 -0.869738 -2.022918 -3.572629
-478.8601 -8.421448 -1.886024 -0.865573 -2.018627 -3.568119
-477.8276 -8.401751 -1.87937 -0.861573 -2.011802 -3.560806
-476.8237 -8.389247 -1.874438 -0.86084 -2.007752 -3.554621
-475.8337 -8.374234 -1.869148 -0.858384 -2.003144 -3.546118
-474.8534 -8.35914 -1.864411 -0.85349 -1.997404 -3.534677
-473.879 -8.343865 -1.857859 -0.850197 -1.995595 -3.527853
-472.8566 -8.3235 -1.850997 -0.846098 -1.992836 -3.517079
-471.8427 -8.306534 -1.843614 -0.843197 -1.988933 -3.506595
-470.8267 -8.290332 -1.835612 -0.840764 -1.984807 -3.497763
-469.8139 -8.277998 -1.82811 -0.837498 -1.979918 -3.489731
-468.8199 -8.268867 -1.821032 -0.833598 -1.976413 -3.484239
-467.8244 -8.260449 -1.814433 -0.830359 -1.972483 -3.478138
-466.8273 -8.248528 -1.807662 -0.827126 -1.969597 -3.473624
-465.8352 -8.238519 -1.801266 -0.824739 -1.966383 -3.466822
-464.8087 -8.223495 -1.793974 -0.822131 -1.960566 -3.459012
-463.8108 -8.207608 -1.789714 -0.819428 -1.957818 -3.455027
-462.8202 -8.199378 -1.785139 -0.817655 -1.953357 -3.449465
-461.814 -8.188623 -1.779728 -0.812931 -1.950036 -3.441903
-460.8546 -8.179732 -1.776401 -0.809104 -1.948046 -3.43694
-459.8532 -8.170621 -1.769367 -0.804885 -1.946905 -3.428752
-458.8411 -8.155146 -1.763326 -0.800889 -1.945202 -3.422611
-457.8493 -8.14293 -1.759138 -0.797888 -1.942197 -3.41896
-456.8585 -8.133016 -1.752563 -0.794852 -1.939257 -3.414511
-455.8559 -8.120945 -1.747194 -0.790776 -1.934863 -3.411578
-454.8705 -8.117419 -1.741135 -0.787 -1.93286 -3.407224
-453.8657 -8.106535 -1.733735 -0.783541 -1.929127 -3.403256
-452.847 -8.093931 -1.727313 -0.779726 -1.925268 -3.398243
-451.8455 -8.085752 -1.721103 -0.775448 -1.918266 -3.390919
-450.8333 -8.071685 -1.716471 -0.77141 -1.91401 -3.385367
-449.8324 -8.064106 -1.712184 -0.767716 -1.912362 -3.380346
-448.8345 -8.056953 -1.707491 -0.764591 -1.909741 -3.375999
-447.8369 -8.047157 -1.702374 -0.761415 -1.907931 -3.37225
-446.825 -8.041171 -1.696343 -0.759265 -1.904982 -3.366727
-445.8325 -8.032269 -1.68939 -0.756528 -1.901088 -3.360344
-444.8218 -8.023804 -1.683272 -0.754314 -1.899347 -3.355532
-443.8251 -8.018332 -1.677632 -0.75305 -1.89761 -3.352653
-442.8414 -8.006999 -1.672031 -0.749379 -1.893485 -3.349387
-441.8448 -8.000051 -1.666074 -0.746265 -1.889191 -3.347036
-440.866 -7.993438 -1.661008 -0.741953 -1.882623 -3.342335
-439.8515 -7.982774 -1.65397 -0.738028 -1.878908 -3.338789
-438.828 -7.977526 -1.647398 -0.734748 -1.874653 -3.335456
-437.8029 -7.969869 -1.643132 -0.731485 -1.870684 -3.332374
-436.786 -7.961659 -1.637168 -0.729453 -1.869363 -3.327386
-435.7991 -7.956674 -1.632582 -0.726077 -1.867784 -3.321566
-434.8195 -7.950268 -1.629572 -0.723696 -1.866487 -3.315585
-433.8267 -7.945652 -1.624009 -0.721669 -1.865755 -3.309949
-432.8251 -7.940721 -1.617863 -0.718571 -1.862789 -3.306606
-431.8349 -7.936761 -1.613456 -0.715419 -1.859302 -3.30398
-430.8389 -7.932061 -1.60516 -0.712735 -1.854834 -3.299907
-429.8448 -7.922982 -1.598812 -0.708555 -1.850405 -3.296853
-428.8761 -7.9188 -1.593613 -0.705017 -1.846991 -3.294708
-427.8707 -7.912504 -1.585458 -0.702365 -1.841295 -3.290707
-426.8708 -7.904339 -1.579731 -0.697443 -1.838315 -3.28725
-425.8666 -7.897538 -1.574748 -0.696024 -1.834776 -3.284254
-424.8481 -7.887012 -1.568874 -0.69297 -1.831277 -3.281262
-423.8403 -7.880236 -1.563963 -0.69069 -1.828111 -3.278336
-422.8318 -7.873657 -1.558643 -0.688354 -1.825623 -3.275318
-421.828 -7.865737 -1.550879 -0.684165 -1.822605 -3.272557
-420.8237 -7.859451 -1.543639 -0.681264 -1.819368 -3.268665
-419.8034 -7.851507 -1.537706 -0.675894 -1.816742 -3.2659
-418.7964 -7.8448 -1.531296 -0.672351 -1.811405 -3.261982
-417.7978 -7.840344 -1.526015 -0.668474 -1.807286 -3.257235
-416.7841 -7.835176 -1.518886 -0.664638 -1.802565 -3.252563
-415.7913 -7.826438 -1.512803 -0.663562 -1.799944 -3.247551
-414.7969 -7.820101 -1.50616 -0.660103 -1.795862 -3.244034
-413.779 -7.810815 -1.497983 -0.655865 -1.788911 -3.240363
-412.768 -7.801337 -1.493235 -0.651503 -1.785002 -3.234557
-411.7525 -7.794873 -1.486592 -0.647289 -1.77967 -3.231015
-410.7315 -7.785885 -1.480769 -0.643706 -1.777857 -3.228401
-409.756 -7.777832 -1.477977 -0.643076 -1.776827 -3.225888
-408.7803 -7.772144 -1.472346 -0.640399 -1.773901 -3.224493
-407.7978 -7.765078 -1.465435 -0.637029 -1.770358 -3.22145
-406.8173 -7.760022 -1.460648 -0.634431 -1.766246 -3.218983
-405.8075 -7.755101 -1.453043 -0.630639 -1.765049 -3.215671
-404.8151 -7.751599 -1.448 -0.629008 -1.761891 -3.212151
-403.8345 -7.746175 -1.442694 -0.626793 -1.758758 -3.208675
-402.8331 -7.738533 -1.436095 -0.624452 -1.754256 -3.20439
-401.8514 -7.733582 -1.429649 -0.620876 -1.746843 -3.197731
-400.8327 -7.722474 -1.421748 -0.616435 -1.743062 -3.193178
-399.8229 -7.715395 -1.416989 -0.612956 -1.737871 -3.188805
-398.8303 -7.70791 -1.411371 -0.60998 -1.735141 -3.182902
-397.8086 -7.695382 -1.405756 -0.606665 -1.733299 -3.178769
-396.8359 -7.685287 -1.402623 -0.605087 -1.731754 -3.174506
-395.8509 -7.675692 -1.396728 -0.60315 -1.730028 -3.17064
-394.8473 -7.669386 -1.390495 -0.599124 -1.726211 -3.166866
-393.8518 -7.662376 -1.385969 -0.595629 -1.723185 -3.165267
-392.8524 -7.656441 -1.377564 -0.5909 -1.717312 -3.162469
-391.837 -7.64895 -1.370648 -0.585735 -1.712727 -3.156713
-390.8365 -7.640026 -1.365438 -0.582802 -1.708856 -3.154389
-389.8567 -7.633243 -1.358039 -0.57887 -1.703067 -3.147986
-388.837 -7.624997 -1.353025 -0.575137 -1.697651 -3.14208
-387.8426 -7.614763 -1.345222 -0.570336 -1.69394 -3.138126
-386.8551 -7.602811 -1.338374 -0.565625 -1.691612 -3.134732
-385.83 -7.594309 -1.334387 -0.562574 -1.69 -3.132521
-384.8461 -7.584167 -1.328372 -0.559237 -1.687626 -3.128463
-383.8563 -7.575723 -1.323558 -0.55806 -1.684252 -3.123911
-382.858 -7.567393 -1.318183 -0.553623 -1.678951 -3.117426
-381.8763 -7.558822 -1.308943 -0.549586 -1.673825 -3.11205
-380.8908 -7.553052 -1.30377 -0.54591 -1.6694 -3.110565
-379.9007 -7.545561 -1.297666 -0.54198 -1.663058 -3.107682
-378.8888 -7.538022 -1.288272 -0.539742 -1.658314 -3.104483
-377.8943 -7.527734 -1.281867 -0.537301 -1.655805 -3.101482
-376.8769 -7.513934 -1.272942 -0.533967 -1.651424 -3.097461
-375.8655 -7.501173 -1.266865 -0.52991 -1.648746 -3.093553
-374.8766 -7.489813 -1.262314 -0.52668 -1.642206 -3.088759
-373.8708 -7.475322 -1.255812 -0.521672 -1.635887 -3.08215
-372.8706 -7.466434 -1.250914 -0.518644 -1.632317 -3.07372
-371.8633 -7.454645 -1.244832 -0.515821 -1.628885 -3.067714
-370.8768 -7.442591 -1.239448 -0.513834 -1.627472 -3.063456
-369.8879 -7.436527 -1.234327 -0.5118 -1.624573 -3.058692
-368.8985 -7.425251 -1.226723 -0.508288 -1.616809 -3.055152
-367.9064 -7.416213 -1.219884 -0.505412 -1.613195 -3.051806
-366.8898 -7.404187 -1.21174 -0.501794 -1.609927 -3.048562
-365.855 -7.391551 -1.205683 -0.498675 -1.602894 -3.04368
-364.8466 -7.381666 -1.200595 -0.49631 -1.601627 -3.039711
-363.834 -7.367882 -1.193759 -0.491606 -1.596361 -3.033621
-362.8311 -7.356706 -1.188098 -0.485869 -1.588676 -3.023759
-361.8403 -7.345374 -1.18242 -0.481618 -1.586179 -3.019125
-360.8208 -7.330335 -1.178068 -0.477523 -1.582043 -3.012545
-359.8334 -7.318322 -1.173218 -0.474036 -1.576938 -3.003853
-358.8348 -7.304072 -1.169312 -0.471735 -1.574783 -2.999208
-357.8469 -7.287887 -1.161713 -0.468131 -1.572453 -2.992203
-356.8626 -7.276102 -1.155029 -0.464511 -1.56885 -2.988858
-355.8459 -7.26547 -1.149307 -0.461028 -1.564319 -2.985622
-354.8514 -7.252705 -1.141836 -0.457536 -1.559629 -2.982031
-353.861 -7.240713 -1.136495 -0.4524 -1.552876 -2.978168
-352.8545 -7.225028 -1.12854 -0.447245 -1.545854 -2.970896
-351.8659 -7.211134 -1.12234 -0.443054 -1.540893 -2.965229
-350.8658 -7.199839 -1.116527 -0.438877 -1.534688 -2.957119
-349.8588 -7.182395 -1.108248 -0.434098 -1.528124 -2.947508
-348.8643 -7.16771 -1.103401 -0.431309 -1.525316 -2.939697
-347.8777 -7.147138 -1.095611 -0.427046 -1.523064 -2.933725
-346.8834 -7.123905 -1.088514 -0.423005 -1.518133 -2.9271
-345.8845 -7.111232 -1.084822 -0.422142 -1.515797 -2.922094
-344.9016 -7.093614 -1.075594 -0.417757 -1.509994 -2.914034
-343.8816 -7.077156 -1.067808 -0.413588 -1.502273 -2.905968
-342.8702 -7.06536 -1.061389 -0.409635 -1.49997 -2.900194
-341.8767 -7.046284 -1.054384 -0.405123 -1.493059 -2.893375
-340.8722 -7.032405 -1.049321 -0.401738 -1.485875 -2.887346
-339.8769 -7.016016 -1.042636 -0.397857 -1.478717 -2.88077
-338.8912 -6.998529 -1.035826 -0.394996 -1.47163 -2.871711
-337.8899 -6.977747 -1.02756 -0.390074 -1.466465 -2.864485
-336.8848 -6.954085 -1.021252 -0.385068 -1.462411 -2.85709
-335.8917 -6.935772 -1.020399 -0.383574 -1.459298 -2.848121
-334.877 -6.912992 -1.013991 -0.37934 -1.455516 -2.839116
-333.8696 -6.891275 -1.008553 -0.376406 -1.449138 -2.826843
-332.864 -6.87729 -1.004562 -0.375516 -1.446026 -2.818212
-331.8694 -6.85409 -0.996265 -0.37293 -1.440096 -2.80841
-330.8746 -6.833977 -0.990185 -0.367975 -1.431124 -2.797756
-329.8914 -6.816732 -0.983843 -0.364164 -1.427303 -2.792371
-328.9006 -6.791133 -0.97511 -0.360383 -1.420687 -2.781786
-327.9025 -6.770761 -0.965332 -0.354455 -1.417524 -2.775573
-326.92 -6.749248 -0.961289 -0.352917 -1.413077 -2.768633
-325.8984 -6.72139 -0.954752 -0.348439 -1.405963 -2.757181
-324.8853 -6.690615 -0.948928 -0.341167 -1.396986 -2.747058
-323.8768 -6.658843 -0.943835 -0.335099 -1.386698 -2.732759
-322.8646 -6.629001 -0.937005 -0.329933 -1.381417 -2.721904
-321.8702 -6.605031 -0.933111 -0.327938 -1.374995 -2.708719
-320.8723 -6.578402 -0.924142 -0.324725 -1.36964 -2.694895
-319.8897 -6.552071 -0.918174 -0.321254 -1.365162 -2.68378
-318.8947 -6.522717 -0.908872 -0.317557 -1.360922 -2.670653
-317.8928 -6.488347 -0.901822 -0.311468 -1.354197 -2.659554
-316.9237 -6.463337 -0.897045 -0.309731 -1.348532 -2.650621
-315.9164 -6.432484 -0.88682 -0.308471 -1.342212 -2.639631
-314.9072 -6.399577 -0.878719 -0.304195 -1.330578 -2.626745
-313.9213 -6.371419 -0.869316 -0.300392 -1.323123 -2.615809
-312.8958 -6.328856 -0.863834 -0.295401 -1.313326 -2.600437
-311.8775 -6.291385 -0.857901 -0.289996 -1.301356 -2.582266
-310.8647 -6.252528 -0.850635 -0.285257 -1.292972 -2.565912
-309.8455 -6.210242 -0.843322 -0.281203 -1.28533 -2.548229
-308.8345 -6.175086 -0.834219 -0.278187 -1.28216 -2.534174
-307.8463 -6.136488 -0.830437 -0.274358 -1.276505 -2.523053
-306.8495 -6.102761 -0.822698 -0.272204 -1.268572 -2.509988
-305.8578 -6.064976 -0.818466 -0.269107 -1.261519 -2.494652
-304.8676 -6.021434 -0.809726 -0.263205 -1.250231 -2.476287
-303.8668 -5.982571 -0.799929 -0.259458 -1.243533 -2.459008
-302.8733 -5.939426 -0.795264 -0.256109 -1.236305 -2.441203
-301.8672 -5.889097 -0.784496 -0.251533 -1.222228 -2.418723
-300.891 -5.85269 -0.778582 -0.248699 -1.207869 -2.400192
-299.9099 -5.79962 -0.7706 -0.243989 -1.195229 -2.376054
-298.9061 -5.742341 -0.761484 -0.238366 -1.185573 -2.353025
-297.9101 -5.696093 -0.755858 -0.233271 -1.178342 -2.33547
-296.895 -5.638605 -0.74894 -0.227515 -1.171594 -2.311155
-295.8794 -5.589067 -0.742769 -0.221407 -1.164688 -2.289058
-294.9012 -5.53759 -0.736934 -0.215917 -1.15496 -2.267224
-293.9285 -5.482182 -0.727973 -0.20956 -1.145111 -2.243403
-292.9404 -5.425427 -0.719769 -0.205767 -1.134653 -2.222204
-291.9505 -5.361217 -0.71064 -0.200464 -1.119155 -2.194959
-290.9444 -5.297965 -0.70155 -0.192263 -1.103711 -2.168496
-289.9294 -5.229023 -0.692705 -0.187177 -1.08999 -2.14231
-288.9282 -5.157127 -0.683321 -0.179275 -1.078113 -2.114092
-287.9203 -5.084936 -0.67501 -0.173695 -1.063943 -2.089506
-286.903 -5.012494 -0.664837 -0.169207 -1.049762 -2.060391
-285.8822 -4.923573 -0.65168 -0.161918 -1.034294 -2.026876
-284.855 -4.849589 -0.645101 -0.15684 -1.02087 -1.997745
-283.8545 -4.774428 -0.637645 -0.152654 -1.009216 -1.967041
-282.8677 -4.700713 -0.628703 -0.149678 -0.996146 -1.934802
-281.8961 -4.636657 -0.623969 -0.147757 -0.982988 -1.904968
-280.9386 -4.556571 -0.613026 -0.143812 -0.961949 -1.873345
-279.936 -4.47415 -0.597681 -0.138618 -0.944618 -1.834832
-278.9308 -4.385212 -0.589983 -0.133636 -0.92739 -1.7991
-277.9329 -4.296132 -0.579885 -0.128134 -0.904407 -1.761641
-276.9228 -4.202057 -0.57017 -0.122969 -0.887268 -1.71681
-275.9119 -4.095594 -0.564501 -0.118725 -0.866577 -1.679718
-274.9114 -3.987669 -0.552978 -0.111051 -0.846132 -1.639691
-273.8872 -3.873375 -0.542124 -0.107155 -0.828795 -1.595731
-272.8571 -3.759082 -0.528058 -0.101371 -0.804743 -1.550251
-271.8595 -3.657519 -0.516986 -0.097179 -0.786128 -1.506003
-270.8679 -3.553945 -0.50565 -0.094513 -0.761698 -1.456545
-269.8893 -3.439188 -0.490113 -0.088581 -0.739909 -1.407561
-268.9073 -3.333627 -0.484205 -0.085775 -0.720919 -1.366613
-267.9222 -3.217087 -0.470185 -0.077994 -0.692361 -1.312924
-266.9138 -3.085157 -0.456652 -0.069764 -0.666559 -1.255568
-265.9056 -2.953797 -0.448645 -0.065554 -0.643827 -1.203575
-264.8874 -2.811809 -0.431267 -0.056745 -0.619548 -1.145338
-263.8841 -2.670094 -0.418617 -0.051311 -0.594194 -1.089
-262.8988 -2.53747 -0.406596 -0.046618 -0.568466 -1.038998
-261.8897 -2.391739 -0.388757 -0.03662 -0.53336 -0.975872
-260.8941 -2.246146 -0.373217 -0.028264 -0.499567 -0.909871
-259.8763 -2.089267 -0.358404 -0.018409 -0.471865 -0.84235
-258.8737 -1.931259 -0.345361 -0.011909 -0.443748 -0.777561
-257.8952 -1.78776 -0.33457 -0.00593 -0.415637 -0.713363
-256.8805 -1.622801 -0.320475 0.002666 -0.386029 -0.641009
-255.8981 -1.458032 -0.308774 0.00995 -0.357028 -0.571144
-254.9073 -1.283012 -0.291745 0.022451 -0.325191 -0.498422
-253.8734 -1.09148 -0.272647 0.034582 -0.28735 -0.41489
-252.8921 -0.922345 -0.259197 0.041805 -0.25363 -0.343648
-251.8871 -0.740279 -0.239311 0.052556 -0.210033 -0.273501
-250.8856 -0.561499 -0.218359 0.062402 -0.164681 -0.190323
-249.9283 -0.386512 -0.203174 0.071336 -0.13074 -0.119099
-248.9254 -0.186666 -0.182495 0.08267 -0.084391 -0.034231
-247.9411 0.017002 -0.160085 0.091914 -0.03868 0.063424
-246.9226 0.238508 -0.140882 0.101805 0.003033 0.164147
-245.8915 0.47717 -0.121392 0.111032 0.047919 0.267523
-244.8938 0.707423 -0.103125 0.119226 0.085876 0.355544
-243.8903 0.921675 -0.087643 0.12537 0.128503 0.450567
-242.8981 1.144813 -0.069407 0.131227 0.173749 0.540971
-241.8994 1.366351 -0.046267 0.140586 0.226473 0.633232
-240.9182 1.59557 -0.019678 0.151914 0.28666 0.746284
-239.9133 1.831319 0.00168 0.163427 0.338912 0.845256
-238.9091 2.060028 0.021139 0.174484 0.395719 0.95132
-237.9225 2.311522 0.047099 0.188107 0.457543 1.074509
-236.916 2.561657 0.066159 0.197378 0.510463 1.193034
-235.904 2.848178 0.092648 0.21139 0.565061 1.32205
-234.8891 3.161672 0.121578 0.22386 0.62435 1.45008
-233.8754 3.426278 0.140419 0.231619 0.677777 1.570098
-232.8777 3.708717 0.167905 0.243461 0.733946 1.693015
-231.8911 3.977333 0.192961 0.255997 0.799087 1.810629
-230.9229 4.209584 0.215229 0.268148 0.857053 1.92841
-229.9273 4.49065 0.243061 0.282906 0.926266 2.053469
-228.9285 4.77039 0.268507 0.298104 0.995409 2.182911
-227.923 5.058951 0.299039 0.31282 1.069978 2.32827
-226.9196 5.370127 0.330757 0.328525 1.144246 2.471076
-225.9353 5.690486 0.363324 0.343111 1.211909 2.621996
-224.9314 6.017195 0.393959 0.356316 1.286191 2.77195
-223.9469 6.329871 0.42136 0.369389 1.355666 2.921553
-222.9303 6.66495 0.454896 0.386264 1.432323 3.081316
-221.9029 7.009712 0.491196 0.4058 1.521472 3.239818
-220.8964 7.321541 0.521967 0.422168 1.598389 3.389374
-219.8885 7.649794 0.555291 0.437447 1.676764 3.537843
-218.8973 7.973097 0.587856 0.452973 1.758269 3.694701
-217.9207 8.273542 0.615401 0.467439 1.831032 3.843113
-216.9231 8.619051 0.653704 0.486496 1.917391 4.020651
-215.9181 8.993753 0.692278 0.506473 2.006706 4.196651
-214.9066 9.348161 0.726575 0.521753 2.094693 4.365605
-213.9046 9.717923 0.766508 0.538051 2.18653 4.549428
-212.8875 10.08582 0.802352 0.556743 2.279642 4.716125
-211.8669 10.43315 0.840371 0.574545 2.371166 4.882423
-210.8629 10.78207 0.878512 0.595687 2.463511 5.053278
-209.852 11.13238 0.917724 0.613124 2.556962 5.226889
-208.8459 11.50494 0.961211 0.63223 2.658084 5.417821
-207.847 11.85377 0.996865 0.647573 2.752359 5.604731
-206.8579 12.21582 1.034291 0.663027 2.851607 5.795387
-205.8593 12.60635 1.074492 0.683897 2.952553 5.982013
-204.879 12.94243 1.104655 0.696433 3.042774 6.14926
-203.8999 13.30596 1.140074 0.716183 3.144377 6.333722
-202.8983 13.69293 1.184441 0.738427 3.246251 6.523372
-201.898 14.02921 1.212229 0.755118 3.338633 6.692379
-200.907 14.37881 1.254234 0.776078 3.432312 6.873502
-199.921 14.72961 1.29545 0.793599 3.528718 7.054727
-198.9384 15.06146 1.331679 0.810243 3.619436 7.231063
-197.9373 15.42972 1.379688 0.831122 3.723693 7.434843
-196.9376 15.81845 1.420758 0.852289 3.828699 7.644198
-195.9147 16.22402 1.461539 0.874435 3.93743 7.852248
-194.905 16.60657 1.497261 0.892161 4.048295 8.054954
-193.9296 16.97198 1.533334 0.909416 4.150932 8.250122
-192.9462 17.33951 1.571501 0.929597 4.257673 8.438671
-191.9632 17.6703 1.610108 0.94719 4.349088 8.607008
-190.9754 18.00605 1.652031 0.965989 4.440674 8.781992
-189.9515 18.35799 1.697852 0.987968 4.545586 8.971677
-188.9467 18.68117 1.735965 1.002064 4.638661 9.150378
-187.9438 19.01874 1.778177 1.022114 4.743587 9.347328
-186.923 19.38281 1.820126 1.043731 4.848535 9.55722
-185.9347 19.74881 1.848089 1.057564 4.943606 9.7412
-184.9096 20.10827 1.889922 1.077999 5.055358 9.943724
-183.8917 20.4793 1.930757 1.097117 5.162528 10.14816
-182.9008 20.83756 1.967623 1.111565 5.25877 10.32796
-181.9052 21.1238 2.009624 1.130297 5.353344 10.50252
-180.9226 21.41788 2.039878 1.143903 5.434448 10.65954
-179.9463 21.68337 2.069832 1.154962 5.512564 10.8151
-178.9723 21.94103 2.100886 1.170624 5.598888 10.97243
-177.9793 22.23798 2.13414 1.186079 5.683385 11.14438
-176.9682 22.55094 2.170343 1.203329 5.776852 11.33186
-175.9597 22.85308 2.198921 1.216404 5.869858 11.50364
-174.932 23.14577 2.23155 1.228688 5.964015 11.6752
-173.9138 23.45053 2.267121 1.243562 6.061217 11.85225
-172.9033 23.72014 2.294602 1.252871 6.137556 12.00008
-171.9154 23.98866 2.324822 1.266188 6.222507 12.14312
-170.9124 24.24301 2.354014 1.279264 6.296151 12.29766
-169.9288 24.45914 2.375358 1.285764 6.35709 12.43446
-168.9535 24.68437 2.40125 1.296132 6.429741 12.57799
-167.9585 24.89638 2.424771 1.306524 6.489183 12.72601
-166.9673 25.09861 2.439686 1.312017 6.547876 12.85751
-165.9556 25.31809 2.458221 1.321799 6.62172 12.99415
-164.9471 25.51987 2.476998 1.329336 6.694304 13.12976
-163.944 25.70275 2.497095 1.335947 6.764402 13.26612
-162.9477 25.87934 2.516625 1.34575 6.827469 13.38483
-161.9618 26.03356 2.530868 1.350888 6.873189 13.48172
-160.955 26.19333 2.546698 1.358716 6.920105 13.58253
-159.9533 26.34537 2.56075 1.36575 6.958537 13.67574
-158.9523 26.50846 2.576911 1.372117 7.004553 13.77815
-157.9369 26.6709 2.597528 1.379882 7.057646 13.89851
-156.9371 26.78311 2.606554 1.381472 7.091318 13.993
-155.9275 26.89046 2.61402 1.382563 7.125764 14.08296
-154.9351 26.97364 2.622514 1.384971 7.152113 14.15746
-153.9399 27.0238 2.625556 1.383789 7.181416 14.21614
-152.9538 27.10866 2.635439 1.387098 7.209276 14.2782
-151.9718 27.17936 2.644595 1.388484 7.239998 14.32572
-150.9604 27.23423 2.650602 1.387924 7.269633 14.37442
-149.9689 27.28244 2.659103 1.388263 7.281966 14.41709
-148.968 27.30734 2.663884 1.39026 7.293603 14.45358
-147.9563 27.33712 2.665993 1.392591 7.298003 14.49175
-146.9541 27.35022 2.666411 1.391159 7.303676 14.53177
-145.9593 27.35469 2.663677 1.390307 7.309288 14.57088
-144.9446 27.36708 2.66524 1.391311 7.325929 14.61307
-143.9565 27.34847 2.662668 1.387563 7.337362 14.63916
-142.9636 27.32035 2.659061 1.383519 7.337004 14.6429
-141.9398 27.29929 2.655656 1.380835 7.341929 14.63946
-140.9643 27.23389 2.649588 1.372504 7.330539 14.61824
-139.9577 27.17634 2.65276 1.368881 7.322602 14.60516
-138.971 27.1374 2.657522 1.368436 7.31173 14.60503
-137.9762 27.07361 2.651346 1.364099 7.287867 14.58521
-136.973 27.00621 2.644035 1.36161 7.273908 14.57881
-135.9659 26.93503 2.631299 1.357051 7.253755 14.56942
-134.9466 26.83721 2.615532 1.352134 7.237382 14.54272
-133.9421 26.73469 2.607943 1.346201 7.226224 14.523
-132.9215 26.63777 2.599209 1.341878 7.20186 14.47644
-131.9127 26.51707 2.588507 1.337119 7.181369 14.42748
-130.8992 26.38526 2.576613 1.331195 7.156111 14.37171
-129.9052 26.23439 2.563501 1.324677 7.120968 14.31165
-128.9067 26.08668 2.551272 1.318754 7.085947 14.26352
-127.9247 25.93614 2.538449 1.31198 7.045783 14.20148
-126.948 25.78378 2.527724 1.306198 7.012423 14.14898
-125.9569 25.65939 2.517772 1.30229 6.984985 14.09835
-124.9718 25.51466 2.504758 1.293857 6.956992 14.02956
-123.9482 25.3714 2.493291 1.287134 6.925694 13.96211
-122.931 25.22746 2.481748 1.280782 6.888652 13.89036
-121.9291 25.04444 2.469124 1.271744 6.844851 13.8054
-120.9295 24.88117 2.461259 1.268009 6.807741 13.73769
-119.9377 24.71665 2.452763 1.263098 6.77241 13.66763
-118.946 24.54744 2.439666 1.257077 6.729414 13.58902
-117.9354 24.38121 2.429343 1.253656 6.688082 13.51241
-116.9171 24.19723 2.416518 1.245607 6.644521 13.42253
-115.9255 24.02088 2.402627 1.238496 6.600259 13.33392
-114.9407 23.8468 2.394563 1.231477 6.562725 13.24739
-113.9556 23.67616 2.382397 1.224422 6.522665 13.15697
-112.9608 23.50985 2.372429 1.21747 6.485876 13.07243
-111.93 23.32702 2.359395 1.210072 6.443564 12.98351
-110.8897 23.14068 2.344899 1.202249 6.401535 12.89187
-109.8612 22.96028 2.33453 1.194958 6.358788 12.80488
-108.8634 22.77427 2.318919 1.187706 6.30578 12.71078
-107.8811 22.5961 2.305387 1.182087 6.261407 12.61848
-106.8756 22.42658 2.294324 1.177583 6.218029 12.53801
-105.8747 22.24912 2.279812 1.172782 6.171759 12.44728
-104.8586 22.07692 2.26828 1.167922 6.129845 12.35898
-103.8452 21.89969 2.262102 1.160248 6.084398 12.26375
-102.8639 21.70922 2.250741 1.151655 6.041066 12.15879
-101.866 21.52714 2.240617 1.143916 6.001408 12.058
-100.8808 21.33992 2.228915 1.137745 5.964259 11.96023
-99.89698 21.16357 2.213868 1.130191 5.924843 11.86917
-98.90817 20.99255 2.198862 1.125125 5.878462 11.7735
-97.92574 20.81265 2.18076 1.118904 5.832876 11.68179
-96.92892 20.65288 2.167377 1.113663 5.788425 11.59811
-95.93786 20.49044 2.151897 1.109702 5.742609 11.51009
-94.93407 20.33051 2.138221 1.104259 5.702405 11.42584
-93.92281 20.17886 2.128891 1.09945 5.662845 11.34066
-92.90676 20.00786 2.115505 1.092558 5.62288 11.24895
-91.90505 19.8435 2.10421 1.088925 5.584902 11.15514
-90.90616 19.67951 2.095043 1.084274 5.547246 11.06581
-89.94078 19.50975 2.082785 1.078048 5.503081 10.97253
-88.95398 19.35721 2.071869 1.073326 5.463562 10.88301
-87.94423 19.20086 2.062751 1.067269 5.428008 10.80267
-86.9492 19.04927 2.053175 1.06315 5.391259 10.72313
-85.91835 18.90764 2.045353 1.060435 5.358499 10.64716
-84.92218 18.76441 2.03971 1.057275 5.321888 10.56594
-83.92651 18.61834 2.032044 1.052183 5.283176 10.48477
-82.9196 18.47617 2.025891 1.047027 5.248159 10.40311
-81.92866 18.3382 2.019369 1.042754 5.212618 10.32142
-80.91634 18.19719 2.013264 1.038794 5.178472 10.2472
-79.92503 18.05542 2.004085 1.034846 5.140352 10.16749
-78.91406 17.91298 1.994748 1.029412 5.104005 10.08778
-77.90657 17.76997 1.988127 1.024539 5.070434 10.01352
-76.92235 17.63162 1.980442 1.020558 5.037527 9.938307
-75.93192 17.50455 1.977002 1.017696 5.008589 9.868181
-74.95298 17.38569 1.971133 1.016071 4.977328 9.79804
-73.94244 17.25416 1.962019 1.011052 4.944963 9.724422
-72.94005 17.13549 1.954071 1.006377 4.913079 9.655346
-71.93201 17.01507 1.944946 1.003262 4.882295 9.586052
-70.91656 16.89033 1.936648 0.99875 4.85242 9.518847
-69.93906 16.77614 1.926534 0.996227 4.822662 9.45512
-68.93388 16.6557 1.917407 0.992801 4.794055 9.388674
-67.91596 16.53761 1.911853 0.988863 4.770809 9.325912
-66.92939 16.42015 1.907835 0.984905 4.742528 9.263273
-65.92685 16.30358 1.910679 0.980921 4.715153 9.197936
-64.91402 16.191 1.915354 0.979464 4.688732 9.135504
-63.9438 16.07536 1.913917 0.974939 4.658536 9.073582
-62.9426 15.96727 1.910231 0.972889 4.632339 9.012702
-61.92575 15.86542 1.903073 0.974166 4.607123 8.953703
-60.93039 15.75868 1.891306 0.970654 4.579387 8.892654
-59.90459 15.65758 1.879754 0.969371 4.554439 8.832306
-58.90149 15.5577 1.871114 0.967442 4.530741 8.776787
-57.90053 15.45656 1.861237 0.962868 4.50465 8.72349
-56.9034 15.36341 1.854113 0.960773 4.481211 8.675344
-55.89399 15.27068 1.850318 0.960098 4.458668 8.624995
-54.86872 15.17193 1.846074 0.958002 4.433954 8.569723
-53.87066 15.07441 1.842295 0.956209 4.415557 8.517337
-52.86485 14.97841 1.838271 0.954561 4.395474 8.461376
-51.86569 14.88327 1.835296 0.954148 4.372229 8.405868
-50.88603 14.79269 1.830956 0.952203 4.350647 8.354364
-49.8964 14.69991 1.827581 0.950052 4.32771 8.301441
-48.90898 14.61252 1.826385 0.949729 4.309549 8.253906
-47.9397 14.52542 1.824415 0.948754 4.288116 8.208425
-46.96161 14.44342 1.823357 0.948411 4.268529 8.162797
-45.94791 14.36906 1.823816 0.948857 4.248835 8.117023
-44.94598 14.28279 1.820855 0.945401 4.227013 8.068016
-43.91547 14.2013 1.819699 0.941751 4.209501 8.024315
-42.88651 14.12009 1.820509 0.941587 4.193053 7.980941
-41.8907 14.0339 1.81841 0.939517 4.175966 7.93557
-40.87828 13.95609 1.817292 0.939483 4.157945 7.893795
-39.89656 13.87684 1.814207 0.937879 4.14032 7.850285
-38.90358 13.79806 1.80925 0.934832 4.124849 7.807137
-37.92103 13.72168 1.80583 0.934663 4.108981 7.769152
-36.95092 13.64899 1.801425 0.933752 4.094297 7.732399
-35.94568 13.57963 1.797836 0.933056 4.077087 7.692514
-34.94075 13.5054 1.794044 0.931509 4.058024 7.6554
-33.91892 13.43532 1.791991 0.928703 4.038926 7.618217
-32.88367 13.36672 1.791805 0.928408 4.023012 7.579539
-31.86854 13.29287 1.790511 0.927785 4.007199 7.543114
-30.87257 13.22472 1.790203 0.927799 3.992011 7.506197
-29.86344 13.1572 1.789821 0.928759 3.979544 7.470942
-28.8753 13.08769 1.786772 0.927325 3.96335 7.433309
-27.87827 13.02362 1.784961 0.926963 3.949149 7.396736
-26.86306 12.96117 1.784511 0.927584 3.934602 7.362761
-25.89085 12.89562 1.78092 0.924228 3.918691 7.326197
-24.88915 12.83373 1.780827 0.924213 3.908424 7.293083
-23.89372 12.77485 1.781136 0.925266 3.898238 7.262287
-22.89324 12.71534 1.779003 0.925877 3.885916 7.228137
-21.88352 12.6574 1.780174 0.928263 3.872318 7.195643
-20.89445 12.59648 1.779927 0.927109 3.857067 7.163166
-19.9081 12.53478 1.781894 0.925114 3.842957 7.132654
-18.93204 12.47746 1.786379 0.924598 3.829762 7.101865
-17.9292 12.41818 1.790275 0.923373 3.817611 7.071815
-16.91355 12.36421 1.79557 0.923535 3.805145 7.042936
-15.89914 12.30632 1.795821 0.922233 3.791397 7.008333
-14.87587 12.24938 1.793194 0.920257 3.779963 6.978455
-13.8667 12.1987 1.792065 0.921214 3.771141 6.948286
-12.87626 12.14331 1.787903 0.921845 3.761632 6.916664
-11.88393 12.09263 1.784445 0.923791 3.750423 6.888123
-10.8922 12.03578 1.78306 0.92435 3.741474 6.859142
-9.910911 11.97947 1.779119 0.922682 3.728563 6.832479
-8.91512 11.92616 1.777797 0.922573 3.716447 6.809218
-7.914641 11.87465 1.778221 0.921363 3.706098 6.78733
-6.920751 11.8278 1.777402 0.91934 3.691458 6.760388
-5.906255 11.77765 1.778175 0.919477 3.681523 6.735204
-4.89747 11.73158 1.779971 0.917844 3.670438 6.706532
-3.913387 11.6788 1.778642 0.914641 3.65753 6.674621
-2.933447 11.63022 1.780146 0.913812 3.646948 6.647325
-1.964486 11.5824 1.780714 0.911518 3.636067 6.616668
-1.004177 11.5331 1.781495 0.909085 3.629204 6.590847
-0.016742 11.48881 1.786235 0.908845 3.622832 6.568096
0.974624 11.44111 1.787779 0.910205 3.615805 6.545465
1.949726 11.39863 1.790802 0.91197 3.605716 6.525878
2.952846 11.35239 1.790678 0.91242 3.592261 6.501568
3.93102 11.30849 1.79052 0.913332 3.582459 6.480936
4.935345 11.2675 1.793051 0.913144 3.572783 6.460051
5.958972 11.22032 1.792217 0.912095 3.563149 6.436017
6.939176 11.18004 1.793584 0.913228 3.55438 6.415604
7.951245 11.13613 1.793564 0.91387 3.545645 6.390426
8.942181 11.09243 1.792774 0.912721 3.537797 6.365439
9.920882 11.05139 1.793232 0.912343 3.530639 6.343205
10.91879 11.00838 1.793202 0.913641 3.523951 6.319264
11.9154 10.96822 1.794577 0.913605 3.514256 6.298228
12.91157 10.92954 1.794757 0.913659 3.505682 6.27806
13.92342 10.88914 1.797222 0.914846 3.498947 6.25925
14.93554 10.85346 1.800386 0.915248 3.491644 6.241692
15.95831 10.81675 1.802861 0.915842 3.484163 6.222016
16.954 10.77639 1.810055 0.91492 3.47466 6.20114
17.95392 10.73861 1.814513 0.914004 3.468048 6.178897
18.95692 10.7 1.817983 0.909821 3.458403 6.156727
19.95134 10.65875 1.822165 0.909258 3.451325 6.136622
20.94656 10.62215 1.823766 0.909453 3.446362 6.117273
21.93505 10.58481 1.824839 0.90755 3.435007 6.096062
22.93607 10.54487 1.825716 0.907781 3.428111 6.075914
23.91008 10.5103 1.825758 0.90422 3.423222 6.058686
24.90913 10.47709 1.824613 0.903608 3.416563 6.036878
25.91129 10.44491 1.828517 0.903883 3.412081 6.020417
26.92478 10.41288 1.831855 0.902462 3.404275 6.003951
27.94319 10.37886 1.83768 0.903264 3.397348 5.985363
28.93741 10.34027 1.84444 0.902557 3.387671 5.969688
29.92759 10.30711 1.847464 0.901489 3.378819 5.952999
30.90226 10.27393 1.849131 0.904462 3.371845 5.935035
31.88756 10.2409 1.849432 0.905385 3.362612 5.916682
32.87333 10.2078 1.849016 0.905746 3.356728 5.900093
33.88954 10.17352 1.847144 0.906729 3.351604 5.882429
34.89189 10.14004 1.845792 0.903281 3.345644 5.863834
35.89985 10.10789 1.842455 0.903524 3.339717 5.846601
36.92579 10.07688 1.838245 0.903843 3.334293 5.830551
37.89787 10.04351 1.836846 0.901105 3.32691 5.811394
38.89651 10.01515 1.837353 0.903025 3.320743 5.797041
39.8995 9.988354 1.837774 0.902002 3.31447 5.780841
40.90389 9.964072 1.841248 0.902957 3.305183 5.765605
41.92765 9.94038 1.840079 0.90406 3.298829 5.751867
42.93481 9.910448 1.839137 0.903387 3.291605 5.733994
43.91821 9.881294 1.841895 0.903386 3.285608 5.719689
44.90812 9.850292 1.847149 0.90203 3.281674 5.703526
45.91704 9.818155 1.854694 0.904608 3.276009 5.685955
46.91101 9.789154 1.860598 0.905333 3.27168 5.672678
47.93962 9.7605 1.863536 0.904854 3.266678 5.656861
48.94157 9.733662 1.860666 0.904693 3.262081 5.64051
49.92742 9.707242 1.861257 0.904364 3.258143 5.626986
50.93122 9.680035 1.863128 0.904382 3.250992 5.609099
51.91385 9.653615 1.86502 0.9043 3.245082 5.589625
52.91819 9.627826 1.868679 0.90474 3.239541 5.574694
53.9086 9.605953 1.870641 0.903061 3.2322 5.559238
54.90697 9.582777 1.871697 0.902649 3.228481 5.547598
55.90769 9.557512 1.873875 0.90294 3.222369 5.535463
56.87626 9.527068 1.874537 0.901442 3.216677 5.520039
57.87561 9.497939 1.876332 0.902189 3.215317 5.506598
58.87726 9.473051 1.881135 0.901851 3.211595 5.49059
59.87239 9.446248 1.886813 0.902867 3.208217 5.477667
60.89831 9.425317 1.890944 0.902243 3.203611 5.462361
61.88968 9.399237 1.89248 0.90056 3.198145 5.447799
62.8838 9.373127 1.893928 0.900813 3.194626 5.434319
63.86689 9.35168 1.895401 0.900259 3.189893 5.419309
64.86866 9.328737 1.900742 0.900833 3.185813 5.409547
65.89006 9.3078 1.908782 0.900463 3.179728 5.397873
66.89412 9.281977 1.915687 0.898429 3.172954 5.387466
67.89508 9.257849 1.923026 0.897242 3.169345 5.378534
68.8828 9.232438 1.929074 0.897348 3.165378 5.366144
69.85347 9.207418 1.932071 0.896863 3.159146 5.352131
70.83422 9.187271 1.935952 0.897333 3.156143 5.337132
71.84513 9.164392 1.937332 0.8969 3.151625 5.324755
72.86025 9.143971 1.936475 0.896988 3.147011 5.308893
73.87713 9.124981 1.939053 0.899652 3.146138 5.296033
74.87846 9.104486 1.940938 0.900146 3.141542 5.282525
75.88249 9.08483 1.93973 0.901359 3.138417 5.266408
76.86896 9.062897 1.942037 0.900513 3.136003 5.256204
77.86717 9.041577 1.941872 0.900608 3.133656 5.247894
78.87888 9.022421 1.941612 0.902326 3.134529 5.239924
79.87459 9.003099 1.945443 0.902727 3.13153 5.228564
80.85883 8.984501 1.949279 0.903901 3.128729 5.216959
81.85563 8.964457 1.964955 0.902693 3.12589 5.204217
82.83859 8.942633 1.978422 0.902264 3.122739 5.189461
83.82787 8.921481 1.988851 0.903547 3.120617 5.178743
84.84657 8.90275 1.99326 0.905421 3.117501 5.1693
85.85756 8.882497 1.982068 0.905999 3.11195 5.155342
86.87764 8.862917 1.97417 0.906739 3.106462 5.145671
87.91238 8.847282 1.969053 0.906992 3.10473 5.137307
88.91545 8.828819 1.966791 0.907427 3.10375 5.126173
89.92236 8.814018 1.970032 0.909977 3.103184 5.116477
90.9228 8.799834 1.970569 0.909774 3.103302 5.106455
91.89352 8.780589 1.971563 0.910016 3.099394 5.096637
92.89633 8.763437 1.974008 0.910192 3.094311 5.085853
93.8834 8.744264 1.975306 0.91017 3.094742 5.077009
94.88721 8.724398 1.978856 0.911274 3.091192 5.067183
95.90855 8.704207 1.979546 0.91107 3.090902 5.055228
96.90514 8.684134 1.981676 0.911332 3.092122 5.04645
97.93191 8.667544 1.985313 0.913097 3.090698 5.039464
98.47131 8.603501 1.947948 0.875175 3.050259 4.98807
98.5123 8.524221 1.898819 0.83025 2.993593 4.924306
98.04639 8.433505 1.837253 0.777867 2.931199 4.852583
97.05025 8.328543 1.764059 0.716522 2.857499 4.771144
96.05019 8.263614 1.72374 0.692371 2.817698 4.726714
95.03958 8.207838 1.687795 0.669578 2.786374 4.690184
94.04063 8.155071 1.653878 0.6492 2.752361 4.654258
93.05821 8.101796 1.623112 0.630513 2.72412 4.622875
92.0416 8.050411 1.592579 0.612021 2.695803 4.59488
91.04972 8.001281 1.56633 0.597125 2.667866 4.567654
90.04858 7.951272 1.541831 0.58201 2.642558 4.539926
89.04732 7.909206 1.517692 0.570112 2.617242 4.510299
88.06096 7.86585 1.494458 0.558366 2.594735 4.484276
87.04388 7.822314 1.470365 0.546112 2.572819 4.455538
86.023 7.780708 1.449279 0.536477 2.553352 4.428996
85.02065 7.741061 1.429694 0.526971 2.532521 4.405909
84.02391 7.701173 1.408255 0.516167 2.511657 4.379086
83.01441 7.663263 1.388934 0.505683 2.494761 4.356181
82.02579 7.631344 1.368816 0.4973 2.476432 4.337008
81.02309 7.592607 1.348642 0.487289 2.45873 4.31619
80.01534 7.558037 1.33247 0.480391 2.442527 4.296448
79.02031 7.523949 1.314432 0.473946 2.42429 4.277022
77.99594 7.487693 1.296549 0.466026 2.408948 4.258637
76.98993 7.457132 1.280722 0.460306 2.393285 4.240034
76.00813 7.428144 1.265079 0.454123 2.377091 4.221197
75.01699 7.399818 1.250522 0.447442 2.359599 4.203991
74.05199 7.36612 1.235289 0.438436 2.341401 4.182498
73.05229 7.332374 1.219457 0.429438 2.324236 4.164128
72.05227 7.299592 1.203149 0.422352 2.308244 4.147108
71.04712 7.262847 1.187752 0.41498 2.293298 4.128078
70.05469 7.231154 1.174531 0.409956 2.278977 4.109081
69.07167 7.201468 1.160836 0.406156 2.266699 4.089927
68.03378 7.169854 1.146231 0.399691 2.252591 4.07129
67.02202 7.141795 1.133831 0.395424 2.239903 4.052889
66.01891 7.116312 1.121503 0.392203 2.228478 4.036123
65.00962 7.088635 1.108693 0.38667 2.212351 4.01756
64.03138 7.061076 1.097208 0.382225 2.20067 4.001154
63.05774 7.035668 1.083737 0.377228 2.188819 3.984168
62.0647 7.008285 1.070461 0.370793 2.174886 3.968423
61.06807 6.981385 1.057874 0.365918 2.163593 3.95394
60.05766 6.953655 1.045576 0.361762 2.150123 3.936469
59.02813 6.924826 1.033591 0.355833 2.137858 3.921044
58.00471 6.896733 1.020865 0.351973 2.125089 3.907465
56.98058 6.871116 1.009831 0.347391 2.113259 3.893198
56.00023 6.850846 0.99929 0.343605 2.101869 3.881457
55.01815 6.825315 0.987876 0.340498 2.087544 3.867442
54.02389 6.803288 0.977966 0.334446 2.076459 3.852453
53.03966 6.774889 0.968462 0.331951 2.064022 3.838526
52.023 6.744565 0.957828 0.32707 2.051721 3.822049
51.03436 6.721704 0.949792 0.323669 2.04093 3.808534
50.0613 6.697322 0.940203 0.321431 2.029225 3.792103
49.084 6.675511 0.929222 0.314306 2.019659 3.7765
48.09168 6.653256 0.920078 0.309328 2.009161 3.762164
47.09031 6.632144 0.910304 0.305166 1.999807 3.74702
46.07474 6.606161 0.90088 0.302403 1.989579 3.732443
45.05478 6.581629 0.891382 0.301406 1.978269 3.716464
44.04461 6.554096 0.881123 0.299647 1.969286 3.702269
43.03139 6.526047 0.871256 0.296898 1.959769 3.688775
42.02836 6.499333 0.86126 0.29271 1.949157 3.677358
41.01666 6.475446 0.852332 0.289828 1.938783 3.668055
40.01821 6.454588 0.844037 0.286663 1.928304 3.654359
39.03262 6.433947 0.83475 0.283215 1.918639 3.641981
38.03015 6.415615 0.827941 0.28006 1.909327 3.63043
37.03925 6.399895 0.820187 0.277109 1.901198 3.616988
36.04151 6.379126 0.811256 0.27365 1.890108 3.604797
35.02296 6.357435 0.802101 0.270435 1.879626 3.591007
34.02521 6.336641 0.792905 0.266938 1.871618 3.577278
33.01077 6.310993 0.783865 0.262698 1.861063 3.5614
32.02539 6.291086 0.776229 0.261334 1.853018 3.548525
31.03568 6.266551 0.77006 0.258345 1.842909 3.536058
30.03568 6.241398 0.76127 0.255188 1.832402 3.522084
29.04286 6.218542 0.754213 0.253487 1.825681 3.512156
28.04148 6.196391 0.745561 0.249298 1.817536 3.499438
27.06259 6.176355 0.736911 0.247326 1.811716 3.48515
26.06297 6.157473 0.730696 0.245909 1.803465 3.473344
25.09389 6.136588 0.722638 0.242437 1.794461 3.457725
24.07928 6.114946 0.716177 0.240912 1.787763 3.446685
23.07771 6.092731 0.707017 0.237567 1.77824 3.435884
22.09391 6.072502 0.69637 0.234551 1.769392 3.422215
21.07677 6.05544 0.689752 0.233121 1.760495 3.411839
20.10562 6.036337 0.688338 0.228952 1.749025 3.399066
19.08331 6.019463 0.680063 0.226785 1.740533 3.385763
18.09599 6.001233 0.676072 0.225185 1.732769 3.377282
17.11917 5.97805 0.667497 0.221145 1.723517 3.365489
16.0965 5.955539 0.653157 0.218125 1.716447 3.3514
15.11559 5.931175 0.648239 0.215959 1.708681 3.339383
14.08572 5.907734 0.6408 0.212508 1.701812 3.327869
13.07942 5.888105 0.634907 0.211404 1.695079 3.314488
12.08868 5.868689 0.630269 0.210115 1.686532 3.304851
11.10023 5.850455 0.625942 0.208364 1.676795 3.294686
10.10522 5.829526 0.617903 0.205405 1.66788 3.278995
9.100499 5.810998 0.610216 0.202409 1.660612 3.269478
8.094374 5.793962 0.602471 0.199446 1.655809 3.256857
7.075436 5.775395 0.594317 0.196403 1.651011 3.245846
6.08734 5.759015 0.588267 0.195103 1.643809 3.234253
5.10451 5.738597 0.583247 0.193751 1.637153 3.221733
4.11014 5.714744 0.575557 0.191857 1.626876 3.208356
3.13167 5.696635 0.570191 0.190944 1.617475 3.196425
2.13763 5.678271 0.564649 0.190852 1.607755 3.184047
1.116431 5.661554 0.556614 0.188461 1.597749 3.170702
0.133173 5.644742 0.551985 0.185614 1.590454 3.16223
-0.851753 5.626241 0.545311 0.182912 1.583255 3.150194
-1.817825 5.607828 0.5412 0.181263 1.578788 3.141713
-2.768558 5.586181 0.53535 0.178829 1.571531 3.129404
-3.738459 5.565888 0.529239 0.176743 1.563335 3.114746
-4.714139 5.543762 0.52269 0.173502 1.557011 3.101599
-5.702384 5.519628 0.514542 0.168914 1.548319 3.08675
-6.700667 5.497713 0.510087 0.166086 1.541702 3.07515
-7.711432 5.477922 0.504156 0.164795 1.534891 3.063877
-8.737848 5.456306 0.498392 0.161545 1.525426 3.050555
-9.752213 5.436782 0.490838 0.158641 1.518213 3.03916
-10.75667 5.420368 0.48458 0.157073 1.512726 3.028926
-11.75499 5.402088 0.478558 0.154976 1.505938 3.015299
-12.7479 5.384916 0.473076 0.154429 1.500429 3.00404
-13.7304 5.367188 0.468735 0.153468 1.49222 2.990363
-14.74868 5.345542 0.461702 0.149705 1.482126 2.974943
-15.76757 5.325244 0.456166 0.146636 1.472783 2.964032
-16.77115 5.308284 0.450668 0.1426 1.463068 2.953524
-17.80127 5.290521 0.444733 0.138242 1.453386 2.9431
-18.78693 5.272741 0.439229 0.136011 1.445951 2.93278
-19.7856 5.252605 0.433023 0.133382 1.438722 2.920778
-20.78492 5.231788 0.426902 0.131447 1.430753 2.905769
-21.7782 5.209414 0.422073 0.129836 1.423698 2.889743
-22.79625 5.185678 0.418454 0.128066 1.414108 2.873511
-23.76996 5.16405 0.414114 0.125962 1.406928 2.858412
-24.78867 5.139536 0.408261 0.123449 1.400548 2.84393
-25.79286 5.116957 0.402407 0.122507 1.393461 2.832204
-26.77612 5.096484 0.397366 0.120042 1.386773 2.821557
-27.77462 5.07292 0.389528 0.116946 1.375204 2.80705
-28.7709 5.050247 0.382014 0.113663 1.368435 2.793678
-29.77193 5.028458 0.375217 0.109159 1.361335 2.778596
-30.76975 5.00997 0.367298 0.106531 1.35636 2.765197
-31.77864 4.992591 0.362106 0.106741 1.350603 2.754249
-32.775 4.97581 0.358251 0.106852 1.341704 2.740467
-33.74969 4.954034 0.352578 0.103615 1.331818 2.726642
-34.75718 4.93024 0.347824 0.10044 1.320917 2.714613
-35.74414 4.909251 0.343136 0.095732 1.313742 2.699992
-36.73146 4.887224 0.338832 0.091767 1.301029 2.687553
-37.74513 4.866561 0.334288 0.089718 1.294111 2.675183
-38.74906 4.842064 0.329265 0.086921 1.284543 2.657322
-39.75179 4.815782 0.325129 0.084155 1.275751 2.642916
-40.74602 4.789365 0.318296 0.081219 1.268138 2.624459
-41.74652 4.763178 0.31384 0.080268 1.257508 2.607212
-42.73466 4.73878 0.307874 0.079434 1.247828 2.590377
-43.74355 4.70946 0.30043 0.076048 1.235438 2.570676
-44.75327 4.68543 0.296079 0.073876 1.225577 2.555869
-45.76265 4.657573 0.28995 0.071439 1.217443 2.539416
-46.75143 4.629074 0.284774 0.067166 1.208523 2.52256
-47.74726 4.604527 0.280615 0.065068 1.201492 2.506289
-48.75213 4.574636 0.274212 0.062469 1.195454 2.490213
-49.76254 4.548452 0.269458 0.058198 1.183047 2.474373
-50.77189 4.528997 0.262701 0.058424 1.172454 2.45996
-51.7554 4.506355 0.256108 0.057653 1.162287 2.444123
-52.74876 4.482352 0.250114 0.055303 1.14933 2.424589
-53.71018 4.452324 0.242126 0.052349 1.14082 2.404895
-54.71194 4.418412 0.236112 0.047138 1.12933 2.385733
-55.73257 4.386309 0.231336 0.044421 1.116719 2.368864
-56.75177 4.351528 0.225975 0.040353 1.103444 2.349851
-57.77713 4.321642 0.220649 0.037915 1.089059 2.329747
-58.77465 4.287841 0.202959 0.035817 1.079268 2.309721
-59.77959 4.250772 0.197849 0.030586 1.063379 2.285459
-60.75231 4.21872 0.192184 0.028307 1.050005 2.263256
-61.74797 4.18684 0.188965 0.026285 1.035897 2.240554
-62.73997 4.15204 0.195205 0.023069 1.016958 2.215432
-63.72678 4.116881 0.187723 0.021238 1.003799 2.19282
-64.71777 4.081995 0.182433 0.019976 0.991261 2.17016
-65.72668 4.037668 0.173454 0.016071 0.977296 2.146622
-66.7589 3.997193 0.167039 0.011916 0.964241 2.121923
-67.78885 3.956912 0.157397 0.007597 0.952364 2.095038
-68.83014 3.910747 0.148633 0.003475 0.940112 2.070615
-69.82758 3.872991 0.14135 0.001541 0.927001 2.047424
-70.81956 3.8371 0.133564 4.27E-4 0.91417 2.023418
-71.79192 3.801018 0.129019 -2.1E-4 0.899025 1.999396
-72.75328 3.759623 0.119643 -0.004108 0.881194 1.968596
-73.76923 3.712033 0.111701 -0.007675 0.865758 1.937798
-74.76487 3.667725 0.105675 -0.010665 0.853891 1.91008
-75.78067 3.61374 0.097626 -0.015261 0.838595 1.878327
-76.78709 3.564657 0.090192 -0.018783 0.82329 1.848285
-77.74753 3.519726 0.081551 -0.022282 0.808139 1.818277
-78.73549 3.458422 0.069819 -0.028037 0.788465 1.783342
-79.7379 3.405541 0.060497 -0.031424 0.76743 1.74852
-80.74149 3.354864 0.053172 -0.034692 0.747707 1.716223
-81.76871 3.297942 0.045387 -0.037759 0.724312 1.675872
-82.77167 3.245547 0.03746 -0.040136 0.703646 1.63821
-83.76324 3.184952 0.026294 -0.044095 0.686521 1.601237
-84.7692 3.125128 0.016512 -0.046233 0.670228 1.560063
-85.76834 3.056205 0.006404 -0.051027 0.65261 1.520297
-86.79309 2.988658 -0.003372 -0.055031 0.628419 1.476976
-87.7934 2.925267 -0.01271 -0.058025 0.607047 1.434596
-88.8099 2.851156 -0.023602 -0.063507 0.581233 1.393674
-89.79614 2.790533 -0.033627 -0.066483 0.55469 1.355203
-90.7552 2.733332 -0.04371 -0.070128 0.533283 1.317035
-91.75696 2.662285 -0.056606 -0.075934 0.50239 1.266978
-92.73837 2.586657 -0.069875 -0.082472 0.47423 1.215398
-93.73141 2.505875 -0.083355 -0.088405 0.448106 1.161853
-94.77379 2.409871 -0.09696 -0.094493 0.421639 1.104453
-95.78107 2.322858 -0.106164 -0.098917 0.397282 1.054992
-96.78458 2.239896 -0.116966 -0.103276 0.368822 1.00169
-97.80104 2.151605 -0.130414 -0.109756 0.340613 0.944674
-98.77676 2.067732 -0.142663 -0.114902 0.309971 0.891551
-99.77348 1.97691 -0.15698 -0.121969 0.274937 0.83275
-100.775 1.873272 -0.169481 -0.12609 0.242767 0.775609
-101.7723 1.780382 -0.18354 -0.130413 0.207731 0.712167
-102.7717 1.680032 -0.198583 -0.136677 0.173643 0.649927
-103.7457 1.582028 -0.213764 -0.14134 0.144546 0.58578
-104.7562 1.478289 -0.232074 -0.147986 0.11058 0.511315
-105.7639 1.360741 -0.249588 -0.15514 0.072911 0.439861
-106.7591 1.25197 -0.267553 -0.161482 0.032203 0.362208
-107.7874 1.123742 -0.287309 -0.169972 -0.012206 0.282131
-108.791 1.006799 -0.304731 -0.177924 -0.054837 0.212316
-109.7944 0.894108 -0.32007 -0.184093 -0.098493 0.143161
-110.8121 0.76144 -0.33804 -0.193103 -0.145757 0.063997
-111.8166 0.637311 -0.35531 -0.200593 -0.192511 -0.0185
-112.8065 0.524981 -0.375287 -0.208218 -0.239446 -0.103151
-113.8176 0.378659 -0.397793 -0.217438 -0.286641 -0.197319
-114.8165 0.247091 -0.415935 -0.223695 -0.325894 -0.285129
-115.826 0.107095 -0.435596 -0.232467 -0.372011 -0.373115
-116.8073 -0.053092 -0.456997 -0.24202 -0.422707 -0.471152
-117.8071 -0.205754 -0.479937 -0.251911 -0.47028 -0.568982
-118.8013 -0.371825 -0.504625 -0.262581 -0.528381 -0.666886
-119.7836 -0.529168 -0.528326 -0.270695 -0.585257 -0.762192
-120.8039 -0.693274 -0.553862 -0.280381 -0.644705 -0.863084
-121.7795 -0.85038 -0.578434 -0.290186 -0.705891 -0.96857
-122.7845 -1.004221 -0.602414 -0.299177 -0.759714 -1.068202
-123.7765 -1.182595 -0.632307 -0.313076 -0.819462 -1.187993
-124.7742 -1.360892 -0.658233 -0.324796 -0.873697 -1.30658
-125.7744 -1.552353 -0.682937 -0.334399 -0.935212 -1.421756
-126.7737 -1.753519 -0.713404 -0.346443 -1.004766 -1.554468
-127.7777 -1.947217 -0.738516 -0.356765 -1.065947 -1.669357
-128.7586 -2.13915 -0.765192 -0.367802 -1.131034 -1.784858
-129.7456 -2.335505 -0.794526 -0.381577 -1.204374 -1.906264
-130.7485 -2.531429 -0.823453 -0.394141 -1.278183 -2.028665
-131.7455 -2.744689 -0.856798 -0.408148 -1.358086 -2.166426
-132.7623 -2.974056 -0.890545 -0.422082 -1.438203 -2.304237
-133.7807 -3.197255 -0.924924 -0.43525 -1.512121 -2.442957
-134.7865 -3.432632 -0.956407 -0.450607 -1.580172 -2.580343
-135.7916 -3.665093 -0.988151 -0.461696 -1.652555 -2.71476
-136.8055 -3.912584 -1.022063 -0.476951 -1.735037 -2.86163
-137.8219 -4.167906 -1.057314 -0.493791 -1.811274 -3.013227
-138.8015 -4.406554 -1.091548 -0.506871 -1.893683 -3.153866
-139.8116 -4.662945 -1.128538 -0.524477 -1.984233 -3.306716
-140.8079 -4.88983 -1.161931 -0.539125 -2.067566 -3.456033
-141.7707 -5.126363 -1.196621 -0.552284 -2.151177 -3.59977
-142.7902 -5.401349 -1.238557 -0.57093 -2.244611 -3.771725
-143.7813 -5.659264 -1.278108 -0.588071 -2.330564 -3.936758
-144.7659 -5.944335 -1.318479 -0.604588 -2.415379 -4.104187
-145.7842 -6.245371 -1.358434 -0.624695 -2.513021 -4.279451
-146.7742 -6.531133 -1.396591 -0.639922 -2.601004 -4.441906
-147.7691 -6.829262 -1.435528 -0.658038 -2.691117 -4.606506
-148.7736 -7.121713 -1.477691 -0.674883 -2.786868 -4.770179
-149.7825 -7.412374 -1.517364 -0.69186 -2.889467 -4.940654
-150.7725 -7.700226 -1.55805 -0.712033 -2.996524 -5.123274
-151.7662 -7.991924 -1.599238 -0.727668 -3.096446 -5.301169
-152.7514 -8.300854 -1.64467 -0.747316 -3.200209 -5.486084
-153.7216 -8.596792 -1.688168 -0.764736 -3.292176 -5.650687
-154.6976 -8.895138 -1.727802 -0.780478 -3.374313 -5.803705
-155.7075 -9.243444 -1.776994 -0.802922 -3.480075 -5.990476
-156.7175 -9.594735 -1.822314 -0.825101 -3.582713 -6.174269
-157.7219 -9.951821 -1.87037 -0.846857 -3.684404 -6.374135
-158.7537 -10.32666 -1.923084 -0.869881 -3.802187 -6.587167
-159.7668 -10.66192 -1.966268 -0.888785 -3.912033 -6.779472
-160.7647 -10.97796 -2.013048 -0.908088 -4.020783 -6.980912
-161.7689 -11.3192 -2.06205 -0.929706 -4.132407 -7.186503
-162.7779 -11.65699 -2.108859 -0.949148 -4.240182 -7.384466
-163.7551 -11.99821 -2.157892 -0.968937 -4.345325 -7.583374
-164.7592 -12.35487 -2.201085 -0.986954 -4.446586 -7.770302
-165.7587 -12.71728 -2.245325 -1.007527 -4.552348 -7.95638
-166.7478 -13.08715 -2.290011 -1.029467 -4.652299 -8.141205
-167.7392 -13.44616 -2.332625 -1.050424 -4.747605 -8.320335
-168.726 -13.83048 -2.380405 -1.073327 -4.859444 -8.516541
-169.7442 -14.20513 -2.429963 -1.093669 -4.976092 -8.721977
-170.7655 -14.55559 -2.478012 -1.111056 -5.088739 -8.933267
-171.7755 -14.93822 -2.530198 -1.133532 -5.204358 -9.154776
-172.793 -15.29714 -2.575685 -1.150357 -5.30774 -9.358624
-173.7775 -15.62375 -2.614985 -1.165182 -5.395348 -9.547266
-174.7587 -16.02409 -2.659102 -1.186014 -5.493946 -9.74345
-175.768 -16.40514 -2.698898 -1.203034 -5.587021 -9.922274
-176.772 -16.79701 -2.744225 -1.222757 -5.677151 -10.10289
-177.7776 -17.21504 -2.789824 -1.243192 -5.773956 -10.29058
-178.7965 -17.56949 -2.829697 -1.258468 -5.871388 -10.46287
-179.7926 -17.92595 -2.870175 -1.272857 -5.974331 -10.64812
-180.7577 -18.26717 -2.911847 -1.287835 -6.077569 -10.84684
-181.7571 -18.62784 -2.956345 -1.304229 -6.180435 -11.04415
-182.7272 -18.99996 -3.001971 -1.321148 -6.276665 -11.24527
-183.7172 -19.36235 -3.04298 -1.337449 -6.362109 -11.43274
-184.7336 -19.74814 -3.081955 -1.356 -6.452564 -11.61331
-185.7243 -20.13297 -3.118242 -1.373254 -6.533083 -11.7845
-186.731 -20.50256 -3.147721 -1.388031 -6.604475 -11.93687
-187.7408 -20.89453 -3.186375 -1.406219 -6.68604 -12.1096
-188.746 -21.27442 -3.219202 -1.420737 -6.761571 -12.27167
-189.7589 -21.62439 -3.253407 -1.432766 -6.842366 -12.44
-190.7559 -21.98671 -3.294516 -1.449685 -6.927875 -12.62954
-191.7597 -22.31735 -3.32473 -1.459857 -6.997217 -12.79211
-192.7375 -22.63078 -3.352381 -1.468392 -7.064748 -12.94748
-193.7274 -22.96339 -3.382787 -1.479889 -7.130451 -13.1022
-194.7173 -23.29419 -3.409876 -1.489669 -7.194677 -13.2481
-195.707 -23.66214 -3.439672 -1.50287 -7.265318 -13.38916
-196.7447 -24.02957 -3.471668 -1.514987 -7.325854 -13.52561
-197.7485 -24.37503 -3.496078 -1.524945 -7.381957 -13.65328
-198.758 -24.71837 -3.519432 -1.533263 -7.437902 -13.77582
-199.751 -25.0044 -3.542154 -1.53787 -7.480343 -13.9024
-200.7163 -25.3028 -3.567861 -1.547302 -7.531015 -14.04398
-201.6985 -25.58814 -3.592849 -1.55528 -7.575139 -14.1727
-202.6834 -25.83808 -3.611595 -1.558192 -7.603234 -14.28149
-203.6739 -26.12166 -3.633258 -1.566874 -7.645003 -14.39404
-204.6685 -26.38106 -3.648629 -1.572385 -7.674178 -14.4844
-205.658 -26.64855 -3.659928 -1.575978 -7.692179 -14.55914
-206.6641 -26.95262 -3.680096 -1.586504 -7.727312 -14.65013
-207.6693 -27.23188 -3.694748 -1.592485 -7.752951 -14.73559
-208.6633 -27.51452 -3.710377 -1.598746 -7.786124 -14.82031
-209.6729 -27.78381 -3.73228 -1.606287 -7.826533 -14.92573
-210.6628 -28.01989 -3.748161 -1.610074 -7.852534 -15.01643
-211.6574 -28.23334 -3.759691 -1.612295 -7.87368 -15.09415
-212.6791 -28.43009 -3.770134 -1.61176 -7.88362 -15.16432
-213.6885 -28.62836 -3.778888 -1.612769 -7.89387 -15.22239
-214.719 -28.82666 -3.789623 -1.615362 -7.90085 -15.27888
-215.736 -29.03561 -3.797635 -1.617605 -7.892863 -15.31048
-216.7452 -29.24067 -3.805191 -1.619876 -7.888813 -15.3401
-217.7563 -29.41778 -3.810155 -1.619624 -7.88098 -15.36159
-218.7255 -29.56017 -3.809748 -1.615629 -7.87293 -15.37014
-219.7186 -29.71135 -3.822214 -1.617496 -7.882392 -15.40971
-220.7166 -29.84881 -3.831562 -1.618842 -7.888202 -15.44111
-221.7253 -29.9569 -3.837152 -1.618744 -7.886801 -15.46438
-222.7596 -30.08471 -3.845469 -1.620161 -7.887318 -15.48867
-223.7611 -30.16862 -3.842944 -1.61594 -7.87532 -15.48973
-224.7565 -30.24254 -3.842157 -1.614389 -7.855691 -15.48275
-225.745 -30.34985 -3.843205 -1.613722 -7.835819 -15.46695
-226.7377 -30.43272 -3.841453 -1.611115 -7.810353 -15.44457
-227.7611 -30.51429 -3.840848 -1.611045 -7.785696 -15.42081
-228.757 -30.57435 -3.838804 -1.607757 -7.765683 -15.39785
-229.7543 -30.60662 -3.839252 -1.60607 -7.738894 -15.37747
-230.7513 -30.6245 -3.838711 -1.604014 -7.709176 -15.3555
-231.7169 -30.60321 -3.833869 -1.598774 -7.676332 -15.31975
-232.7192 -30.60311 -3.834317 -1.595384 -7.644905 -15.28793
-233.7336 -30.60072 -3.832634 -1.592382 -7.623991 -15.25432
-234.722 -30.58461 -3.829109 -1.590561 -7.595767 -15.20696
-235.7333 -30.61062 -3.831187 -1.590123 -7.567745 -15.16071
-236.7339 -30.60049 -3.824822 -1.587499 -7.530988 -15.09933
-237.7178 -30.5569 -3.816707 -1.581686 -7.488553 -15.02931
-238.7339 -30.5243 -3.815115 -1.578903 -7.460603 -14.97779
-239.7289 -30.45549 -3.811825 -1.575054 -7.423004 -14.9203
-240.7509 -30.3794 -3.808428 -1.571004 -7.39107 -14.86255
-241.7548 -30.29342 -3.805244 -1.569523 -7.358033 -14.80466
-242.7418 -30.19032 -3.797126 -1.564366 -7.315866 -14.72877
-243.744 -30.08184 -3.789289 -1.558181 -7.281388 -14.65803
-244.7197 -29.98033 -3.784078 -1.557209 -7.24073 -14.58512
-245.7384 -29.90032 -3.778203 -1.552988 -7.199312 -14.50895
-246.7533 -29.82126 -3.772439 -1.54907 -7.158659 -14.43532
-247.758 -29.72494 -3.763009 -1.546588 -7.116957 -14.35433
-248.7657 -29.61445 -3.757426 -1.541658 -7.079963 -14.27828
-249.7482 -29.48252 -3.752167 -1.539842 -7.037732 -14.19809
-250.7276 -29.32016 -3.743096 -1.536072 -6.994958 -14.11369
-251.7166 -29.17113 -3.740187 -1.533394 -6.955987 -14.03992
-252.7211 -29.01502 -3.731068 -1.527783 -6.913124 -13.95756
-253.721 -28.85467 -3.724311 -1.521162 -6.874352 -13.87624
-254.7263 -28.71382 -3.721006 -1.520408 -6.838426 -13.79521
-255.7173 -28.54886 -3.709857 -1.51376 -6.794348 -13.69632
-256.7205 -28.37313 -3.700401 -1.508539 -6.75133 -13.59682
-257.6989 -28.20515 -3.691409 -1.506416 -6.716847 -13.5071
-258.6942 -28.03346 -3.684618 -1.502246 -6.681355 -13.42448
-259.7207 -27.88445 -3.681887 -1.502619 -6.649292 -13.34807
-260.744 -27.73229 -3.677436 -1.502037 -6.616835 -13.27147
-261.7773 -27.57251 -3.669807 -1.498546 -6.580307 -13.18913
-262.7733 -27.39428 -3.661844 -1.494049 -6.544603 -13.10231
-263.7766 -27.19901 -3.652791 -1.488973 -6.506279 -13.01526
-264.7468 -27.02531 -3.64795 -1.48717 -6.470017 -12.93342
-265.7509 -26.84341 -3.641409 -1.485288 -6.4293 -12.84509
-266.7621 -26.66085 -3.630991 -1.481144 -6.385252 -12.7539
-267.7634 -26.4836 -3.623197 -1.480774 -6.349933 -12.67213
-268.7668 -26.2918 -3.613173 -1.477158 -6.310259 -12.58673
-269.7611 -26.09358 -3.60375 -1.473548 -6.270088 -12.50015
-270.7701 -25.92873 -3.599953 -1.473637 -6.240298 -12.42938
-271.7747 -25.74698 -3.592227 -1.468651 -6.202275 -12.34717
-272.778 -25.56754 -3.58557 -1.464137 -6.169845 -12.26659
-273.7762 -25.39032 -3.582497 -1.4635 -6.138712 -12.19546
-274.7799 -25.18897 -3.574851 -1.460037 -6.100983 -12.10863
-275.7546 -25.00499 -3.568727 -1.45709 -6.065184 -12.02296
-276.7489 -24.81981 -3.558867 -1.457912 -6.028893 -11.93913
-277.7231 -24.6416 -3.547325 -1.454584 -5.998992 -11.85862
-278.7191 -24.4811 -3.542467 -1.452702 -5.967015 -11.78724
-279.7349 -24.30568 -3.532959 -1.452071 -5.935342 -11.71561
-280.7225 -24.13288 -3.526927 -1.44717 -5.907979 -11.64416
-281.7473 -23.96589 -3.520476 -1.444126 -5.876616 -11.56934
-282.7295 -23.78421 -3.507676 -1.437409 -5.84784 -11.49112
-283.7058 -23.62457 -3.503677 -1.438287 -5.823194 -11.42105
-284.7031 -23.46466 -3.497838 -1.439065 -5.793669 -11.35215
-285.6948 -23.29416 -3.491431 -1.438036 -5.761934 -11.28355
-286.7014 -23.13482 -3.487968 -1.442018 -5.736067 -11.21241
-287.6938 -22.96355 -3.477492 -1.438298 -5.706549 -11.14167
-288.7006 -22.79778 -3.468294 -1.438183 -5.674832 -11.07049
-289.6932 -22.64655 -3.461276 -1.437717 -5.647772 -10.99967
-290.7048 -22.49013 -3.451918 -1.43525 -5.619037 -10.93441
-291.7318 -22.34142 -3.445368 -1.432793 -5.591769 -10.8672
-292.7214 -22.18794 -3.43722 -1.43131 -5.567841 -10.80341
-293.7297 -22.03552 -3.429086 -1.430421 -5.542094 -10.7411
-294.7057 -21.88593 -3.42238 -1.432028 -5.515602 -10.67776
-295.6985 -21.72418 -3.413136 -1.432685 -5.48902 -10.61297
-296.696 -21.57685 -3.409611 -1.4331 -5.464955 -10.55079
-297.6894 -21.42927 -3.401651 -1.431431 -5.44265 -10.49156
-298.6943 -21.29016 -3.392743 -1.431553 -5.41522 -10.43406
-299.6876 -21.16022 -3.387743 -1.433635 -5.392318 -10.38025
-300.6911 -21.02271 -3.377046 -1.432446 -5.369393 -10.32159
-301.6895 -20.88844 -3.369267 -1.432272 -5.345505 -10.26237
-302.6831 -20.75725 -3.361702 -1.432921 -5.328312 -10.20811
-303.6833 -20.62737 -3.356038 -1.431456 -5.305225 -10.15196
-304.691 -20.49808 -3.345641 -1.431866 -5.281324 -10.09665
-305.6968 -20.36573 -3.338275 -1.431257 -5.256035 -10.03929
-306.696 -20.23153 -3.330138 -1.429895 -5.232652 -9.98252
-307.6624 -20.09846 -3.32105 -1.429981 -5.20989 -9.928013
-308.644 -19.97534 -3.318237 -1.431127 -5.185305 -9.876988
-309.6389 -19.85561 -3.311116 -1.433559 -5.168827 -9.826232
-310.6465 -19.73846 -3.305704 -1.434585 -5.14678 -9.776458
-311.6686 -19.62173 -3.295243 -1.435211 -5.128311 -9.726044
-312.6851 -19.50345 -3.2893 -1.435952 -5.11327 -9.680471
-313.6944 -19.38696 -3.283054 -1.438245 -5.091335 -9.633066
-314.6864 -19.26666 -3.273998 -1.437892 -5.07228 -9.58275
-315.703 -19.15387 -3.270455 -1.441189 -5.05322 -9.537165
-316.71 -19.04183 -3.26405 -1.442208 -5.034386 -9.487062
-317.7079 -18.9334 -3.25803 -1.442913 -5.014327 -9.442505
-318.7174 -18.83555 -3.254548 -1.446472 -4.99577 -9.398913
-319.7135 -18.72859 -3.246855 -1.445844 -4.974978 -9.353432
-320.7016 -18.62516 -3.235992 -1.446618 -4.957288 -9.307131
-321.7063 -18.52626 -3.226764 -1.44825 -4.943372 -9.266981
-322.7163 -18.42474 -3.220983 -1.450366 -4.928062 -9.226055
-323.7374 -18.33069 -3.214656 -1.452466 -4.913121 -9.18356
-324.7388 -18.23194 -3.207144 -1.453252 -4.892205 -9.144972
-325.7321 -18.12882 -3.201015 -1.453955 -4.871742 -9.104801
-326.7162 -18.02924 -3.193531 -1.454548 -4.85467 -9.065646
-327.6978 -17.92931 -3.185063 -1.456083 -4.835043 -9.026641
-328.7019 -17.8364 -3.181228 -1.459956 -4.820316 -8.988679
-329.714 -17.74108 -3.173645 -1.46149 -4.806287 -8.947398
-330.7245 -17.64815 -3.162333 -1.460117 -4.790181 -8.90283
-331.7381 -17.55884 -3.154918 -1.461781 -4.780697 -8.867119
-332.7293 -17.46726 -3.146074 -1.462789 -4.766058 -8.827172
-333.7148 -17.38171 -3.137979 -1.465194 -4.749172 -8.786287
-334.7114 -17.29637 -3.133571 -1.471147 -4.734715 -8.755016
-335.699 -17.21088 -3.128221 -1.473994 -4.718349 -8.718767
-336.719 -17.13081 -3.122074 -1.477627 -4.702962 -8.685758
-337.719 -17.05481 -3.119656 -1.482052 -4.690174 -8.655428
-338.7312 -16.97696 -3.113128 -1.485274 -4.674967 -8.621161
-339.7285 -16.89802 -3.105433 -1.488038 -4.658789 -8.586885
-340.7355 -16.81841 -3.098547 -1.490838 -4.645463 -8.551993
-341.7502 -16.73905 -3.090871 -1.493089 -4.630204 -8.520506
-342.7467 -16.66222 -3.08735 -1.495838 -4.61355 -8.488268
-343.7485 -16.58463 -3.081269 -1.498279 -4.601007 -8.45322
-344.7436 -16.50826 -3.075372 -1.4996 -4.588281 -8.422896
-345.7239 -16.42798 -3.068628 -1.501599 -4.576878 -8.392227
-346.6961 -16.34939 -3.060052 -1.50313 -4.567662 -8.361327
-347.683 -16.28213 -3.056715 -1.507569 -4.555191 -8.334426
-348.6744 -16.20986 -3.052982 -1.512685 -4.541262 -8.303651
-349.6729 -16.14007 -3.045464 -1.514468 -4.532118 -8.269649
-350.6973 -16.07447 -3.040598 -1.518456 -4.52063 -8.240213
-351.718 -15.99781 -3.035448 -1.520826 -4.50682 -8.210408
-352.7088 -15.93044 -3.02866 -1.522621 -4.495087 -8.1798
-353.713 -15.86296 -3.023667 -1.527755 -4.477776 -8.15298
-354.7227 -15.79508 -3.019354 -1.53044 -4.4665 -8.123575
-355.7234 -15.73138 -3.010305 -1.533956 -4.457269 -8.097479
-356.7321 -15.66819 -3.005474 -1.538383 -4.444337 -8.072273
-357.7206 -15.60726 -3.001341 -1.541743 -4.431885 -8.045461
-358.7027 -15.544 -2.99315 -1.545111 -4.415523 -8.020708
-359.6938 -15.48373 -2.986437 -1.546988 -4.400621 -7.991585
-360.6827 -15.4246 -2.981035 -1.549493 -4.391389 -7.966877
-361.6876 -15.36646 -2.976837 -1.553192 -4.383211 -7.941425
-362.6968 -15.30893 -2.972417 -1.556586 -4.371984 -7.914083
-363.7254 -15.25241 -2.969217 -1.561132 -4.362211 -7.889746
-364.7446 -15.19048 -2.962374 -1.562821 -4.351152 -7.863095
-365.7516 -15.12864 -2.954199 -1.565127 -4.340379 -7.839068
-366.7484 -15.07249 -2.951262 -1.569977 -4.333316 -7.817322
-367.7312 -15.01472 -2.946819 -1.57316 -4.322666 -7.791878
-368.7222 -14.95941 -2.942492 -1.57714 -4.312582 -7.766335
-369.7321 -14.90329 -2.939283 -1.58109 -4.302058 -7.739605
-370.7089 -14.84749 -2.932047 -1.583346 -4.291566 -7.713612
-371.689 -14.7899 -2.926683 -1.586593 -4.279613 -7.690372
-372.7012 -14.73538 -2.921806 -1.590517 -4.268401 -7.667503
-373.6895 -14.68514 -2.916543 -1.592712 -4.25802 -7.647946
-374.7325 -14.63356 -2.912351 -1.596201 -4.248024 -7.62668
-375.738 -14.58376 -2.906121 -1.598848 -4.240371 -7.607798
-376.717 -14.53666 -2.903064 -1.602447 -4.231059 -7.590039
-377.7338 -14.48974 -2.898394 -1.606536 -4.220386 -7.567812
-378.7001 -14.43839 -2.891109 -1.607815 -4.209004 -7.547016
-379.6976 -14.3935 -2.888367 -1.611549 -4.198845 -7.525186
-380.7196 -14.34499 -2.881974 -1.61412 -4.188211 -7.503991
-381.6973 -14.29618 -2.877689 -1.616835 -4.176715 -7.482416
-382.7216 -14.25189 -2.876813 -1.62118 -4.167134 -7.460259
-383.7085 -14.2017 -2.871213 -1.62216 -4.155517 -7.438861
-384.6851 -14.15415 -2.866508 -1.623708 -4.146028 -7.413837
-385.6869 -14.10396 -2.862767 -1.626439 -4.137958 -7.396455
-386.6577 -14.05891 -2.859693 -1.629676 -4.12792 -7.378243
-387.6805 -14.01576 -2.858529 -1.633977 -4.12036 -7.356808
-388.6774 -13.97108 -2.856452 -1.637439 -4.112869 -7.338699
-389.6642 -13.93126 -2.853631 -1.640958 -4.105853 -7.317157
-390.6754 -13.88903 -2.849026 -1.64393 -4.100206 -7.298794
-391.6656 -13.84812 -2.843912 -1.646487 -4.091489 -7.282522
-392.6785 -13.80828 -2.840167 -1.649883 -4.081693 -7.266783
-393.7017 -13.76923 -2.836265 -1.652203 -4.073589 -7.251698
-394.7039 -13.72943 -2.832884 -1.654045 -4.063067 -7.234019
-395.6986 -13.69015 -2.830041 -1.657304 -4.057086 -7.21863
-396.6711 -13.6518 -2.826926 -1.660372 -4.048302 -7.202242
-397.6494 -13.61147 -2.821813 -1.66107 -4.037262 -7.183613
-398.6602 -13.57303 -2.818127 -1.664883 -4.029236 -7.168783
-399.6755 -13.53615 -2.814339 -1.667306 -4.01862 -7.150326
-400.7206 -13.50232 -2.810843 -1.669683 -4.010086 -7.133625
-401.7296 -13.46659 -2.809101 -1.674353 -4.000448 -7.116315
-402.7136 -13.4286 -2.805779 -1.675255 -3.993008 -7.097588
-403.7163 -13.39127 -2.803043 -1.676021 -3.986422 -7.079701
-404.68 -13.35179 -2.800973 -1.677312 -3.98255 -7.062309
-405.6807 -13.31588 -2.799076 -1.678941 -3.979477 -7.049343
-406.6754 -13.28234 -2.797948 -1.68152 -3.973326 -7.033457
-407.6445 -13.24751 -2.794654 -1.684554 -3.966357 -7.017828
-408.6502 -13.21221 -2.791693 -1.686855 -3.958879 -7.00359
-409.6304 -13.17975 -2.789029 -1.688901 -3.952267 -6.987135
-410.605 -13.14985 -2.787002 -1.690299 -3.943824 -6.974136
-411.622 -13.12135 -2.788004 -1.693919 -3.936519 -6.963473
-412.6223 -13.09145 -2.78735 -1.696445 -3.929549 -6.951081
-413.6313 -13.05619 -2.785233 -1.698213 -3.921994 -6.938128
-414.6738 -13.02687 -2.783805 -1.702387 -3.918646 -6.926389
-415.6857 -12.9974 -2.781145 -1.704266 -3.91251 -6.914437
-416.6984 -12.96743 -2.778366 -1.706076 -3.903161 -6.901958
-417.7004 -12.94319 -2.777754 -1.707875 -3.895386 -6.891035
-418.6814 -12.91315 -2.774839 -1.708885 -3.885299 -6.878611
-419.6654 -12.88329 -2.773141 -1.70938 -3.879036 -6.86552
-420.6635 -12.8561 -2.772651 -1.711028 -3.873493 -6.853645
-421.6885 -12.82806 -2.770737 -1.712407 -3.868597 -6.838288
-422.7039 -12.80136 -2.76971 -1.712609 -3.865993 -6.824189
-423.7133 -12.77342 -2.768414 -1.713181 -3.861164 -6.81012
-424.7081 -12.74714 -2.767444 -1.715186 -3.860768 -6.798651
-425.6973 -12.72362 -2.766226 -1.718734 -3.856726 -6.789632
-426.7083 -12.6961 -2.764316 -1.721406 -3.851053 -6.778155
-427.7015 -12.67347 -2.763304 -1.724071 -3.846187 -6.768559
-428.7133 -12.6517 -2.760983 -1.726002 -3.839474 -6.757767
-429.6931 -12.62752 -2.760396 -1.726702 -3.834414 -6.748736
-430.699 -12.60907 -2.760794 -1.728674 -3.830209 -6.742225
-431.7074 -12.58674 -2.759842 -1.730079 -3.824224 -6.734309
-432.6971 -12.56558 -2.759429 -1.731644 -3.817691 -6.726542
-433.7244 -12.54581 -2.75684 -1.733501 -3.813481 -6.719128
-434.7043 -12.52357 -2.754185 -1.733187 -3.808191 -6.708864
-435.7 -12.50488 -2.753316 -1.73625 -3.803681 -6.699681
-436.6751 -12.48121 -2.752457 -1.738073 -3.799351 -6.690288
-437.6626 -12.46095 -2.7532 -1.739654 -3.793635 -6.681353
-438.6674 -12.44061 -2.755346 -1.743326 -3.789478 -6.67473
-439.6523 -12.41865 -2.754666 -1.743094 -3.786777 -6.669825
-440.6547 -12.40445 -2.756599 -1.745316 -3.783749 -6.663112
-441.6636 -12.38546 -2.758312 -1.745182 -3.782417 -6.655036
-442.6485 -12.36453 -2.757814 -1.745315 -3.780624 -6.648639
-443.6582 -12.34682 -2.760235 -1.749514 -3.780611 -6.639883
-444.6739 -12.32784 -2.758997 -1.749653 -3.776843 -6.632893
-445.6602 -12.31216 -2.757652 -1.75177 -3.7739 -6.626958
-446.6599 -12.30025 -2.758152 -1.753746 -3.772216 -6.622367
-447.664 -12.28739 -2.757536 -1.752177 -3.767703 -6.616779
-448.6588 -12.27455 -2.757957 -1.753103 -3.767474 -6.610859
-449.661 -12.2638 -2.762146 -1.754077 -3.764856 -6.609095
-450.6563 -12.2516 -2.763983 -1.754807 -3.760092 -6.603465
-451.6547 -12.24232 -2.766765 -1.756807 -3.757037 -6.601182
-452.6558 -12.23177 -2.769236 -1.755043 -3.752491 -6.599606
-453.6584 -12.22041 -2.768799 -1.756247 -3.750741 -6.593832
-454.6733 -12.21043 -2.771044 -1.758387 -3.749797 -6.592626
-455.6746 -12.19787 -2.772135 -1.758969 -3.746492 -6.586379
-456.676 -12.18536 -2.773159 -1.764679 -3.746452 -6.582563
-457.6681 -12.17269 -2.776091 -1.766192 -3.743578 -6.57892
-458.6436 -12.16048 -2.776841 -1.766324 -3.741608 -6.574071
-459.6326 -12.15098 -2.779494 -1.767456 -3.742466 -6.575722
-460.6286 -12.14457 -2.781697 -1.766628 -3.741066 -6.572939
-461.6252 -12.13486 -2.781071 -1.766693 -3.739856 -6.571111
-462.6335 -12.12731 -2.784498 -1.769178 -3.74168 -6.571131
-463.6481 -12.11906 -2.786566 -1.770206 -3.742554 -6.570117
-464.6437 -12.11158 -2.790466 -1.7723 -3.74311 -6.572403
-465.6613 -12.10976 -2.795276 -1.775659 -3.744914 -6.573773
-466.6757 -12.10334 -2.795844 -1.775439 -3.744976 -6.573921
-467.6707 -12.10007 -2.795271 -1.777354 -3.745284 -6.574042
-468.6821 -12.09447 -2.793052 -1.777985 -3.747251 -6.575326
-469.6674 -12.09063 -2.795805 -1.779581 -3.748381 -6.578686
-470.6543 -12.08842 -2.799613 -1.782172 -3.748064 -6.579804
-471.6346 -12.08451 -2.803705 -1.783807 -3.746399 -6.580711
-472.6296 -12.08358 -2.811751 -1.786397 -3.747329 -6.582639
-473.6467 -12.07859 -2.81655 -1.787583 -3.748622 -6.585206
-474.644 -12.0764 -2.822134 -1.788809 -3.749115 -6.587276
-475.6707 -12.07652 -2.830904 -1.790949 -3.752615 -6.593479
-476.6876 -12.07068 -2.838359 -1.791124 -3.75409 -6.597084
-477.6744 -12.06709 -2.843423 -1.791399 -3.755863 -6.598661
-478.6955 -12.06922 -2.843725 -1.792873 -3.759506 -6.604789
-479.6922 -12.06532 -2.848025 -1.793451 -3.761699 -6.605951
-480.674 -12.0675 -2.850565 -1.795455 -3.764 -6.606622
-481.6993 -12.06845 -2.85474 -1.797813 -3.766232 -6.609993
-482.6985 -12.06531 -2.864913 -1.800161 -3.77002 -6.613074
-483.6949 -12.06791 -2.870868 -1.802606 -3.774095 -6.620571
-484.7021 -12.07008 -2.877377 -1.805057 -3.777009 -6.627278
-485.6698 -12.07351 -2.882591 -1.806587 -3.783034 -6.633557
-486.6534 -12.07134 -2.887053 -1.806797 -3.784784 -6.639354
-487.6441 -12.07008 -2.889792 -1.807782 -3.786345 -6.641683
-488.6422 -12.07119 -2.894821 -1.809326 -3.792379 -6.649054
-489.6349 -12.07589 -2.902286 -1.81223 -3.79581 -6.655245
-490.6415 -12.0815 -2.906698 -1.81523 -3.800523 -6.658487
-491.6387 -12.08959 -2.912358 -1.818532 -3.806709 -6.665756
-492.6533 -12.09506 -2.916545 -1.820642 -3.81047 -6.670885
-493.6761 -12.09464 -2.91855 -1.822013 -3.813738 -6.677044
-494.6785 -12.1026 -2.925112 -1.82469 -3.820952 -6.684715
-495.7093 -12.10364 -2.930312 -1.826491 -3.827114 -6.690998
-496.6855 -12.1005 -2.936628 -1.827756 -3.832899 -6.696375
-497.6753 -12.10214 -2.945734 -1.829429 -3.840792 -6.701069
-498.658 -12.09945 -2.954795 -1.831773 -3.84508 -6.707243
-499.6335 -12.1006 -2.964591 -1.834574 -3.847859 -6.711291
-500.6343 -12.10541 -2.974502 -1.838304 -3.850715 -6.71682
-501.6237 -12.11242 -2.983822 -1.842216 -3.854111 -6.724686
-502.6632 -12.11912 -2.992071 -1.84518 -3.859847 -6.73345
-503.6547 -12.1243 -3.000305 -1.847203 -3.867246 -6.743427
-504.6529 -12.13194 -3.009389 -1.84953 -3.875553 -6.751332
-505.6671 -12.13483 -3.016557 -1.850573 -3.882295 -6.759732
-506.6328 -12.13233 -3.023388 -1.8508 -3.887025 -6.764194
-507.6273 -12.13364 -3.031362 -1.853285 -3.893947 -6.771557
-508.631 -12.13494 -3.038955 -1.855815 -3.89943 -6.779775
-509.613 -12.13543 -3.047192 -1.859142 -3.903633 -6.783829
-510.605 -12.13967 -3.056736 -1.862944 -3.90847 -6.790036
-511.6226 -12.14348 -3.064354 -1.864792 -3.91402 -6.793011
-512.6118 -12.14365 -3.072183 -1.865268 -3.919592 -6.796993
-513.6155 -12.14719 -3.082432 -1.867561 -3.926393 -6.805225
-514.637 -12.15287 -3.091472 -1.870316 -3.934003 -6.810797
-515.6416 -12.15286 -3.101275 -1.873024 -3.93916 -6.817506
-516.6359 -12.15139 -3.110413 -1.877027 -3.944671 -6.823051
-517.6489 -12.14949 -3.119897 -1.878911 -3.953772 -6.825247
-518.6378 -12.14951 -3.129731 -1.881308 -3.959502 -6.831594
-519.6218 -12.15079 -3.139839 -1.883022 -3.965887 -6.832789
-520.6523 -12.15416 -3.150219 -1.885769 -3.973711 -6.839994
-521.669 -12.16033 -3.160095 -1.889164 -3.97992 -6.845176
-522.6763 -12.15963 -3.170557 -1.890612 -3.987708 -6.850045
-523.6851 -12.16118 -3.182913 -1.894567 -3.995644 -6.860301
-524.6836 -12.16248 -3.192608 -1.896711 -4.001032 -6.863278
-525.6487 -12.15546 -3.199485 -1.897189 -4.003647 -6.86448
-526.6399 -12.1516 -3.207938 -1.899708 -4.007617 -6.869117
-527.6412 -12.14492 -3.213229 -1.900939 -4.01243 -6.874209
-528.6407 -12.14028 -3.220486 -1.903284 -4.015443 -6.878543
-529.6757 -12.13756 -3.227307 -1.906342 -4.019912 -6.883726
-530.696 -12.1323 -3.231608 -1.907719 -4.02381 -6.885701
-531.7029 -12.13099 -3.23792 -1.908997 -4.028932 -6.885635
-532.7318 -12.12666 -3.244776 -1.909223 -4.036312 -6.888574
-533.7231 -12.12284 -3.25534 -1.911274 -4.04307 -6.892736
-534.7139 -12.11978 -3.266409 -1.913652 -4.050205 -6.893697
-535.7057 -12.10818 -3.275862 -1.915054 -4.054638 -6.89151
-536.6781 -12.09742 -3.286267 -1.918501 -4.058494 -6.891557
-537.6642 -12.0878 -3.294748 -1.920383 -4.062636 -6.891609
-538.6514 -12.07989 -3.301531 -1.922227 -4.06383 -6.89129
-539.6624 -12.07585 -3.309658 -1.925294 -4.067952 -6.89488
-540.6663 -12.07126 -3.315294 -1.927416 -4.072821 -6.896344
-541.6844 -12.06742 -3.322948 -1.92994 -4.077837 -6.896631
-542.6924 -12.06206 -3.335231 -1.932662 -4.085911 -6.899034
-543.7032 -12.05458 -3.346368 -1.934812 -4.089451 -6.897707
-544.6926 -12.04657 -3.358303 -1.935596 -4.091035 -6.894705
-545.694 -12.03537 -3.368082 -1.936397 -4.093841 -6.893413
-546.6903 -12.02061 -3.37495 -1.936745 -4.094437 -6.892653
-547.673 -12.00959 -3.38416 -1.938093 -4.098092 -6.8936
-548.6793 -11.9982 -3.392847 -1.93915 -4.099876 -6.892416
-549.6776 -11.98448 -3.401654 -1.940179 -4.102033 -6.891535
-550.6765 -11.97387 -3.409937 -1.941093 -4.105093 -6.888939
-551.6597 -11.96131 -3.416774 -1.941511 -4.107288 -6.885065
-552.6532 -11.94933 -3.425541 -1.945163 -4.113218 -6.884731
-553.6763 -11.94019 -3.434456 -1.948021 -4.116657 -6.882138
-554.6975 -11.92708 -3.441193 -1.951135 -4.120286 -6.877308
-555.7299 -11.91322 -3.449528 -1.954387 -4.123693 -6.872701
-556.73 -11.89964 -3.455306 -1.955768 -4.125593 -6.869145
-557.7106 -11.88474 -3.462117 -1.957189 -4.125787 -6.866079
-558.696 -11.8719 -3.471903 -1.959587 -4.127463 -6.865651
-559.6735 -11.85895 -3.478732 -1.960936 -4.127387 -6.865251
-560.675 -11.84489 -3.485856 -1.960534 -4.127781 -6.86286
-561.649 -11.83154 -3.492361 -1.962054 -4.132596 -6.862138
-562.636 -11.81721 -3.49875 -1.96267 -4.133613 -6.85868
-563.6402 -11.80389 -3.504978 -1.962966 -4.135905 -6.856548
-564.6332 -11.78883 -3.511774 -1.96666 -4.137382 -6.853356
-565.6428 -11.76967 -3.517623 -1.96892 -4.136154 -6.849979
-566.6721 -11.75546 -3.523663 -1.971283 -4.13721 -6.847714
-567.6682 -11.7365 -3.530972 -1.973737 -4.137126 -6.842014
-568.683 -11.7176 -3.537607 -1.97436 -4.13744 -6.837218
-569.6845 -11.70229 -3.543152 -1.974273 -4.139561 -6.831882
-570.6686 -11.68562 -3.546739 -1.973709 -4.14057 -6.826334
-571.6815 -11.67012 -3.551356 -1.975325 -4.143736 -6.825195
-572.6884 -11.65732 -3.556143 -1.977688 -4.146375 -6.821907
-573.6855 -11.64265 -3.560071 -1.979957 -4.146936 -6.816157
-574.6886 -11.62898 -3.565375 -1.982669 -4.148879 -6.812092
-575.6757 -11.61457 -3.568169 -1.984718 -4.148242 -6.805444
-576.6472 -11.59655 -3.571938 -1.985249 -4.147863 -6.801116
-577.6708 -11.58175 -3.579545 -1.987603 -4.145914 -6.799411
-578.6749 -11.56457 -3.586244 -1.989592 -4.144554 -6.797528
-579.6769 -11.55037 -3.592283 -1.989937 -4.143767 -6.795805
-580.6817 -11.53537 -3.598485 -1.991179 -4.143253 -6.793296
-581.6775 -11.51873 -3.601844 -1.99196 -4.146963 -6.791343
-582.6845 -11.50306 -3.606749 -1.994123 -4.147885 -6.789651
-583.7015 -11.48382 -3.61076 -1.996296 -4.147942 -6.785882
-584.7252 -11.46835 -3.614986 -1.998932 -4.148256 -6.783737
-585.7144 -11.45166 -3.618248 -2.000177 -4.14472 -6.7783
-586.6956 -11.43408 -3.618708 -2.002061 -4.142812 -6.772568
-587.6826 -11.41953 -3.624172 -2.004162 -4.142676 -6.769212
-588.661 -11.4034 -3.627823 -2.004819 -4.143132 -6.763525
-589.6367 -11.38393 -3.631289 -2.006746 -4.145139 -6.760274
-590.6359 -11.36531 -3.637932 -2.007339 -4.14981 -6.758149
-591.6263 -11.34588 -3.640398 -2.010329 -4.153011 -6.75523
-592.6163 -11.3306 -3.643813 -2.013292 -4.156025 -6.752668
-593.6541 -11.3179 -3.647502 -2.017391 -4.159544 -6.749449
-594.668 -11.30422 -3.650541 -2.019847 -4.160064 -6.744502
-595.6655 -11.29207 -3.65478 -2.021001 -4.162501 -6.741254
-596.6786 -11.2786 -3.657502 -2.023418 -4.1639 -6.737315
-597.6513 -11.2654 -3.662848 -2.026005 -4.163637 -6.73632
