1 -106.2307 -399.8975 -0.000692 0.000132
2 -100.3748 -399.8 -0.000622 0.000129
3 -100.4809 -399.7196 -0.000586 0.00013
4 -101.5588 -399.6141 -0.00057 0.000131
5 -105.6551 -399.5079 -0.000553 0.000127
6 -161.7393 -399.4119 -0.00057 0.000147
7 -100.8671 -399.2816 -0.000591 0.000139
8 -100.916 -399.1818 -0.000611 0.000157
9 -112.1094 -399.1459 -0.000635 0.000172
10 -106.1652 -399.0271 -0.000675 0.000185
11 -107.2769 -399.9426 -0.000709 0.000201
12 -146.4068 -399.8657 -0.000751 0.000216
13 -149.5047 -399.7285 -0.000786 0.000243
14 -177.5375 -399.5945 -0.000821 0.000274
15 -180.607 -399.4749 -0.000868 0.000308
16 -183.7172 -399.4045 -0.000911 0.000342
17 -185.8694 -399.3262 -0.000963 0.000386
18 -186.9265 -397.1911 -0.00101 0.000435
19 -193.9966 -398.1381 -0.00106 0.00049
20 -208.0578 -395.0189 -0.00112 0.00056
21 -208.1592 -398.9084 -0.00118 0.000636
22 -210.2961 -398.8148 -0.00125 0.000714
23 -212.3955 -393.7072 -0.00131 0.000806
24 -216.4906 -390.6536 -0.00138 0.000906
25 -216.6272 -387.5127 -0.00146 0.00101
26 -218.7029 -362.4483 -0.00154 0.00112
27 -221.7963 -359.2793 -0.00163 0.00124
28 -223.9208 -349.282 -0.00172 0.00136
29 -227.9836 -350.2072 -0.00182 0.00149
30 -230.0891 -347.0435 -0.00192 0.00162
31 -232.1746 -343.9678 -0.00201 0.00175
32 -233.2409 -341.8768 -0.00211 0.00187
33 -236.3602 -337.7845 -0.0022 0.002
34 -240.4858 -339.6751 -0.00229 0.00214
35 -242.5857 -341.6032 -0.00238 0.00226
36 -244.6865 -342.4856 -0.00246 0.00238
37 -242.7897 -343.3767 -0.00254 0.00249
38 -248.8796 -335.3064 -0.0026 0.00261
39 -244.9797 -335.1893 -0.00267 0.0027
40 -250.1038 -338.1023 -0.00275 0.00281
41 -249.2209 -343.9475 -0.0028 0.0029
42 -252.3026 -338.8967 -0.00285 0.00299
43 -253.3885 -336.786 -0.0029 0.00308
44 -254.4602 -334.6719 -0.00295 0.00315
45 -255.5924 -334.576 -0.00299 0.00323
46 -258.1193 -344.8795 -0.002856051 0.003407981
47 -261.2228 -342.7844 -0.002956146 0.003468404
48 -261.3198 -341.74 -0.003005133 0.003536323
49 -264.4316 -341.5952 -0.003060621 0.003585154
50 -265.5057 -336.4922 -0.003088556 0.003638383
51 -261.6504 -337.4239 -0.003120611 0.003671156
52 -266.7652 -340.278 -0.003151939 0.003715755
53 -263.8317 -339.2048 -0.003182159 0.003751203
54 -267.9732 -341.1219 -0.003204986 0.003795023
55 -269.0043 -339.9727 -0.003240426 0.003833007
56 -269.0995 -338.8679 -0.003252424 0.00384704
57 -271.2623 -338.82 -0.003267806 0.003880566
58 -271.312 -336.677 -0.003281588 0.003900346
59 -271.4482 -337.6041 -0.003310899 0.003922585
60 -271.5384 -338.5017 -0.003328385 0.003935544
61 -272.6032 -339.4104 -0.003339145 0.003956674
62 -271.7357 -339.2603 -0.003350961 0.003979034
63 -274.8167 -338.2011 -0.00336836 0.003984808
64 -275.9465 -343.0601 -0.003380263 0.00399704
65 -273.0504 -337.9958 -0.003410241 0.003986444
66 -277.1539 -336.8799 -0.003402277 0.00400032
67 -276.2397 -339.7775 -0.003421485 0.003993993
68 -279.319 -340.6956 -0.003430956 0.004012327
69 -278.4197 -339.61 -0.003434141 0.004018637
70 -278.5503 -339.5144 -0.003447412 0.0040203
71 -282.5898 -337.3771 -0.003450796 0.004017633
72 -281.7053 -343.3101 -0.003460301 0.00399839
73 -282.7896 -337.1866 -0.003470516 0.004007219
74 -281.8882 -338.1033 -0.003468118 0.004009219
75 -281.9799 -339.9955 -0.003486323 0.003987941
76 -285.0996 -341.9059 -0.003472091 0.003998424
77 -283.1917 -343.8015 -0.003473 0.003990443
78 -285.2963 -342.7021 -0.003471217 0.003988279
79 -285.3904 -339.5924 -0.003469313 0.003972801
80 -285.53 -341.5018 -0.003460197 0.003967365
81 -284.6169 -339.4146 -0.00345077 0.003962881
82 -284.6668 -342.2645 -0.003449342 0.003952709
83 -288.8226 -342.2236 -0.003447369 0.003929077
84 -285.8927 -342.0892 -0.003440062 0.003924835
85 -284.993 -336.9847 -0.003439205 0.003906527
86 -289.1034 -344.8806 -0.003416266 0.003903264
87 -288.208 -341.8309 -0.003421979 0.003897827
88 -290.3148 -338.7496 -0.003402155 0.003879917
89 -289.4059 -337.6217 -0.003401264 0.003868187
90 -290.4992 -341.51 -0.003385916 0.003847844
91 -289.1373 -344.8792 -0.003242305 0.003810466
92 -289.2012 -343.8293 -0.003302502 0.003751411
93 -290.31 -337.6826 -0.003299299 0.003759323
94 -289.3938 -341.5886 -0.003304216 0.003762483
95 -289.4826 -341.5107 -0.003311626 0.003755125
96 -289.6138 -343.3811 -0.003293655 0.003748147
97 -291.7374 -337.3089 -0.003277424 0.003724784
98 -289.7692 -337.2437 -0.003273961 0.003716266
99 -289.9215 -343.1164 -0.003262491 0.003692504
100 -292.9646 -339.0094 -0.003271278 0.003681267
101 -290.1243 -337.8832 -0.003235552 0.003670776
102 -292.2057 -341.8123 -0.003232358 0.003669226
103 -290.2982 -343.7292 -0.003217027 0.003632427
104 -293.4337 -342.5993 -0.003200355 0.003627225
105 -289.5233 -340.4818 -0.00320084 0.003607609
106 -290.5749 -340.4124 -0.003180566 0.003605237
107 -292.706 -341.328 -0.003173372 0.003594512
108 -291.833 -344.1602 -0.003147489 0.003572775
109 -291.9156 -340.103 -0.003138781 0.003556631
110 -291.9861 -341.9893 -0.003141153 0.003551887
111 -290.0926 -342.8886 -0.003124221 0.003542988
112 -293.2202 -338.8072 -0.003109981 0.003513383
113 -293.2883 -338.7388 -0.003088946 0.003500303
114 -295.3634 -343.608 -0.003083457 0.003497317
115 -291.513 -341.5114 -0.003073165 0.003474593
116 -290.5994 -338.4224 -0.003063443 0.003458587
117 -291.6797 -340.2834 -0.003048719 0.003447533
118 -290.7994 -344.1791 -0.003031293 0.003433648
119 -290.8835 -343.0665 -0.003034159 0.003413617
120 -291.9816 -339.0464 -0.003027995 0.003409938
121 -290.1161 -337.9312 -0.002999931 0.003398572
122 -293.1654 -337.8004 -0.002992417 0.003383077
123 -293.2773 -338.709 -0.002982073 0.003371927
124 -292.3962 -342.5941 -0.002971182 0.003362638
125 -293.4983 -340.5002 -0.00295084 0.00334085
126 -292.5801 -341.4387 -0.002934851 0.003354657
127 -292.7292 -339.2889 -0.002935206 0.003327883
128 -294.765 -343.1736 -0.002928783 0.003314378
129 -292.9384 -343.0704 -0.002920187 0.003303168
130 -291.0061 -337.9907 -0.002919659 0.003288556
131 -291.1092 -339.9352 -0.002901169 0.003280462
132 -293.2213 -341.7988 -0.002882748 0.003278913
133 -293.3095 -338.7062 -0.002876679 0.003265746
134 -296.3582 -338.5778 -0.002863444 0.003240461
135 -292.5085 -340.5023 -0.00286772 0.003232722
136 -295.0863 -337.9146 -0.002713054 0.003267633
137 -291.2055 -340.8021 -0.002770732 0.003133596
138 -293.2827 -336.7015 -0.002785336 0.003145325
139 -292.3975 -338.6047 -0.002787249 0.003143179
140 -291.4864 -339.5349 -0.002790313 0.00314736
141 -293.5916 -340.3829 -0.002778108 0.003142971
142 -290.6904 -342.317 -0.002770836 0.003141179
143 -291.8124 -337.1909 -0.002777129 0.003120109
144 -291.9363 -339.1234 -0.00276372 0.003122161
145 -295.0045 -336.9712 -0.002757029 0.003110708
146 -295.08 -336.8953 -0.002749359 0.00309807
147 -296.2125 -338.78 -0.002748009 0.003091491
148 -293.2688 -340.7088 -0.002739508 0.003089673
149 -293.404 -341.6052 -0.002724299 0.003079943
150 -291.5395 -336.4746 -0.002714015 0.003068698
151 -295.6179 -342.3844 -0.00270316 0.003069572
152 -294.6644 -339.2905 -0.00270593 0.003056181
153 -292.7908 -341.1997 -0.002694235 0.003046589
154 -292.913 -340.1346 -0.002683163 0.003043819
155 -292.9611 -338.9927 -0.00268795 0.003035561
156 -295.0898 -337.9046 -0.002658708 0.003033518
157 -291.2343 -338.7829 -0.002645256 0.003017859
158 -295.2444 -341.7094 -0.002643283 0.00301553
159 -292.3643 -341.631 -0.002635068 0.003009228
160 -293.4656 -340.4936 -0.00262687 0.003000641
161 -295.5515 -344.4213 -0.002629164 0.002990244
162 -290.6813 -341.2963 -0.002614543 0.002974515
163 -293.8227 -342.1852 -0.002616404 0.00297352
164 -292.8719 -340.1256 -0.002607938 0.002964283
165 -292.9561 -344.9761 -0.002591023 0.00295883
166 -295.0431 -343.8508 -0.002588513 0.002960076
167 -292.1724 -338.8015 -0.002591231 0.002939924
168 -291.3197 -339.6897 -0.002577952 0.002928281
169 -294.3808 -341.6012 -0.002567209 0.002922039
170 -295.4993 -341.5035 -0.002563634 0.002921096
171 -291.5975 -342.3947 -0.002557886 0.002900952
172 -291.6648 -339.3181 -0.002544391 0.002899749
173 -293.7861 -338.1788 -0.00253937 0.002888842
174 -293.8714 -339.0943 -0.002535639 0.002893334
175 -293.9799 -338.9925 -0.002535379 0.002875926
176 -291.091 -338.8677 -0.002520629 0.002867616
177 -291.1809 -342.8078 -0.002524558 0.002857384
178 -293.2782 -343.6987 -0.002512881 0.002856068
179 -293.4053 -337.5796 -0.002504926 0.002859773
180 -294.4622 -338.4708 -0.002494252 0.002837526
181 -295.0531 -343.8609 -0.002369685 0.002913296
182 -295.1795 -337.7564 -0.00242249 0.00277075
183 -290.2994 -342.7041 -0.002433103 0.002774256
184 -293.3814 -339.5853 -0.002440954 0.002783353
185 -294.4609 -341.4609 -0.002441421 0.002781441
186 -290.5666 -341.3703 -0.002445256 0.002780358
187 -290.7061 -341.2693 -0.002434089 0.002762266
188 -292.7743 -342.137 -0.002448866 0.002772516
189 -292.8701 -340.0583 -0.002418092 0.002765824
190 -293.9644 -336.9805 -0.002430774 0.002776056
191 -290.0766 -341.8954 -0.002433059 0.002765789
192 -294.1738 -338.7779 -0.002421243 0.002750623
193 -294.2273 -334.6975 -0.002410379 0.002741404
194 -293.3924 -338.5861 -0.002420542 0.002733838
195 -295.5081 -344.4549 -0.002400796 0.002738201
196 -291.5828 -337.3419 -0.002401108 0.002725156
197 -292.7244 -339.2752 -0.002395845 0.002733007
198 -294.7525 -337.1906 -0.002388885 0.002726939
199 -293.9016 -342.1067 -0.002379328 0.002722896
200 -296.9827 -342.9869 -0.002393958 0.002710535
201 -296.0977 -341.8995 -0.002385197 0.002701679
202 -295.2137 -337.8065 -0.002371416 0.002702407
203 -292.3384 -337.6911 -0.002377554 0.002705714
204 -293.3938 -337.6247 -0.002365781 0.002695092
205 -291.4887 -342.5156 -0.002352926 0.002694321
206 -293.5807 -339.4005 -0.002364526 0.002694719
207 -290.7006 -339.3164 -0.002349446 0.002687509
208 -294.7683 -344.181 -0.002345161 0.002686357
209 -294.8705 -340.0704 -0.002349152 0.002670057
210 -296.9397 -342.9731 -0.002356813 0.002662223
211 -292.0956 -339.8965 -0.00234188 0.002656518
212 -292.1856 -336.796 -0.002329259 0.002657003
213 -290.2807 -341.6967 -0.002326229 0.002662604
214 -295.3345 -336.5738 -0.002330687 0.002659384
215 -291.4568 -336.4979 -0.002325649 0.002647412
216 -291.5686 -338.4114 -0.002328108 0.002647273
217 -293.6495 -337.2793 -0.002313253 0.002654094
218 -291.7961 -342.2158 -0.002308613 0.002653601
219 -295.8295 -338.1213 -0.002302571 0.002644122
220 -292.0241 -343.9885 -0.002296763 0.002644538
221 -292.0766 -342.8625 -0.002280341 0.002644633
222 -291.1897 -337.799 -0.002283648 0.002637604
223 -291.2731 -338.6694 -0.002285994 0.002633362
1 -293.425 -338.6071 -0.002284721 0.002623987
225 -295.5076 -334.4933 -0.002253592 0.002615807
226 -116.2437 -397.8224 -0.0005648978 0.0002595481
227 -100.3291 -399.7122 -0.0005132185 0.0002633137
228 -108.4278 -399.5995 -0.0004811808 0.0002526835
229 -100.5258 -399.5301 -0.0004619893 0.0002643179
230 -103.5825 -399.4012 -0.0004664041 0.000260457
231 -101.719 -397.3135 -0.0004989785 0.000271347
232 -157.7981 -399.1799 -0.0005330246 0.0002916984
233 -162.8926 -399.0794 -0.0005497317 0.000319633
234 -151.0116 -399.9608 -0.0005894737 0.0003514283
235 -206.0161 -399.8643 -0.0006188971 0.0003962777
236 -206.0808 -399.8165 -0.0006368335 0.0004415426
237 -208.184 -399.6914 -0.0006754328 0.0004949619
238 -203.3134 -399.6299 -0.0007015928 0.0005396728
239 -201.4542 -395.5423 -0.0007390841 0.0005680575
240 -216.5495 -399.3987 -0.0007672264 0.0006269044
241 -206.6069 -396.3031 -0.0007985544 0.0006808086
242 -218.7336 -399.2086 -0.0008500866 0.000731553
243 -221.8789 -399.1131 -0.0008791032 0.0008003289
244 -211.9579 -392.0188 -0.0009196763 0.0008645169
245 -220.0471 -398.9323 -0.0009548822 0.0009299689
246 -226.1437 -394.826 -0.0009896036 0.0009947974
247 -224.273 -327.8373 -0.001028592 0.001071685
248 -227.3395 -347.6833 -0.001075892 0.001150952
249 -224.4489 -339.5846 -0.001116612 0.00122481
250 -227.5469 -336.4826 -0.001174732 0.001301818
251 -231.6233 -341.405 -0.001220897 0.001370854
252 -227.7662 -349.2731 -0.00126888 0.001450952
253 -232.8387 -332.1544 -0.001314153 0.001528679
254 -227.9646 -337.0742 -0.001378497 0.001608622
255 -231.011 -333.967 -0.00142281 0.001679406
256 -234.1347 -332.8874 -0.001461331 0.001759124
257 -233.2455 -335.7303 -0.001501792 0.001832003
258 -234.3325 -342.6959 -0.001549766 0.001901844
259 -239.4149 -331.608 -0.001589811 0.001976134
260 -234.5115 -337.4779 -0.001636937 0.002047048
261 -237.6472 -337.3918 -0.001682774 0.002121719
262 -237.7247 -341.2656 -0.001726601 0.002182644
263 -237.8468 -339.1938 -0.001762457 0.002242287
264 -238.9257 -341.1083 -0.001804328 0.002313617
265 -243.0363 -341.005 -0.001850961 0.002387266
266 -245.1036 -343.8345 -0.001877389 0.002449048
267 -246.2425 -333.7899 -0.001910154 0.002502952
268 -247.3229 -341.6535 -0.001952043 0.002552597
269 -244.4244 -340.5633 -0.001984513 0.0026058
270 -243.5298 -330.5023 -0.002013998 0.002670897
271 -247.1082 -334.8914 -0.002037993 0.002809037
272 -249.2515 -334.7088 -0.002101472 0.002774403
273 -251.2773 -336.7177 -0.002136903 0.002819997
274 -252.399 -333.5702 -0.002179406 0.00287796
275 -253.5173 -336.4507 -0.002203367 0.002908172
276 -252.6029 -331.4075 -0.002227796 0.002960916
277 -252.7205 -331.308 -0.002257116 0.002994988
278 -255.7851 -328.1819 -0.002292547 0.003027744
279 -254.8857 -334.0471 -0.002306172 0.003075242
280 -255.9906 -333.931 -0.002344469 0.003103056
281 -259.0912 -328.9494 -0.002353194 0.003141638
282 -258.161 -331.7971 -0.002368594 0.003158475
283 -259.3056 -335.6934 -0.002398961 0.003189924
284 -257.3724 -332.6032 -0.002409998 0.003225407
285 -258.5037 -331.5002 -0.00243299 0.003249827
286 -260.5683 -335.3869 -0.002442607 0.003283414
287 -260.7336 -337.3089 -0.002467936 0.003305055
288 -258.8295 -337.1618 -0.002491517 0.003321026
289 -259.8717 -329.0671 -0.002500164 0.003356285
290 -261.0121 -328.0123 -0.002527459 0.003365002
291 -260.1105 -327.9043 -0.002540893 0.003390911
292 -263.1963 -333.7281 -0.002550086 0.00339356
293 -263.298 -332.6917 -0.002570404 0.003427355
294 -261.4401 -336.5734 -0.002588002 0.00342236
295 -263.5241 -329.5221 -0.002597481 0.003428385
296 -262.6422 -339.3755 -0.002615573 0.003439976
297 -263.7136 -330.2759 -0.002627744 0.0034462
298 -264.8324 -331.2319 -0.002638868 0.003465166
299 -268.8933 -330.0998 -0.002655384 0.003468499
300 -266.0018 -331.0215 -0.00266669 0.003473996
301 -266.145 -331.8981 -0.00266778 0.003483743
302 -269.2339 -336.8488 -0.002680566 0.003498122
303 -265.3429 -330.7059 -0.002693352 0.00350129
304 -268.4362 -333.5875 -0.002716803 0.003510656
305 -266.4855 -331.5326 -0.002713686 0.003510933
306 -269.6415 -330.4273 -0.002731215 0.003526281
307 -269.7275 -337.2832 -0.00273531 0.003525519
308 -271.8513 -333.1759 -0.00275032 0.003525061
309 -271.9365 -330.1259 -0.002750675 0.003533726
310 -270.0299 -328.0161 -0.002768542 0.003550719
311 -272.1135 -330.9139 -0.00276881 0.003553324
312 -271.2303 -337.7891 -0.002776437 0.00356282
313 -269.3569 -336.6579 -0.002784973 0.003559817
314 -271.4126 -330.666 -0.002795931 0.003561262
315 -270.5719 -330.5143 -0.002803341 0.003567157
316 -272.1041 -330.907 -0.002720386 0.003552766
317 -271.2425 -328.8613 -0.002764681 0.00353331
318 -272.3266 -333.6766 -0.002785812 0.003536124
319 -274.4078 -330.5734 -0.002805246 0.003534072
320 -276.5125 -330.4812 -0.002812639 0.003546927
321 -275.5919 -331.4169 -0.002819408 0.003540677
322 -275.6911 -331.2765 -0.002827597 0.003534557
323 -275.8158 -330.2104 -0.002829198 0.003551065
324 -275.9125 -336.1025 -0.002826342 0.003545637
325 -276.0193 -330.9911 -0.002852268 0.003534557
326 -273.1669 -330.9363 -0.002842434 0.003536946
327 -274.2009 -330.8138 -0.002849031 0.003531882
328 -276.3167 -336.6927 -0.00283744 0.003527666
329 -276.4114 -331.5804 -0.002838331 0.003535405
330 -275.5206 -334.5017 -0.002847749 0.00352171
331 -276.6174 -333.4006 -0.002839474 0.003515945
332 -277.7348 -337.2711 -0.002840989 0.003520793
333 -276.8405 -337.2006 -0.002834055 0.003519936
334 -278.9211 -330.0914 -0.002855228 0.003512699
335 -277.0513 -332.0005 -0.002860371 0.003509669
336 -276.1669 -335.9174 -0.002844166 0.003507618
337 -277.2516 -331.8342 -0.002845966 0.003505635
338 -280.3577 -330.7054 -0.002845057 0.003483172
339 -277.4348 -336.5729 -0.002849991 0.003494226
340 -279.5274 -330.5417 -0.002834037 0.003494062
341 -277.64 -336.3949 -0.002836349 0.003481536
342 -278.7205 -330.3152 -0.00283834 0.00347229
343 -281.7883 -334.1502 -0.002841828 0.003468984
344 -281.8909 -337.082 -0.002835604 0.003463392
345 -281.973 -336.9802 -0.002839924 0.003461695
346 -282.1386 -335.859 -0.002828185 0.003442642
347 -282.1961 -337.8296 -0.002832557 0.003445126
348 -282.2586 -337.6653 -0.00281611 0.003451939
349 -282.3862 -330.5815 -0.002814292 0.003443638
350 -283.4821 -336.4732 -0.002814266 0.003436712
351 -283.6072 -329.4247 -0.002811366 0.003428861
352 -279.7194 -330.3527 -0.002805731 0.003420464
353 -283.8222 -338.1963 -0.002812664 0.003417504
354 -281.9007 -337.0891 -0.002803238 0.003409964
355 -283.9696 -329.0344 -0.002805047 0.003404501
356 -282.074 -331.8975 -0.002802779 0.003394096
357 -282.1461 -336.7964 -0.002798624 0.003391465
358 -283.2819 -336.6731 -0.002793222 0.003381267
359 -282.3644 -334.5747 -0.002793629 0.003387275
360 -283.4732 -336.4875 -0.002789197 0.003369036
361 -282.0759 -333.9008 -0.002691707 0.003312763
362 -283.1586 -335.7589 -0.00273054 0.003308285
363 -283.284 -340.6823 -0.002745429 0.003323355
364 -282.3675 -337.5861 -0.002742356 0.003327112
365 -282.515 -334.5093 -0.002734929 0.003316274
366 -282.5995 -340.3576 -0.00274736 0.003310821
367 -282.706 -341.2989 -0.002738392 0.003300294
368 -282.8026 -338.202 -0.002744252 0.003304666
369 -284.8299 -334.0794 -0.002751099 0.003295525
370 -284.034 -337.9954 -0.002755505 0.003298
371 -283.0982 -337.9012 -0.002739024 0.003303688
372 -284.1887 -334.7985 -0.002732055 0.00328615
373 -283.2594 -338.7072 -0.002730177 0.00329079
374 -282.4178 -339.5949 -0.002733154 0.003274775
375 -283.4666 -339.4856 -0.002729475 0.003275061
376 -283.5829 -336.3834 -0.002728203 0.003275822
377 -284.6757 -340.2825 -0.002728904 0.003259713
378 -282.7637 -340.2016 -0.00271746 0.00325464
379 -283.8788 -337.1022 -0.002714681 0.003262024
380 -282.9923 -332.004 -0.002720092 0.003250121
381 -284.0849 -336.9293 -0.002702614 0.003257514
382 -285.1764 -331.8267 -0.002708293 0.003237535
383 -282.2939 -336.6725 -0.0027154 0.003239638
384 -285.3781 -335.5949 -0.002710985 0.003231302
385 -284.5019 -331.5274 -0.002707064 0.003239101
386 -282.6074 -335.3871 -0.002699273 0.003221286
387 -284.6912 -338.3066 -0.002707999 0.003218118
388 -280.8295 -334.1767 -0.002695135 0.00322268
389 -283.8962 -337.1027 -0.00269762 0.003224611
390 -282.9846 -336.9873 -0.002705895 0.003214725
391 -285.0635 -341.9173 -0.002684591 0.003209237
392 -284.2179 -341.8081 -0.002677112 0.003210838
393 -285.3099 -340.6676 -0.002679501 0.003201376
394 -285.3723 -331.6497 -0.002670187 0.003188963
395 -283.501 -338.4974 -0.002666309 0.003204328
396 -285.584 -341.398 -0.002665279 0.003188305
397 -282.6836 -339.2935 -0.002667097 0.003183691
398 -283.7805 -337.2346 -0.002663227 0.003185353
399 -282.8761 -336.0983 -0.002669088 0.00317442
400 -284.9874 -339.0084 -0.002662465 0.00317564
401 -285.087 -331.9411 -0.002664439 0.003183206
402 -285.1812 -341.7908 -0.002654051 0.003161868
403 -284.2934 -337.72 -0.002652216 0.003166785
404 -282.382 -338.619 -0.002644685 0.003158458
405 -284.4474 -337.4528 -0.002646832 0.003171745
406 -285.1291 -338.8831 -0.002545066 0.003157779
407 -285.1927 -338.8194 -0.002580125 0.003125866
408 -285.2977 -340.6509 -0.002592702 0.003131103
409 -282.3617 -339.5878 -0.002597135 0.003122576
410 -283.5169 -339.4969 -0.002609375 0.003132151
411 -285.5684 -339.3929 -0.002605947 0.003120438
412 -284.6604 -338.2341 -0.002607747 0.003123494
413 -285.75 -340.165 -0.002612197 0.003132808
414 -282.8961 -339.0753 -0.002610899 0.003122178
415 -284.9827 -336.9932 -0.002616794 0.003121936
416 -285.063 -337.8674 -0.002617348 0.003111591
417 -283.1842 -336.809 -0.002608526 0.003116664
418 -285.2835 -341.6791 -0.002609678 0.003113712
419 -285.4442 -337.5822 -0.002608726 0.003101524
420 -285.4932 -337.4718 -0.002601792 0.003100234
421 -283.5984 -335.3976 -0.002610786 0.003101264
422 -284.6743 -341.2977 -0.002601463 0.003094633
423 -285.7704 -338.1869 -0.002607955 0.00309317
424 -281.8804 -340.0891 -0.002602078 0.003079926
425 -285.0037 -342.0061 -0.002613357 0.00308956
426 -285.0905 -336.8799 -0.002608847 0.003084228
427 -285.1746 -342.7742 -0.002600277 0.003095421
428 -285.2523 -343.6727 -0.002598096 0.00308183
429 -282.3961 -339.5974 -0.002609236 0.00307584
430 -285.4766 -335.4396 -0.002607661 0.003094624
431 -285.5609 -339.3968 -0.002614067 0.003079528
432 -285.7069 -339.299 -0.002597031 0.003089889
433 -284.7902 -339.2057 -0.002599567 0.003071572
434 -284.8536 -338.0722 -0.002593863 0.003074299
435 -284.987 -343.9738 -0.002613279 0.003065521
436 -285.0956 -340.9032 -0.00259143 0.003070049
437 -282.1847 -337.7893 -0.002596762 0.003069148
438 -283.2689 -342.7066 -0.002596303 0.003060951
439 -282.3793 -336.563 -0.00260522 0.003064197
440 -283.468 -338.4867 -0.002602363 0.003071996
441 -285.5786 -341.3989 -0.002600987 0.003065305
442 -285.7141 -342.3392 -0.002602277 0.003062162
443 -282.7815 -336.1376 -0.002592443 0.003068862
444 -284.8934 -341.082 -0.002599888 0.003059635
445 -283.99 -344.99 -0.002597741 0.003059566
446 -285.0741 -341.8981 -0.002596234 0.003068118
447 -285.1705 -343.8224 -0.002591465 0.003068932
448 -284.2639 -337.6739 -0.002593066 0.003054536
449 -284.387 -339.59 -0.002588322 0.003054311
450 -284.4747 -343.4868 -0.002582774 0.003060085
451 -287.1006 -339.8755 -0.002500182 0.003078999
452 -288.2007 -339.8162 -0.002526653 0.003018317
453 -282.307 -337.7117 -0.002546815 0.003019174
454 -285.3607 -339.5962 -0.002554311 0.003023823
455 -284.4684 -341.4906 -0.002577311 0.003028255
456 -285.5626 -338.3994 -0.002568127 0.003033535
457 -284.6638 -341.2882 -0.00256849 0.003024359
458 -284.793 -339.1726 -0.002579069 0.003025909
459 -284.8582 -338.0909 -0.002569018 0.003025866
460 -284.9988 -341.9667 -0.002582349 0.003029493
461 -285.076 -339.8812 -0.002581406 0.003027943
462 -285.1437 -336.7688 -0.0025817 0.00303518
463 -285.304 -341.6937 -0.002581882 0.003028757
464 -284.3981 -337.5554 -0.002575182 0.003026004
465 -285.476 -341.5025 -0.002592235 0.00302803
466 -288.6212 -342.4338 -0.002588487 0.003030281
467 -284.6852 -338.3452 -0.002584808 0.00303022
468 -284.7503 -340.1923 -0.002581025 0.003029449
469 -284.8762 -341.0906 -0.002594391 0.003021278
470 -284.972 -339.992 -0.002600121 0.003030064
471 -288.1019 -343.9159 -0.002584306 0.003021797
472 -284.1931 -338.7834 -0.0025846 0.003024195
473 -285.2643 -339.6991 -0.002584886 0.003032479
474 -284.397 -342.5769 -0.002579224 0.003035163
475 -285.4403 -343.5046 -0.00258312 0.003032505
476 -283.5602 -341.4133 -0.002582661 0.003028791
477 -285.6625 -342.2691 -0.0025817 0.003032107
478 -282.7876 -338.1774 -0.002583743 0.003017399
479 -284.8885 -343.0706 -0.002592079 0.003031588
480 -288.0001 -337.0172 -0.002597862 0.003021061
481 -285.105 -341.8618 -0.002594659 0.003029112
482 -287.1901 -339.7688 -0.002597515 0.003019053
483 -285.2916 -344.7256 -0.002587431 0.003019105
484 -285.3871 -339.5719 -0.002581709 0.003018222
485 -286.5285 -339.5056 -0.002597438 0.003030878
486 -285.6054 -338.4008 -0.002579597 0.003022949
487 -284.731 -340.2849 -0.002586634 0.00302764
488 -282.7554 -344.2079 -0.002590651 0.003018585
489 -284.8768 -339.1082 -0.002591975 0.003021356
490 -287.0287 -337.0101 -0.002598702 0.003018343
491 -283.097 -339.895 -0.002598814 0.003009245
492 -287.2054 -338.8272 -0.002583458 0.003025251
493 -285.2949 -341.7066 -0.002587907 0.003024368
494 -285.3958 -341.6341 -0.002584739 0.003020031
495 -287.5146 -341.5045 -0.00259684 0.003019486
496 -285.0752 -342.9161 -0.002496165 0.00302513
497 -289.1954 -347.7978 -0.002537941 0.002981639
498 -284.3104 -346.721 -0.002559816 0.002982142
499 -285.4019 -340.6429 -0.002572706 0.002988894
500 -288.4719 -341.4905 -0.002577839 0.002999584
501 -285.6255 -340.4201 -0.002582323 0.003002519
502 -285.6704 -345.2763 -0.002585197 0.003010223
503 -285.7841 -342.1752 -0.002598485 0.003006544
504 -285.8722 -340.0979 -0.002592218 0.003004034
505 -287.9991 -340.0112 -0.002603549 0.003012084
506 -285.0777 -341.9044 -0.002589101 0.003016196
507 -285.2018 -341.8291 -0.002588158 0.003017175
508 -288.2947 -341.6904 -0.002591499 0.003020507
509 -285.42 -342.5835 -0.00259897 0.003018906
510 -285.5028 -339.506 -0.002595983 0.003015383
511 -286.6465 -339.3901 -0.002600338 0.003019711
512 -285.7057 -344.3053 -0.002592928 0.003028688
513 -285.8251 -342.2308 -0.002610362 0.003011331
514 -284.8823 -343.0963 -0.002611764 0.003009816
515 -287.0228 -341.0084 -0.002606977 0.003013461
516 -285.075 -338.9134 -0.002608198 0.003029735
517 -285.2205 -343.7966 -0.002623883 0.003011452
518 -285.3068 -342.7498 -0.002608864 0.003016326
519 -288.4112 -343.6185 -0.002608215 0.003018084
520 -289.5024 -341.5099 -0.002610907 0.003020421
521 -285.6123 -346.3711 -0.002609765 0.003017893
522 -284.6901 -342.3052 -0.002607644 0.003025415
523 -284.7844 -340.2086 -0.0026105 0.003019797
524 -287.9268 -345.1259 -0.00260677 0.003019979
525 -283.9473 -340.011 -0.002622438 0.003033882
526 -285.0866 -338.929 -0.002623935 0.003030004
527 -285.1746 -343.8165 -0.002617097 0.003031207
528 -285.3093 -341.672 -0.002628939 0.003040798
529 -287.4144 -343.5769 -0.00263724 0.003021312
530 -284.4905 -341.4846 -0.002631345 0.003030748
531 -284.6074 -344.3605 -0.002622014 0.003034946
532 -285.7056 -341.2988 -0.002631449 0.003028506
533 -287.8578 -341.2074 -0.002630211 0.003039257
534 -285.9223 -341.1086 -0.002626134 0.003036063
535 -284.9641 -348.0005 -0.002634747 0.003028367
536 -285.0901 -343.8875 -0.002637552 0.003030756
537 -285.1674 -342.7838 -0.002640504 0.00303821
538 -288.2831 -342.6714 -0.002633466 0.003035621
539 -288.3691 -341.6255 -0.002632678 0.00303795
540 -285.5193 -349.4981 -0.002623399 0.003042261
541 -285.053 -340.8657 -0.002531562 0.003060139
542 -285.1631 -343.7826 -0.002570161 0.003013392
543 -285.3175 -343.6671 -0.002591975 0.003016231
544 -288.4194 -344.5856 -0.002588037 0.003024299
545 -284.4987 -343.5479 -0.002608466 0.003022905
546 -284.59 -342.3571 -0.00262661 0.003019945
547 -285.6776 -344.2758 -0.002626636 0.003033777
548 -288.8041 -343.2219 -0.002628307 0.003036626
549 -287.8484 -340.0814 -0.002636158 0.003027182
550 -286.0077 -340.0065 -0.002646788 0.003032549
551 -285.0382 -342.9049 -0.002639145 0.003038825
552 -285.1766 -345.7421 -0.002645905 0.003051662
553 -286.2673 -341.7311 -0.002649446 0.003040002
554 -285.382 -343.5995 -0.002660578 0.003037725
555 -286.5027 -341.4879 -0.002646157 0.003043386
556 -287.6157 -344.3717 -0.002654571 0.003048918
557 -284.6803 -342.3022 -0.002661548 0.003049585
558 -288.8259 -343.207 -0.002662509 0.003048814
559 -284.8979 -342.0954 -0.002658657 0.003040564
560 -284.9635 -349.9794 -0.002670689 0.003044503
561 -288.0986 -344.8697 -0.002666828 0.003049749
562 -285.2292 -344.8494 -0.00267255 0.003057903
563 -285.309 -343.6821 -0.002670914 0.003061678
564 -289.3993 -343.6116 -0.002678982 0.003061106
565 -284.4753 -347.493 -0.002681466 0.003053056
566 -285.5897 -344.3879 -0.00268196 0.003057497
567 -285.7423 -343.306 -0.002678792 0.003060855
568 -283.7868 -340.1911 -0.002684972 0.003058362
569 -289.905 -344.1013 -0.002678073 0.003056691
570 -285.968 -349.977 -0.002698459 0.003061756
571 -285.0892 -348.9023 -0.002688513 0.003068845
572 -285.1826 -344.8222 -0.002685552 0.00306759
573 -289.3067 -347.6953 -0.002698104 0.003062872
574 -290.4123 -341.6047 -0.002705159 0.003065729
575 -285.449 -339.5198 -0.002705341 0.003056631
576 -285.5603 -344.4301 -0.002710206 0.00306031
577 -288.6849 -341.3086 -0.002712024 0.00305992
578 -288.8424 -346.201 -0.002710466 0.003056969
579 -283.9089 -342.08 -0.002715876 0.003062699
580 -284.9836 -343.9568 -0.00272951 0.003058189
581 -285.0253 -342.8784 -0.00272223 0.003057237
582 -288.1839 -343.8119 -0.002725571 0.003072862
583 -285.3017 -343.6879 -0.002718239 0.003069313
584 -285.3916 -349.5997 -0.002714301 0.003077034
585 -288.4716 -341.4838 -0.00272236 0.003073269
