E	DD = 0	DD = 0.05	DD = 0.1	DD = 0.15	DD = 0.2	DD = 0.25
-0.6972	-2.76928	-2.60793	-2.39738	-1.76457	-1.40327	-1.42391
-0.7	-2.76196	-2.60138	-2.39187	-1.76123	-1.40128	-1.42179
-0.6972	-2.75469	-2.59488	-2.38641	-1.75791	-1.39929	-1.41968
-0.6944	-2.74749	-2.58841	-2.381	-1.75461	-1.39732	-1.41759
-0.6916	-2.74035	-2.58199	-2.37563	-1.75134	-1.39535	-1.4155
-0.6888	-2.73327	-2.57561	-2.3703	-1.74808	-1.39339	-1.41342
-0.686	-2.72625	-2.56926	-2.36502	-1.74485	-1.39145	-1.41135
-0.6832	-2.7193	-2.56296	-2.35979	-1.74164	-1.38951	-1.4093
-0.6804	-2.7124	-2.5567	-2.3546	-1.73845	-1.38758	-1.40725
-0.6776	-2.70557	-2.55049	-2.34945	-1.73528	-1.38567	-1.40521
-0.6748	-2.6988	-2.54431	-2.34435	-1.73213	-1.38376	-1.40319
-0.672	-2.69208	-2.53817	-2.33929	-1.729	-1.38186	-1.40117
-0.6692	-2.68543	-2.53208	-2.33428	-1.7259	-1.37998	-1.39916
-0.6664	-2.67884	-2.52602	-2.32931	-1.72282	-1.3781	-1.39717
-0.6636	-2.67232	-2.52001	-2.32435	-1.71976	-1.37623	-1.39518
-0.6608	-2.66585	-2.51403	-2.3192	-1.71672	-1.37437	-1.3932
-0.658	-2.65936	-2.5081	-2.31408	-1.7137	-1.37253	-1.39124
-0.6552	-2.65274	-2.50221	-2.30899	-1.71071	-1.37069	-1.38928
-0.6524	-2.64617	-2.49636	-2.30393	-1.70773	-1.36886	-1.38733
-0.6496	-2.63965	-2.49055	-2.2989	-1.70478	-1.36704	-1.3854
-0.6468	-2.63317	-2.48478	-2.29391	-1.70185	-1.36524	-1.38347
-0.644	-2.62673	-2.47905	-2.28894	-1.69893	-1.36344	-1.38156
-0.6412	-2.62034	-2.47336	-2.28401	-1.69593	-1.36165	-1.37965
-0.6384	-2.61399	-2.46771	-2.2791	-1.69295	-1.35987	-1.37775
-0.6356	-2.60768	-2.46203	-2.27423	-1.68999	-1.35811	-1.37587
-0.6328	-2.60142	-2.45632	-2.26939	-1.68704	-1.35635	-1.37399
-0.63	-2.5952	-2.45064	-2.26458	-1.68411	-1.3546	-1.37213
-0.6272	-2.58903	-2.445	-2.2598	-1.6812	-1.35286	-1.37027
-0.6244	-2.5829	-2.4394	-2.25505	-1.67831	-1.35113	-1.36842
-0.6216	-2.57682	-2.43382	-2.25033	-1.67543	-1.34942	-1.36658
-0.6188	-2.57078	-2.42828	-2.24565	-1.67257	-1.34771	-1.36473
-0.616	-2.56478	-2.42278	-2.24099	-1.66973	-1.34601	-1.3629
-0.6132	-2.55882	-2.41731	-2.23637	-1.6669	-1.34432	-1.36107
-0.6104	-2.55292	-2.41188	-2.23177	-1.6641	-1.34264	-1.35926
-0.6076	-2.54705	-2.40648	-2.22721	-1.66131	-1.34097	-1.35745
-0.6048	-2.54123	-2.40111	-2.22268	-1.65853	-1.33931	-1.35565
-0.602	-2.53545	-2.39578	-2.21818	-1.65578	-1.33767	-1.35386
-0.5992	-2.52972	-2.39049	-2.21371	-1.65304	-1.33603	-1.35208
-0.5964	-2.52403	-2.38523	-2.20927	-1.65032	-1.33439	-1.35031
-0.5936	-2.51838	-2.38	-2.20486	-1.64762	-1.33271	-1.34855
-0.5908	-2.51278	-2.37481	-2.20049	-1.64493	-1.33105	-1.34679
-0.588	-2.50722	-2.36965	-2.19614	-1.64227	-1.32939	-1.34505
-0.5852	-2.50171	-2.36453	-2.19183	-1.63962	-1.32773	-1.34331
-0.5824	-2.49624	-2.35944	-2.18754	-1.63698	-1.32609	-1.34159
-0.5796	-2.49081	-2.35439	-2.18329	-1.63437	-1.32445	-1.33987
-0.5768	-2.48543	-2.34937	-2.17907	-1.63177	-1.32283	-1.33817
-0.574	-2.47994	-2.34439	-2.17488	-1.62919	-1.3212	-1.33647
-0.5712	-2.47446	-2.33944	-2.17072	-1.62663	-1.31959	-1.33478
-0.5684	-2.46901	-2.33452	-2.16659	-1.62408	-1.31799	-1.3331
-0.5656	-2.46359	-2.32965	-2.16249	-1.62156	-1.31639	-1.33143
-0.5628	-2.45821	-2.3248	-2.15843	-1.61905	-1.3148	-1.32977
-0.56	-2.45286	-2.31999	-2.15439	-1.61655	-1.31322	-1.32812
-0.5572	-2.44754	-2.31521	-2.15039	-1.61408	-1.31164	-1.32647
-0.5544	-2.44226	-2.31047	-2.14628	-1.61162	-1.31008	-1.32484
-0.5516	-2.437	-2.30577	-2.14216	-1.60918	-1.30852	-1.32322
-0.5488	-2.43178	-2.30109	-2.13805	-1.60676	-1.30697	-1.3216
-0.546	-2.42659	-2.29646	-2.13396	-1.60435	-1.30543	-1.31999
-0.5432	-2.42144	-2.29185	-2.1299	-1.60196	-1.30389	-1.3184
-0.5404	-2.41631	-2.28729	-2.12586	-1.59959	-1.30236	-1.31681
-0.5376	-2.41122	-2.28275	-2.12184	-1.59724	-1.30084	-1.31523
-0.5348	-2.40616	-2.27825	-2.11784	-1.5949	-1.29933	-1.31366
-0.532	-2.40113	-2.27379	-2.11387	-1.59258	-1.29783	-1.3121
-0.5292	-2.39614	-2.26936	-2.10992	-1.59028	-1.29633	-1.31055
-0.5264	-2.39118	-2.26496	-2.10598	-1.588	-1.29484	-1.30901
-0.5236	-2.38625	-2.26058	-2.10208	-1.58573	-1.29336	-1.30748
-0.5208	-2.38135	-2.25605	-2.09819	-1.58349	-1.29189	-1.30595
-0.518	-2.37649	-2.25154	-2.09432	-1.58125	-1.29043	-1.30444
-0.5152	-2.37165	-2.24705	-2.09048	-1.57904	-1.28897	-1.30293
-0.5124	-2.36685	-2.24259	-2.08666	-1.57685	-1.28752	-1.30144
-0.5096	-2.36209	-2.23815	-2.08286	-1.57451	-1.28608	-1.29995
-0.5068	-2.35735	-2.23373	-2.07908	-1.57217	-1.28464	-1.29808
-0.504	-2.35265	-2.22935	-2.07532	-1.56984	-1.28322	-1.29605
-0.5012	-2.34798	-2.22498	-2.07159	-1.56751	-1.2818	-1.29399
-0.4984	-2.34334	-2.22064	-2.06788	-1.5652	-1.28039	-1.29192
-0.4956	-2.33873	-2.21633	-2.06418	-1.5629	-1.27899	-1.28984
-0.4928	-2.33413	-2.21203	-2.06052	-1.5606	-1.27759	-1.28773
-0.49	-2.32953	-2.20777	-2.05687	-1.55832	-1.2762	-1.28561
-0.4872	-2.32495	-2.20353	-2.05324	-1.55605	-1.27482	-1.28347
-0.4844	-2.3204	-2.19931	-2.04964	-1.55378	-1.27345	-1.28132
-0.4816	-2.31587	-2.19512	-2.04606	-1.55153	-1.27209	-1.27914
-0.4788	-2.31137	-2.19095	-2.0425	-1.54929	-1.27073	-1.27695
-0.476	-2.30689	-2.1868	-2.03896	-1.54705	-1.26938	-1.27474
-0.4732	-2.30244	-2.18268	-2.03545	-1.54483	-1.26804	-1.27252
-0.4704	-2.29801	-2.17859	-2.03196	-1.54262	-1.26671	-1.27028
-0.4676	-2.29361	-2.17452	-2.02848	-1.54042	-1.26539	-1.26802
-0.4648	-2.28924	-2.17047	-2.02503	-1.53823	-1.26407	-1.26574
-0.462	-2.28488	-2.16645	-2.02161	-1.53604	-1.26276	-1.26345
-0.4592	-2.28055	-2.16246	-2.0182	-1.53387	-1.26146	-1.26114
-0.4564	-2.27625	-2.15848	-2.01482	-1.53171	-1.26016	-1.25881
-0.4536	-2.27197	-2.15454	-2.01146	-1.52956	-1.25863	-1.25647
-0.4508	-2.26771	-2.15061	-2.00812	-1.52742	-1.25655	-1.25319
-0.448	-2.26348	-2.14671	-2.00477	-1.52529	-1.25444	-1.24782
-0.4452	-2.25927	-2.14284	-2.00138	-1.52317	-1.2523	-1.24215
-0.4424	-2.25508	-2.13899	-1.99801	-1.52106	-1.25015	-1.23619
-0.4396	-2.25091	-2.13517	-1.99465	-1.51895	-1.24797	-1.22995
-0.4368	-2.24677	-2.13137	-1.99131	-1.51686	-1.24576	-1.22341
-0.434	-2.24265	-2.12759	-1.98798	-1.51478	-1.24354	-1.21658
-0.4312	-2.23855	-2.12384	-1.98466	-1.51271	-1.24129	-1.20947
-0.4284	-2.23448	-2.12011	-1.98136	-1.51065	-1.23902	-1.20207
-0.4256	-2.23042	-2.11641	-1.97807	-1.5086	-1.23672	-1.19437
-0.4228	-2.22639	-2.11273	-1.9748	-1.50656	-1.23441	-1.18639
-0.42	-2.22238	-2.10908	-1.97154	-1.50453	-1.23206	-1.17812
-0.4172	-2.21839	-2.10545	-1.96829	-1.50251	-1.2297	-1.16956
-0.4144	-2.21442	-2.10185	-1.96505	-1.5005	-1.22731	-1.16071
-0.4116	-2.21047	-2.09827	-1.96183	-1.49851	-1.2249	-1.15157
-0.4088	-2.20654	-2.0946	-1.95862	-1.49652	-1.22247	-1.14214
-0.406	-2.20263	-2.0909	-1.95543	-1.49454	-1.22001	-1.13242
-0.4032	-2.19874	-2.08722	-1.95224	-1.49257	-1.21753	-1.12241
-0.4004	-2.19487	-2.08356	-1.94907	-1.49061	-1.21503	-1.11211
-0.3976	-2.19102	-2.07991	-1.94591	-1.48866	-1.21251	-1.10153
-0.3948	-2.18719	-2.07628	-1.94276	-1.48672	-1.20996	-1.09065
-0.392	-2.18338	-2.07266	-1.93963	-1.48479	-1.20739	-0.9485
-0.3892	-2.17959	-2.06907	-1.9365	-1.48288	-1.20479	-0.91428
-0.3864	-2.17582	-2.06549	-1.93339	-1.48097	-1.20218	-0.87689
-0.3836	-2.17207	-2.06192	-1.93029	-1.47907	-1.19954	-0.83625
-0.3808	-2.16833	-2.05837	-1.9272	-1.47718	-1.19163	-0.79154
-0.378	-2.16462	-2.05484	-1.92412	-1.47418	-1.18113	-0.74265
-0.3752	-2.16092	-2.05133	-1.92105	-1.47053	-1.17005	-0.68976
-0.3724	-2.15724	-2.04783	-1.91799	-1.46682	-1.15839	-0.63286
-0.3696	-2.15357	-2.04435	-1.91494	-1.46304	-1.14615	-0.52698
-0.3668	-2.14993	-2.04088	-1.9119	-1.4592	-1.13333	-0.45401
-0.364	-2.1463	-2.03744	-1.90888	-1.45531	-1.11993	-0.36556
-0.3612	-2.14269	-2.03401	-1.90586	-1.45135	-1.10595	-0.26817
-0.3584	-2.13909	-2.03059	-1.90285	-1.44732	-1.09139	-0.1594
-0.3556	-2.13552	-2.02719	-1.89985	-1.44324	-1.07625	-0.04267
-0.3528	-2.13196	-2.02381	-1.89686	-1.43909	-1.06053	0.09648
-0.35	-2.12841	-2.02045	-1.89388	-1.43489	-1.04422	0.24131
-0.3472	-2.12488	-2.0171	-1.8909	-1.43062	-1.01777	0.3988
-0.3444	-2.12137	-2.01377	-1.88794	-1.42628	-0.98531	0.57444
-0.3416	-2.11787	-2.01046	-1.88499	-1.42189	-0.95019	0.7722
-0.3388	-2.11439	-2.00716	-1.88078	-1.41744	-0.9124	0.9917
-0.336	-2.11092	-2.00388	-1.87626	-1.41292	-0.87196	1.22861
-0.3332	-2.10747	-2.00061	-1.87162	-1.40834	-0.82886	1.48137
-0.3304	-2.10403	-1.99737	-1.86687	-1.4037	-0.7828	1.76569
-0.3276	-2.10043	-1.99414	-1.86201	-1.399	-0.72863	2.08085
-0.3248	-2.09666	-1.99092	-1.85703	-1.39423	-0.67032	2.42478
-0.322	-2.09288	-1.98773	-1.85193	-1.38769	-0.60787	2.7974
-0.3192	-2.0891	-1.98454	-1.8467	-1.37333	-0.54129	3.18954
-0.3164	-2.08532	-1.98138	-1.84134	-1.35803	-0.47058	3.60414
-0.3136	-2.08152	-1.97823	-1.83586	-1.34181	-0.32086	4.0412
-0.3108	-2.07772	-1.9751	-1.83024	-1.32465	-0.22195	4.51665
-0.308	-2.07391	-1.97199	-1.82448	-1.30657	-0.11413	5.10104
-0.3052	-2.07009	-1.96889	-1.81858	-1.28755	0.01188	5.74704
-0.3024	-2.06626	-1.96581	-1.81254	-1.26761	0.14592	6.39708
-0.2996	-2.06242	-1.96275	-1.80635	-1.24674	0.29177	7.05531
-0.2968	-2.05857	-1.9593	-1.80002	-1.22494	0.4534	7.74439
-0.294	-2.05471	-1.95448	-1.79353	-1.20221	0.63566	8.4698
-0.2912	-2.05083	-1.94959	-1.78688	-1.17359	0.83707	9.22247
-0.2884	-2.04694	-1.94464	-1.78008	-1.13273	1.05034	9.99749
-0.2856	-2.04304	-1.93961	-1.77311	-1.08834	1.27635	10.78734
-0.2828	-2.03913	-1.93452	-1.76599	-1.04042	1.54186	11.56856
-0.28	-2.0352	-1.92935	-1.75869	-0.98898	1.84262	12.35215
-0.2772	-2.03125	-1.92412	-1.75122	-0.93401	2.16608	13.13811
-0.2744	-2.02729	-1.91882	-1.74358	-0.87481	2.51589	13.92315
-0.2716	-2.02332	-1.91345	-1.73576	-0.80678	2.8937	14.64436
-0.2688	-2.01932	-1.90802	-1.72776	-0.73361	3.29472	15.34231
-0.266	-2.01531	-1.90251	-1.71957	-0.65531	3.71813	16.01698
-0.2632	-2.01128	-1.89693	-1.7112	-0.57187	4.16457	16.61737
-0.2604	-2.00724	-1.89129	-1.70264	-0.4833	4.65728	17.08926
-0.2576	-2.00317	-1.88558	-1.69389	-0.30098	5.20699	17.48109
-0.2548	-1.99908	-1.8798	-1.68494	-0.17845	5.80104	17.79284
-0.252	-1.99497	-1.87395	-1.67579	-0.0451	6.43835	17.95058
-0.2492	-1.99085	-1.86803	-1.66645	0.11346	7.11686	17.97591
-0.2464	-1.9867	-1.86204	-1.65689	0.2785	7.838	17.88087
-0.2436	-1.98252	-1.85598	-1.64713	0.46027	8.57769	17.68083
-0.2408	-1.97833	-1.84986	-1.63716	0.66426	9.32923	17.38302
-0.238	-1.97411	-1.84367	-1.62697	0.8869	10.10149	16.9789
-0.2352	-1.96987	-1.8374	-1.61657	1.12377	10.88856	16.47818
-0.2324	-1.9656	-1.83107	-1.35643	1.37836	11.68961	15.90338
-0.2296	-1.96131	-1.82467	-1.30595	1.67495	12.50663	15.23943
-0.2268	-1.95699	-1.81821	-1.25102	2.00345	13.29727	14.49072
-0.224	-1.95264	-1.81167	-1.19102	2.36171	14.05867	13.74202
-0.2212	-1.94827	-1.80506	-1.12594	2.74444	14.80354	12.94691
-0.2184	-1.94387	-1.79839	-1.05328	3.14357	15.50647	12.10538
-0.2156	-1.93944	-1.79165	-0.96974	3.5623	16.11882	11.25773
-0.2128	-1.93499	-1.78483	-0.87733	4.00926	16.6753	10.41086
-0.21	-1.9305	-1.77795	-0.77421	4.54072	17.17592	9.56859
-0.2072	-1.92598	-1.771	-0.66107	5.12332	17.53272	8.75829
-0.2044	-1.92144	-1.76399	-0.53604	5.74503	17.79205	8.00822
-0.2016	-1.91686	-1.7569	-0.39708	6.39284	17.95463	7.32656
-0.1988	-1.91225	-1.74974	-0.24541	7.07369	17.99546	6.70839
-0.196	-1.90761	-1.74252	-0.06353	7.77805	17.90865	6.09583
-0.1932	-1.90293	-1.73523	0.14323	8.51015	17.7052	5.51942
-0.1904	-1.89822	-1.72787	0.34879	9.268	17.37678	4.96749
-0.1876	-1.89348	-1.72044	0.57595	10.05232	16.89137	4.43592
-0.1848	-1.8887	-1.71294	0.82736	10.83718	16.25564	3.93083
-0.182	-1.88389	-1.40739	1.09618	11.61858	15.46231	3.47306
-0.1792	-1.87904	-1.35563	1.39358	12.40278	14.81471	3.0599
-0.1764	-1.87416	-1.29947	1.7232	13.18976	14.18984	2.67452
-0.1736	-1.86924	-1.23806	2.07909	13.96447	13.53385	2.31946
-0.1708	-1.86428	-1.17146	2.45479	14.6778	12.76245	1.99373
-0.168	-1.85928	-1.09907	2.8517	15.36739	11.92254	1.69589
-0.1652	-1.85424	-1.01381	3.30051	16.03325	11.12414	1.42412
-0.1624	-1.73664	-0.91925	3.79356	16.59654	10.32369	1.17893
-0.1596	-1.70666	-0.81473	4.32774	17.04485	9.53834	0.95863
-0.1568	-1.67603	-0.69805	4.90225	17.4116	8.77136	0.76217
-0.154	-1.64376	-0.57045	5.51306	17.6935	8.02677	0.58849
-0.1512	-1.60879	-0.42959	6.14484	17.80525	7.31837	0.38577
-0.1484	-1.57142	-0.27235	6.80439	17.79626	6.6394	0.23221
-0.1456	-1.5307	-0.10088	7.49989	17.66651	5.99773	0.09114
-0.1428	-1.48371	0.13064	8.23866	17.44024	5.39399	-0.03861
-0.14	-1.43219	0.34044	9.0151	17.11232	4.83084	-0.13951
-0.1372	-1.37547	0.56777	9.80359	16.67845	4.31096	-0.24123
-0.1344	-1.31174	0.82012	10.60254	16.15737	3.8314	-0.33447
-0.1316	-1.24209	1.10238	11.41893	15.55792	3.38981	-0.41961
-0.1288	-1.16541	1.41341	12.21167	14.86973	2.9906	-0.49337
-0.126	-1.07889	1.74259	12.99669	14.11823	2.63479	-0.55836
-0.1232	-0.98427	2.08965	13.7715	13.35697	2.30305	-0.6171
-0.1204	-0.87946	2.46748	14.50139	12.54953	1.98494	-0.67007
-0.1176	-0.75808	2.90995	15.18895	11.69949	1.68557	-0.7175
-0.1148	-0.62079	3.39537	15.82493	10.8565	1.41278	-0.75995
-0.112	-0.46798	3.9081	16.40012	10.01092	1.16755	-0.79732
-0.1092	-0.30405	4.45469	16.90527	9.17282	0.94695	-0.82964
-0.1064	-0.12659	5.03559	17.29676	8.38256	0.74571	-0.85715
-0.1036	0.0743	5.64459	17.55078	7.65193	0.56272	-0.88336
-0.1008	0.29169	6.27692	17.66856	6.99481	0.39676	-0.90822
-0.098	0.53343	6.93496	17.63469	6.37621	0.24675	-0.9325
-0.0952	0.79607	7.61873	17.43376	5.77457	0.11091	-0.95279
-0.0924	1.08704	8.36136	17.05641	5.20703	-0.02101	-0.97075
-0.0896	1.41139	9.1455	16.63983	4.66029	-0.13235	-0.98645
-0.0868	1.76589	9.97028	16.09034	4.13334	-0.23409	-1.00069
-0.084	2.14666	10.81482	15.40471	3.64371	-0.32322	-1.0134
-0.0812	2.55448	11.63882	14.65592	3.19969	-0.40347	-1.02477
-0.0784	3.03918	12.47253	13.95617	2.7969	-0.47596	-1.03481
-0.0756	3.57497	13.31596	13.26328	2.42075	-0.54391	-1.04375
-0.0728	4.13904	14.10968	12.6008	2.07509	-0.60595	-1.05176
-0.07	4.75545	14.85633	11.88199	1.7586	-0.65716	-1.05895
-0.0672	5.42504	15.5743	11.12632	1.4695	-0.70191	-1.06549
-0.0644	6.15198	16.22928	10.35035	1.2068	-0.74373	-1.07147
-0.0616	6.93859	16.78362	9.57881	0.97043	-0.78128	-1.07653
-0.0588	7.78849	17.2681	8.83378	0.75883	-0.81459	-1.08072
-0.056	8.70675	17.67296	8.11423	0.57096	-0.84462	-1.08398
-0.0532	9.69688	17.94653	7.41676	0.40577	-0.87118	-1.08702
-0.0504	10.74175	18.11951	6.74204	0.20356	-0.89437	-1.08976
-0.0476	11.84516	18.19191	6.09909	0.05534	-0.91423	-1.09235
-0.0448	13.00515	18.15063	5.49221	-0.07322	-0.93081	-1.09444
-0.042	14.2217	18.00111	4.92599	-0.19351	-0.94585	-1.0962
-0.0392	15.49227	17.7442	4.40521	-0.30109	-0.96037	-1.09762
-0.0364	16.80791	17.37115	3.91963	-0.39519	-0.97451	-1.09885
-0.0336	18.15157	16.87659	3.47015	-0.47958	-0.98848	-1.09986
-0.0308	19.52187	16.26065	3.05915	-0.55594	-0.99951	-1.10066
-0.028	20.90038	15.60291	2.68304	-0.62712	-1.00912	-1.10128
-0.0252	22.27005	15.0804	2.34177	-0.69022	-1.0173	-1.10173
-0.0224	23.62276	14.62377	2.03485	-0.74072	-1.02442	-1.10203
-0.0196	24.93783	14.08586	1.75943	-0.78411	-1.03069	-1.10219
-0.0168	26.1981	13.50863	1.51487	-0.82385	-1.03609	-1.10222
-0.014	27.38605	12.9797	1.29991	-0.85826	-1.04072	-1.10211
-0.0112	28.48211	12.49607	1.1116	-0.88733	-1.0445	-1.10191
-0.0084	29.46554	12.0453	0.94835	-0.91185	-1.04759	-1.10162
-0.0056	30.31972	11.64254	0.80881	-0.93185	-1.05007	-1.10125
-0.0028	31.04363	11.29205	0.70029	-0.94634	-1.05196	-1.10077
6.66E-16	3.16E+01	1.10E+01	6.20E-01	-9.55E-01	-1.05332	-1.10019
0.0028	31.99656	10.76605	0.56593	-0.96288	-1.05419	-1.09949
0.0056	32.18898	10.58956	0.52951	-0.9689	-1.05461	-1.0987
0.0084	32.1672	10.47413	0.51179	-0.97015	-1.05428	-1.09781
0.0112	32.06317	10.42166	0.51501	-0.96731	-1.05324	-1.09682
0.014	31.88542	10.43493	0.54401	-0.96108	-1.05139	-1.09569
0.0168	31.57412	10.51726	0.5967	-0.95114	-1.04888	-1.09441
0.0196	31.12979	10.6702	0.67192	-0.93737	-1.04592	-1.09297
0.0224	30.58046	10.89603	0.7702	-0.91959	-1.04242	-1.09131
0.0252	29.94658	11.16602	0.8926	-0.89756	-1.03843	-1.08941
0.028	29.2194	11.45835	1.03934	-0.87114	-1.03355	-1.08719
0.0308	28.40565	11.78296	1.21092	-0.84016	-1.02786	-1.08454
0.0336	27.53807	12.13363	1.40779	-0.80422	-1.02126	-1.08136
0.0364	26.65796	12.50023	1.63078	-0.76319	-1.01369	-1.07745
0.0392	25.75943	12.87551	1.8808	-0.71685	-1.00504	-1.07241
0.042	24.85785	13.25343	2.15827	-0.66467	-0.9952	-1.06591
0.0448	23.95973	13.62698	2.46356	-0.60529	-0.98402	-1.05727
0.0476	23.06117	13.98941	2.79705	-0.53881	-0.97128	-1.04483
0.0504	22.18449	14.33357	3.15804	-0.46479	-0.95681	-1.02737
0.0532	21.34117	14.65243	3.54636	-0.38254	-0.94042	-1.0029
0.056	20.53246	14.94168	3.96154	-0.29144	-0.92184	-0.96852
0.0588	19.73242	15.19475	4.4028	-0.19107	-0.90078	-0.92111
0.0616	18.9659	15.40478	4.86747	-0.08092	-0.87692	-0.86027
0.0644	18.23799	15.57054	5.35345	0.03916	-0.84994	-0.79667
0.0672	17.55143	15.70077	5.85782	0.16969	-0.81976	-0.72943
0.07	16.89301	15.78564	6.37714	0.31088	-0.78603	-0.66384
0.0728	16.27005	15.82231	6.90623	0.46129	-0.74849	-0.6018
0.0756	15.68145	15.82415	7.43977	0.62155	-0.70711	-0.54321
0.0784	15.12523	15.78852	7.97229	0.7904	-0.66216	-0.4896
0.0812	14.59608	15.71412	8.49735	0.96617	-0.61365	-0.44013
0.084	14.09093	15.60486	9.01038	1.14869	-0.56183	-0.39514
0.0868	13.6047	15.47003	9.50921	1.33472	-0.50754	-0.35426
0.0896	13.13145	15.31125	9.98518	1.52315	-0.4515	-0.31725
0.0924	12.69758	15.13391	10.43177	1.71232	-0.39473	-0.28383
0.0952	12.29245	14.93485	10.84308	1.89911	-0.33804	-0.25369
0.098	11.91684	14.71959	11.22788	2.08205	-0.28147	-0.22655
0.1008	11.57282	14.49197	11.57584	2.2592	-0.22641	-0.20213
0.1036	11.24577	14.25413	11.88371	2.42865	-0.17384	-0.18018
0.1064	10.93697	14.00699	12.14849	2.58844	-0.12321	-0.16046
0.1092	10.64559	13.75371	12.37637	2.73886	-0.07527	-0.14275
0.112	10.36866	13.4964	12.56731	2.87881	-0.03049	-0.12686
0.1148	10.10982	13.23758	12.7205	3.00777	0.01126	-0.1126
0.1176	9.86771	12.97907	12.83767	3.12529	0.04976	-0.09981
0.1204	9.63974	12.72274	12.92016	3.23143	0.08503	-0.08835
0.1232	9.42475	12.46945	12.96937	3.32625	0.11716	-0.07808
0.126	9.22207	12.21952	12.9891	3.41002	0.14631	-0.06886
0.1288	9.03089	11.97418	12.98297	3.48333	0.17251	-0.06062
0.1316	8.8502	11.73397	12.95437	3.54637	0.19604	-0.05324
0.1344	8.67924	11.49985	12.90064	3.59994	0.21702	-0.04663
0.1372	8.51746	11.27186	12.82708	3.64471	0.23562	-0.04071
0.14	8.36443	11.05006	12.73602	3.68108	0.25209	-0.03541
0.1428	8.21965	10.83479	12.62956	3.70996	0.26651	-0.0307
0.1456	8.08278	10.62634	12.50994	3.73193	0.27913	-0.02646
0.1484	7.95283	10.42455	12.37873	3.7476	0.29009	-0.02267
0.1512	7.82821	10.22941	12.23709	3.75761	0.29953	-0.01929
0.154	7.70859	10.04091	12.08578	3.76249	0.30759	-0.01628
0.1568	7.59297	9.85902	11.92756	3.76272	0.31443	-0.01358
0.1596	7.4813	9.68372	11.76573	3.75886	0.32016	-0.01117
0.1624	7.37527	9.51473	11.60012	3.75162	0.3249	-0.00903
0.1652	7.27396	9.3518	11.43182	3.74122	0.32876	-0.00712
0.168	7.17774	9.19487	11.2619	3.72792	0.33182	-0.00542
0.1708	7.08647	9.04374	11.09188	3.71195	0.33417	-0.0039
0.1736	6.99766	8.89805	10.92228	3.69349	0.3359	-0.00255
0.1764	6.91212	8.75761	10.75379	3.67383	0.33707	-0.00135
0.1792	6.82934	8.62217	10.58693	3.65265	0.33775	-2.88E-04
0.182	6.74893	8.49156	10.42249	3.63018	0.33799	6.60E-04
0.1848	6.67197	8.36559	10.26074	3.60658	0.33786	0.0015
0.1876	6.59764	8.24408	10.10191	3.582	0.33739	0.00224
0.1904	6.52583	8.12684	9.94612	3.55686	0.33664	0.0029
0.1932	6.45644	8.01359	9.79373	3.53125	0.33563	0.00348
0.196	6.38915	7.90422	9.645	3.50524	0.33442	0.004
0.1988	6.32394	7.79858	9.49982	3.47894	0.33301	0.00445
0.2016	6.26069	7.69647	9.35816	3.45244	0.33144	0.00485
0.2044	6.19927	7.59773	9.22002	3.42587	0.32973	0.00519
0.2072	6.13963	7.50222	9.08561	3.39936	0.32792	0.0055
0.21	6.08165	7.4098	8.95478	3.37294	0.32601	0.00576
0.2128	6.02526	7.32031	8.82753	3.34667	0.32401	0.00599
0.2156	5.97036	7.23363	8.70384	3.32061	0.32195	0.00619
0.2184	5.9169	7.14962	8.5835	3.29481	0.31984	0.00637
0.2212	5.86481	7.06817	8.46654	3.26926	0.3177	0.00651
0.224	5.81403	6.98915	8.35295	3.24402	0.31553	0.00664
0.2268	5.76448	6.91246	8.24275	3.21912	0.31334	0.00674
0.2296	5.71614	6.83799	8.1357	3.19458	0.31113	0.00683
0.2324	5.66893	6.76564	8.03167	3.17044	0.30892	0.00691
0.2352	5.62281	6.69532	7.93068	3.14665	0.30671	0.00697
0.238	5.57773	6.62694	7.83268	3.12324	0.30451	0.00701
0.2408	5.53366	6.56042	7.73757	3.10023	0.30232	0.00705
0.2436	5.49055	6.49567	7.64515	3.07763	0.30014	0.00708
0.2464	5.44836	6.43263	7.55539	3.05545	0.29797	0.0071
0.2492	5.40705	6.37123	7.4682	3.03366	0.29583	0.00711
0.252	5.3666	6.31139	7.38348	3.01225	0.29372	0.00711
0.2548	5.32698	6.25305	7.30114	2.99124	0.29162	0.00711
0.2576	5.28814	6.19615	7.22108	2.97063	0.28955	0.00711
0.2604	5.25006	6.14063	7.14321	2.95042	0.28751	0.0071
0.2632	5.21272	6.08645	7.06745	2.93061	0.28549	0.00708
0.266	5.17608	6.03354	6.99372	2.91115	0.28351	0.00706
0.2688	5.14014	5.98185	6.92194	2.89206	0.28155	0.00704
0.2716	5.10485	5.93135	6.85204	2.87334	0.27963	0.00702
0.2744	5.07021	5.88198	6.78396	2.855	0.27773	0.00699
0.2772	5.03619	5.8337	6.71762	2.83702	0.27586	0.00697
0.28	5.00277	5.78647	6.65295	2.81936	0.27403	0.00694
0.2828	4.96994	5.74026	6.58989	2.80205	0.27223	0.00691
0.2856	4.93766	5.69502	6.52839	2.78506	0.27045	0.00688
0.2884	4.90594	5.65073	6.46842	2.7684	0.26871	0.00684
0.2912	4.87475	5.60735	6.40987	2.75206	0.26699	0.00681
0.294	4.84408	5.56484	6.35271	2.73603	0.26531	0.00678
0.2968	4.81391	5.52319	6.2969	2.72029	0.26365	0.00674
0.2996	4.78423	5.48236	6.2424	2.70484	0.26202	0.00671
0.3024	4.75502	5.44232	6.18914	2.68968	0.26042	0.00667
0.3052	4.72627	5.40305	6.13709	2.6748	0.25885	0.00664
0.308	4.69797	5.36452	6.08621	2.66018	0.2573	0.0066
0.3108	4.67011	5.32672	6.03645	2.64582	0.25578	0.00657
0.3136	4.64267	5.28961	5.98778	2.63172	0.25429	0.00653
0.3164	4.61565	5.25319	5.94016	2.61787	0.25282	0.0065
0.3192	4.58903	5.21742	5.89355	2.60426	0.25138	0.00646
0.322	4.5628	5.18229	5.84791	2.59088	0.24996	0.00643
0.3248	4.53696	5.14778	5.8032	2.57773	0.24857	0.0064
0.3276	4.51149	5.11386	5.75936	2.5648	0.24719	0.00636
0.3304	4.48638	5.08053	5.71637	2.55208	0.24585	0.00633
0.3332	4.46163	5.04776	5.6742	2.53958	0.24452	0.00629
0.336	4.43723	5.01554	5.63282	2.52728	0.24322	0.00626
0.3388	4.41317	4.98384	5.59219	2.51519	0.24194	0.00623
0.3416	4.38944	4.95266	5.55229	2.50329	0.24068	0.0062
0.3444	4.36604	4.92196	5.51308	2.49158	0.23944	0.00616
0.3472	4.34295	4.89176	5.47454	2.48007	0.23821	0.00613
0.35	4.32017	4.86205	5.43681	2.46874	0.23701	0.0061
0.3528	4.2977	4.83279	5.3999	2.45758	0.23583	0.00607
0.3556	4.27552	4.80399	5.36368	2.44658	0.23466	0.00604
0.3584	4.25363	4.77563	5.32811	2.43574	0.23351	0.00601
0.3612	4.23203	4.74771	5.29318	2.42507	0.23238	0.00598
0.364	4.2107	4.7202	5.25887	2.41454	0.23127	0.00595
0.3668	4.18965	4.69309	5.22515	2.40417	0.23017	0.00592
0.3696	4.16886	4.66639	5.192	2.39395	0.22909	0.00589
0.3724	4.14833	4.64007	5.1594	2.38387	0.22803	0.00586
0.3752	4.12805	4.61413	5.12738	2.37392	0.22698	0.00583
0.378	4.10803	4.58856	5.09589	2.36411	0.22595	0.00581
0.3808	4.08825	4.56335	5.06491	2.35444	0.22493	0.00578
0.3836	4.06871	4.53849	5.03442	2.34492	0.22393	0.00575
0.3864	4.04941	4.51398	5.00439	2.33554	0.22294	0.00572
0.3892	4.03034	4.48981	4.97481	2.32628	0.22197	0.0057
0.392	4.01149	4.46597	4.94566	2.31715	0.22101	0.00567
0.3948	3.99287	4.44245	4.91691	2.30814	0.22006	0.00565
0.3976	3.97446	4.41925	4.88859	2.29925	0.21912	0.00562
0.4004	3.95627	4.39635	4.86079	2.29047	0.2182	0.00559
0.4032	3.93829	4.37375	4.83339	2.2818	0.21729	0.00557
0.406	3.92051	4.35145	4.80638	2.27324	0.2164	0.00555
0.4088	3.90293	4.32943	4.77975	2.26477	0.21551	0.00552
0.4116	3.88556	4.3077	4.75348	2.25643	0.21464	0.0055
0.4144	3.86837	4.28624	4.72756	2.24821	0.21378	0.00547
0.4172	3.85138	4.26506	4.70198	2.2401	0.21292	0.00545
0.42	3.83458	4.24414	4.67672	2.23209	0.21208	0.00543
0.4228	3.81796	4.22348	4.65189	2.22418	0.21125	0.00541
0.4256	3.80152	4.20309	4.62745	2.21637	0.21043	0.00538
0.4284	3.78526	4.18296	4.60335	2.20865	0.20963	0.00536
0.4312	3.76917	4.16308	4.5796	2.20103	0.20883	0.00534
0.434	3.75326	4.14344	4.55617	2.19349	0.20804	0.00532
0.4368	3.73751	4.12405	4.53306	2.18605	0.20726	0.0053
0.4396	3.72193	4.10489	4.51026	2.17869	0.2065	0.00527
0.4424	3.70651	4.08596	4.48777	2.17141	0.20574	0.00525
0.4452	3.69125	4.06725	4.46558	2.16421	0.20499	0.00523
0.448	3.67615	4.04877	4.44368	2.15709	0.20425	0.00521
0.4508	3.66121	4.0305	4.42205	2.15004	0.20351	0.00519
0.4536	3.64643	4.01244	4.4007	2.14306	0.20279	0.00517
0.4564	3.63179	3.99459	4.37962	2.13616	0.20207	0.00515
0.4592	3.6173	3.97693	4.3588	2.12932	0.20137	0.00513
0.462	3.60296	3.95943	4.33823	2.12255	0.20067	0.00511
0.4648	3.58876	3.94195	4.3179	2.11584	0.19997	0.0051
0.4676	3.57469	3.92466	4.2978	2.10919	0.19929	0.00508
0.4704	3.56074	3.90756	4.27797	2.10261	0.19861	0.00506
0.4732	3.54691	3.89064	4.25841	2.09617	0.19794	0.00504
0.476	3.53322	3.87391	4.23908	2.08979	0.19727	0.00502
0.4788	3.51966	3.85736	4.21998	2.08348	0.19661	0.005
0.4816	3.50623	3.841	4.20108	2.07723	0.19596	0.00499
0.4844	3.49294	3.82483	4.1824	2.07104	0.19533	0.00497
0.4872	3.47978	3.80883	4.16392	2.06491	0.19469	0.00495
0.49	3.46676	3.79303	4.14563	2.05884	0.19407	0.00493
0.4928	3.45382	3.77741	4.12753	2.05283	0.19345	0.00492
0.4956	3.44095	3.76197	4.10961	2.04687	0.19284	0.0049
0.4984	3.4282	3.74672	4.09187	2.04096	0.19223	0.00488
0.5012	3.41556	3.73158	4.07429	2.03511	0.19163	0.00487
0.504	3.40303	3.71646	4.05688	2.0293	0.19103	0.00485
0.5068	3.39061	3.7015	4.03961	2.02354	0.19044	0.00483
0.5096	3.3783	3.6867	4.0225	2.01783	0.18986	0.00482
0.5124	3.36611	3.67205	4.00553	2.01216	0.18928	0.0048
0.5152	3.35403	3.65756	3.98869	2.00653	0.18871	0.00479
0.518	3.34206	3.64322	3.97202	2.00094	0.18814	0.00477
0.5208	3.3302	3.62904	3.95574	1.99539	0.18757	0.00476
0.5236	3.31846	3.61501	3.93963	1.98988	0.18702	0.00474
0.5264	3.30683	3.60114	3.92368	1.9844	0.18646	0.00473
0.5292	3.29531	3.58743	3.90789	1.97896	0.18591	0.00471
0.532	3.2839	3.57386	3.89225	1.97366	0.18536	0.0047
0.5348	3.27261	3.56046	3.87676	1.96841	0.18482	0.00468
0.5376	3.26141	3.54721	3.86142	1.96321	0.18429	0.00467
0.5404	3.25021	3.53395	3.84622	1.95804	0.18376	0.00465
0.5432	3.23911	3.52066	3.83116	1.95293	0.18324	0.00464
0.546	3.2281	3.50748	3.81624	1.94785	0.18273	0.00462
0.5488	3.21719	3.49442	3.80144	1.94282	0.18222	0.00461
0.5516	3.20638	3.48146	3.78677	1.93782	0.18171	0.0046
0.5544	3.19567	3.46862	3.77222	1.93286	0.18121	0.00458
0.5572	3.18505	3.45589	3.7578	1.92795	0.18071	0.00457
0.56	3.17453	3.44326	3.74349	1.92306	0.18022	0.00456
0.5628	3.16411	3.43075	3.72929	1.91822	0.17973	0.00454
0.5656	3.15378	3.41836	3.71519	1.91341	0.17925	0.00453
0.5684	3.14356	3.40607	3.70136	1.90863	0.17877	0.00452
0.5712	3.13343	3.39389	3.68766	1.90389	0.17829	0.0045
0.574	3.1234	3.38183	3.67409	1.89917	0.17782	0.00449
0.5768	3.11346	3.36988	3.66065	1.89449	0.17735	0.00448
0.5796	3.10362	3.35803	3.64732	1.88984	0.17688	0.00446
0.5824	3.09388	3.3463	3.63411	1.88522	0.17642	0.00445
0.5852	3.08408	3.33469	3.62102	1.88062	0.17596	0.00444
0.588	3.07427	3.32318	3.60805	1.87605	0.1755	0.00443
0.5908	3.06453	3.31178	3.59518	1.87156	0.17505	0.00442
0.5936	3.05486	3.3005	3.58243	1.86712	0.1746	0.0044
0.5964	3.04527	3.28932	3.56978	1.86271	0.17416	0.00439
0.5992	3.03574	3.27826	3.55724	1.85833	0.17372	0.00438
0.602	3.02628	3.26731	3.54479	1.85399	0.17328	0.00437
0.6048	3.01689	3.25647	3.53245	1.84968	0.17285	0.00436
0.6076	3.00757	3.24574	3.52021	1.8454	0.17243	0.00434
0.6104	2.99832	3.23513	3.50806	1.84115	0.172	0.00433
0.6132	2.98914	3.22462	3.496	1.83693	0.17158	0.00432
0.616	2.98003	3.21423	3.48409	1.83275	0.17116	0.00431
0.6188	2.97099	3.20369	3.4723	1.82859	0.17075	0.0043
0.6216	2.96202	3.19318	3.46062	1.82445	0.17034	0.00429
0.6244	2.95311	3.18276	3.44903	1.82035	0.16993	0.00428
0.6272	2.94428	3.17242	3.43754	1.81627	0.16953	0.00427
0.63	2.93552	3.16218	3.42614	1.81222	0.16912	0.00426
0.6328	2.92683	3.15202	3.41484	1.8082	0.16872	0.00424
0.6356	2.9182	3.14195	3.40363	1.8042	0.16833	0.00423
0.6384	2.90965	3.13198	3.39251	1.80023	0.16793	0.00422
0.6412	2.90116	3.12209	3.38148	1.79628	0.16754	0.00421
0.644	2.89275	3.11229	3.37053	1.79236	0.16716	0.0042
0.6468	2.8844	3.10258	3.35968	1.78845	0.16677	0.00419
0.6496	2.87613	3.09295	3.3489	1.78459	0.16639	0.00418
0.6524	2.86792	3.08342	3.33821	1.78077	0.16601	0.00417
0.6552	2.85978	3.07398	3.3276	1.77698	0.16563	0.00416
0.658	2.85172	3.06462	3.31707	1.77321	0.16526	0.00415
0.6608	2.84372	3.05535	3.30662	1.76946	0.16489	0.00414
0.6636	2.83579	3.04617	3.29627	1.76574	0.16452	0.00413
0.6664	2.82793	3.03709	3.28603	1.76205	0.16416	0.00412
0.6692	2.82014	3.02809	3.27588	1.75838	0.1638	0.00411
0.672	2.81243	3.01917	3.26582	1.75473	0.16344	0.0041
0.6748	2.80478	3.01035	3.25583	1.75111	0.16308	0.00409
0.6776	2.79699	3.00162	3.24592	1.74751	0.16273	0.00408
0.6804	2.78923	2.99297	3.2361	1.74394	0.16238	0.00407
0.6832	2.78152	2.98442	3.22635	1.74038	0.16203	0.00406
0.686	2.77388	2.97595	3.21669	1.73685	0.16168	0.00405
0.6888	2.76629	2.96758	3.20709	1.73334	0.16134	0.00405
0.6916	2.75875	2.95929	3.19758	1.72985	0.16099	0.00404
0.6944	2.75127	2.95106	3.18814	1.72638	0.16065	0.00403
0.6972	2.74385	2.94259	3.17877	1.72294	0.16032	0.00402
0.7	2.73648	2.93418	3.16948	1.71951	0.15998	0.00401
0.6972	2.72917	2.92583	3.16025	1.7161	0.15965	0.004
0.6944	2.72191	2.91755	3.1511	1.71272	0.15932	0.00399
0.6916	2.71471	2.90933	3.14202	1.70935	0.15899	0.00398
0.6888	2.70756	2.90117	3.13301	1.70603	0.15866	0.00397
0.686	2.70047	2.89308	3.12406	1.70272	0.15834	0.00396
0.6832	2.69344	2.88506	3.11518	1.69944	0.15801	0.00396
0.6804	2.68646	2.87709	3.10637	1.69618	0.15769	0.00395
0.6776	2.67954	2.86919	3.09762	1.69294	0.15738	0.00394
0.6748	2.67267	2.86136	3.08894	1.68972	0.15706	0.00393
0.672	2.66586	2.85358	3.08032	1.68651	0.15675	0.00392
0.6692	2.6591	2.84588	3.07176	1.68333	0.15644	0.00391
0.6664	2.6524	2.83823	3.06326	1.68017	0.15613	0.0039
0.6636	2.64576	2.83065	3.05482	1.67703	0.15582	0.0039
0.6608	2.63917	2.82313	3.04644	1.67391	0.15551	0.00389
0.658	2.63264	2.81568	3.03812	1.67081	0.15521	0.00388
0.6552	2.62616	2.80829	3.02985	1.66773	0.15491	0.00387
0.6524	2.61974	2.80096	3.02164	1.66466	0.15461	0.00386
0.6496	2.61337	2.7937	3.01349	1.66161	0.15431	0.00386
0.6468	2.60706	2.7865	3.00538	1.65859	0.15401	0.00385
0.644	2.60081	2.77937	2.99734	1.65558	0.15372	0.00384
0.6412	2.59461	2.7723	2.98934	1.65258	0.15342	0.00383
0.6384	2.58846	2.76529	2.98144	1.64961	0.15313	0.00382
0.6356	2.58238	2.75835	2.9736	1.64665	0.15284	0.00382
0.6328	2.57632	2.75147	2.96581	1.64371	0.15256	0.00381
0.63	2.57007	2.74465	2.95808	1.64079	0.15227	0.0038
0.6272	2.56387	2.73781	2.95039	1.63788	0.15199	0.00379
0.6244	2.55771	2.73087	2.94276	1.63499	0.15171	0.00379
0.6216	2.55158	2.72398	2.93518	1.63212	0.15143	0.00378
0.6188	2.5455	2.71713	2.92765	1.62926	0.15115	0.00377
0.616	2.53946	2.71032	2.92017	1.62642	0.15087	0.00376
0.6132	2.53345	2.70357	2.91273	1.62359	0.1506	0.00376
0.6104	2.52749	2.69686	2.90535	1.62078	0.15032	0.00375
0.6076	2.52157	2.69019	2.89801	1.61798	0.15005	0.00374
0.6048	2.51568	2.68358	2.89071	1.6152	0.14978	0.00373
0.602	2.50984	2.67701	2.88346	1.61243	0.14951	0.00373
0.5992	2.50404	2.67048	2.87625	1.60968	0.14925	0.00372
0.5964	2.49827	2.664	2.86909	1.60694	0.14898	0.00371
0.5936	2.49255	2.65757	2.86196	1.60421	0.14872	0.00371
0.5908	2.48687	2.65119	2.85488	1.6015	0.14846	0.0037
0.588	2.48122	2.64485	2.84784	1.5988	0.1482	0.00369
0.5852	2.47562	2.63856	2.84084	1.59611	0.14794	0.00369
0.5824	2.47006	2.63232	2.83387	1.59344	0.14768	0.00368
0.5796	2.46453	2.62612	2.82695	1.59078	0.14743	0.00367
0.5768	2.45905	2.61997	2.82006	1.58813	0.14717	0.00367
0.574	2.4536	2.61386	2.8132	1.5855	0.14692	0.00366
0.5712	2.4482	2.6078	2.80639	1.5829	0.14667	0.00365
0.5684	2.44284	2.60179	2.7996	1.58032	0.14642	0.00365
0.5656	2.43751	2.59582	2.79285	1.57775	0.14617	0.00364
0.5628	2.43223	2.5899	2.78613	1.5752	0.14593	0.00363
0.56	2.42699	2.58403	2.77945	1.57266	0.14568	0.00363
0.5572	2.42178	2.5782	2.77279	1.57013	0.14544	0.00362
0.5544	2.41662	2.57242	2.76617	1.56762	0.1452	0.00361
0.5516	2.41149	2.56669	2.75958	1.56512	0.14495	0.00361
0.5488	2.40641	2.56095	2.75301	1.56263	0.14472	0.0036
0.546	2.40137	2.5552	2.74647	1.56015	0.14448	0.00359
0.5432	2.39636	2.5495	2.74002	1.55769	0.14424	0.00359
0.5404	2.39134	2.54382	2.73367	1.55524	0.144	0.00358
0.5376	2.38623	2.53819	2.72737	1.5528	0.14377	0.00357
0.5348	2.38115	2.53259	2.72109	1.55037	0.14354	0.00357
0.532	2.3761	2.52702	2.71486	1.54795	0.14331	0.00356
0.5292	2.37108	2.52149	2.70866	1.54555	0.14308	0.00356
0.5264	2.36608	2.51599	2.7025	1.54316	0.14285	0.00355
0.5236	2.36112	2.51053	2.69637	1.54077	0.14262	0.00354
0.5208	2.35618	2.50509	2.69027	1.5384	0.14239	0.00354
0.518	2.35128	2.4997	2.68421	1.53604	0.14217	0.00353
0.5152	2.3464	2.49433	2.67818	1.53369	0.14194	0.00353
0.5124	2.34155	2.489	2.67219	1.53136	0.14172	0.00352
0.5096	2.33674	2.48369	2.66622	1.52903	0.14149	0.00351
0.5068	2.33195	2.47842	2.66029	1.52671	0.14127	0.00351
0.504	2.32719	2.47318	2.65439	1.5244	0.14105	0.0035
0.5012	2.32246	2.46797	2.64851	1.5221	0.14083	0.0035
0.4984	2.31775	2.4628	2.64267	1.51981	0.14062	0.00349
0.4956	2.31308	2.45765	2.63686	1.51753	0.1404	0.00348
0.4928	2.30844	2.45253	2.63108	1.51526	0.14018	0.00348
0.49	2.30382	2.44744	2.62532	1.513	0.13997	0.00347
0.4872	2.29924	2.44238	2.61959	1.51075	0.13975	0.00347
0.4844	2.29468	2.43735	2.61389	1.5085	0.13954	0.00346
0.4816	2.29016	2.43234	2.60822	1.50627	0.13933	0.00346
0.4788	2.28566	2.42737	2.60257	1.50404	0.13912	0.00345
0.476	2.28119	2.42242	2.59695	1.50182	0.13891	0.00344
0.4732	2.27675	2.4175	2.59136	1.49961	0.1387	0.00344
0.4704	2.27234	2.4126	2.58578	1.49741	0.13849	0.00343
0.4676	2.26796	2.40774	2.58024	1.49521	0.13828	0.00343
0.4648	2.26361	2.4029	2.57471	1.49303	0.13808	0.00342
0.462	2.25929	2.39808	2.56921	1.49085	0.13787	0.00342
0.4592	2.25499	2.3933	2.56374	1.48867	0.13767	0.00341
0.4564	2.25073	2.38853	2.55828	1.48651	0.13747	0.00341
0.4536	2.24649	2.3838	2.55285	1.48437	0.13727	0.0034
0.4508	2.24229	2.37908	2.54744	1.48225	0.13707	0.00339
0.448	2.23807	2.3744	2.54205	1.48015	0.13687	0.00339
0.4452	2.23385	2.36973	2.53675	1.47805	0.13667	0.00338
0.4424	2.22965	2.36509	2.53149	1.47596	0.13647	0.00338
0.4396	2.22547	2.36047	2.52625	1.47388	0.13628	0.00337
0.4368	2.22132	2.35588	2.52103	1.47181	0.13608	0.00337
0.434	2.21719	2.3513	2.51585	1.46974	0.13589	0.00336
0.4312	2.21307	2.34675	2.51069	1.46769	0.13569	0.00336
0.4284	2.20898	2.34222	2.50555	1.46564	0.1355	0.00335
0.4256	2.20492	2.33772	2.50044	1.4636	0.13531	0.00335
0.4228	2.20087	2.33323	2.49535	1.46157	0.13512	0.00334
0.42	2.19684	2.32876	2.49029	1.45955	0.13492	0.00334
0.4172	2.19284	2.32432	2.48525	1.45753	0.13474	0.00333
0.4144	2.18885	2.31989	2.48023	1.45552	0.13455	0.00333
0.4116	2.18489	2.31549	2.47524	1.45352	0.13436	0.00332
0.4088	2.18095	2.3111	2.47027	1.45153	0.13417	0.00332
0.406	2.17702	2.30674	2.46532	1.44954	0.13398	0.00331
0.4032	2.17312	2.30239	2.4604	1.44756	0.1338	0.00331
0.4004	2.16924	2.29806	2.45549	1.44559	0.13361	0.0033
0.3976	2.16537	2.29375	2.45061	1.44362	0.13343	0.0033
0.3948	2.16153	2.28946	2.44575	1.44167	0.13324	0.00329
0.392	2.1577	2.2852	2.44091	1.43971	0.13306	0.00329
0.3892	2.15389	2.28095	2.43609	1.43777	0.13288	0.00328
0.3864	2.15011	2.27673	2.43129	1.43583	0.1327	0.00328
0.3836	2.14634	2.27253	2.42652	1.4339	0.13251	0.00327
0.3808	2.14258	2.26834	2.42176	1.43197	0.13233	0.00327
0.378	2.13885	2.26417	2.41702	1.43005	0.13215	0.00326
0.3752	2.13514	2.26002	2.41229	1.42814	0.13197	0.00326
0.3724	2.13144	2.25588	2.40759	1.42623	0.1318	0.00325
0.3696	2.12776	2.25176	2.40291	1.42432	0.13162	0.00324
0.3668	2.1241	2.24766	2.39824	1.42243	0.13144	0.00324
0.364	2.12045	2.24357	2.39359	1.42054	0.13126	0.00323
0.3612	2.11682	2.2395	2.38896	1.41865	0.13109	0.00323
0.3584	2.1132	2.23545	2.38435	1.41677	0.13091	0.00322
0.3556	2.1096	2.23141	2.37975	1.41489	0.13073	0.00322
0.3528	2.10601	2.22738	2.37517	1.41302	0.13055	0.00321
0.35	2.10244	2.22337	2.37053	1.41116	0.13035	0.00321
0.3472	2.09888	2.21938	2.3658	1.40929	0.13016	0.0032
0.3444	2.09534	2.21539	2.36106	1.40744	0.12996	0.00319
0.3416	2.09181	2.21142	2.35632	1.40559	0.12976	0.00319
0.3388	2.08829	2.20745	2.35159	1.40374	0.12957	0.00318
0.336	2.08479	2.20349	2.34684	1.40185	0.12937	0.00317
0.3332	2.0813	2.19954	2.3421	1.39979	0.12917	0.00317
0.3304	2.07781	2.1956	2.33735	1.39772	0.12896	0.00316
0.3276	2.07434	2.19167	2.3326	1.39564	0.12876	0.00315
0.3248	2.07088	2.18776	2.32784	1.39355	0.12856	0.00314
0.322	2.06743	2.18385	2.32308	1.39144	0.12835	0.00313
0.3192	2.064	2.17995	2.31831	1.38932	0.12814	0.00313
0.3164	2.06056	2.17606	2.31353	1.38719	0.12793	0.00312
0.3136	2.05714	2.17217	2.30874	1.38504	0.12772	0.00311
0.3108	2.05373	2.16829	2.30395	1.38288	0.12751	0.0031
0.308	2.05032	2.16438	2.29914	1.38071	0.1273	0.00308
0.3052	2.04692	2.16046	2.29433	1.37852	0.12708	0.00307
0.3024	2.04353	2.15653	2.2895	1.37631	0.12687	0.00306
0.2996	2.04013	2.15261	2.28466	1.37409	0.12665	0.00304
0.2968	2.03674	2.14867	2.27981	1.37185	0.12643	0.00303
0.294	2.03334	2.14473	2.27449	1.36959	0.12621	0.00301
0.2912	2.02995	2.14078	2.2686	1.36732	0.12598	0.00299
0.2884	2.02656	2.13682	2.26255	1.36502	0.12576	0.00297
0.2856	2.02316	2.13279	2.25636	1.36271	0.12553	0.00295
0.2828	2.01975	2.12873	2.25001	1.36038	0.1253	0.00292
0.28	2.01633	2.12464	2.2435	1.35803	0.12498	0.0029
0.2772	2.0129	2.1205	2.23682	1.35566	0.12459	0.00287
0.2744	2.00946	2.11633	2.22997	1.35327	0.12419	0.00284
0.2716	2.006	2.11212	2.22294	1.35086	0.12377	0.00281
0.2688	2.00253	2.10785	2.21573	1.34827	0.12333	0.00277
0.266	1.99902	2.10354	2.20832	1.34439	0.12287	0.00273
0.2632	1.99548	2.09909	2.20072	1.34034	0.1224	0.00268
0.2604	1.99191	2.09449	2.19285	1.3361	0.1219	0.00263
0.2576	1.98831	2.08977	2.18299	1.33168	0.12138	0.00258
0.2548	1.98467	2.08493	2.17252	1.32706	0.12085	0.00251
0.252	1.98095	2.07996	2.16141	1.32224	0.12029	0.00244
0.2492	1.97718	2.07484	2.14963	1.31721	0.11971	0.00237
0.2464	1.97333	2.06949	2.13716	1.31198	0.1191	0.00228
0.2436	1.96941	2.06395	2.12396	1.30653	0.11848	0.00219
0.2408	1.9654	2.05819	2.11001	1.30085	0.11766	0.00208
0.238	1.96129	2.05221	2.09526	1.29495	0.11665	0.00196
0.2352	1.95706	2.04598	2.07868	1.28882	0.11556	0.00184
0.2324	1.95272	2.03941	2.05972	1.28245	0.11438	0.0017
0.2296	1.94825	2.0324	2.03917	1.27584	0.11312	0.00154
0.2268	1.94359	2.02498	2.01692	1.26613	0.11176	0.00136
0.224	1.93874	2.01713	1.9929	1.25539	0.11031	0.00116
0.2212	1.9337	2.00882	1.96699	1.24378	0.10875	9.44E-04
0.2184	1.92843	2.00001	1.93912	1.23128	0.1071	6.98E-04
0.2156	1.92294	1.9904	1.90686	1.21784	0.10526	4.28E-04
0.2128	1.9171	1.98004	1.87139	1.20342	0.10297	1.23E-04
0.21	1.91093	1.9689	1.83255	1.188	0.10045	-2.12E-04
0.2072	1.90442	1.95693	1.79015	1.17153	0.09769	-5.88E-04
0.2044	1.89754	1.94407	1.74396	1.15398	0.09469	-0.00101
0.2016	1.89022	1.92992	1.69378	1.13263	0.09141	-0.00147
0.1988	1.88231	1.9145	1.63785	1.1081	0.08786	-0.00199
0.196	1.87385	1.89775	1.57415	1.08119	0.08382	-0.00257
0.1932	1.86478	1.8796	1.50392	1.05178	0.07919	-0.00322
0.1904	1.85507	1.85994	1.42673	1.01973	0.07408	-0.00394
0.1876	1.84454	1.83804	1.34213	0.9849	0.06845	-0.00474
0.1848	1.83298	1.8139	1.24966	0.94692	0.06227	-0.00563
0.182	1.82036	1.78747	1.14633	0.90179	0.05539	-0.00663
0.1792	1.80656	1.75857	1.03016	0.85181	0.04754	-0.00774
0.1764	1.79146	1.72682	0.90212	0.79663	0.03884	-0.00898
0.1736	1.77501	1.69146	0.76141	0.73594	0.02921	-0.01036
0.1708	1.75708	1.65258	0.60723	0.6694	0.01861	-0.0119
0.168	1.73753	1.60993	0.43756	0.59668	0.00688	-0.01361
0.1652	1.71622	1.56324	0.24674	0.51515	-0.00638	-0.01553
0.1624	1.69301	1.51117	0.0366	0.42209	-0.02115	-0.01766
0.1596	1.66717	1.45342	-0.19419	0.31921	-0.0376	-0.02004
0.1568	1.63867	1.38981	-0.44808	0.20587	-0.05593	-0.02269
0.154	1.60722	1.31993	-0.72632	0.07961	-0.07636	-0.02565
0.1512	1.57251	1.24295	-1.03029	-0.06177	-0.09911	-0.02894
0.1484	1.53418	1.15689	-1.36233	-0.2182	-0.12449	-0.03262
0.1456	1.49169	1.06199	-1.72496	-0.39284	-0.15275	-0.03672
0.1428	1.44469	0.95759	-2.11952	-0.5866	-0.18425	-0.04129
0.14	1.39274	0.84305	-2.54772	-0.80165	-0.21937	-0.04638
0.1372	1.33536	0.7159	-3.0102	-1.04083	-0.25847	-0.05206
0.1344	1.27178	0.57521	-3.50908	-1.30579	-0.30212	-0.05841
0.1316	1.20107	0.42056	-4.04596	-1.60022	-0.35067	-0.06547
0.1288	1.12274	0.251	-4.6173	-1.92641	-0.4049	-0.07334
0.126	1.03603	0.06515	-5.22383	-2.28739	-0.46525	-0.08212
0.1232	0.94014	-0.14062	-5.86679	-2.68718	-0.53254	-0.09193
0.1204	0.8336	-0.36672	-6.54199	-3.12843	-0.60759	-0.10286
0.1176	0.71529	-0.6149	-7.24006	-3.61468	-0.69123	-0.11503
0.1148	0.58425	-0.88698	-7.95948	-4.14937	-0.78438	-0.12861
0.112	0.43925	-1.18312	-8.69429	-4.73595	-0.88811	-0.14377
0.1092	0.27899	-1.50437	-9.43252	-5.37798	-1.00393	-0.16067
0.1064	0.10067	-1.85274	-10.16651	-6.07912	-1.13297	-0.17947
0.1036	-0.09709	-2.22962	-10.88562	-6.83045	-1.2766	-0.20046
0.1008	-0.31629	-2.63581	-11.57978	-7.63205	-1.43633	-0.22389
0.098	-0.55919	-3.07214	-12.23709	-8.48518	-1.61442	-0.25
0.0952	-0.82794	-3.53998	-12.84395	-9.36723	-1.81299	-0.27911
0.0924	-1.12358	-4.04036	-13.39183	-10.22562	-2.03389	-0.31159
0.0896	-1.44907	-4.57206	-13.88185	-11.05406	-2.27933	-0.34781
0.0868	-1.80681	-5.13317	-14.3001	-11.82142	-2.55174	-0.38819
0.084	-2.19928	-5.72452	-14.63867	-12.3374	-2.85491	-0.4332
0.0812	-2.6299	-6.34536	-14.91426	-12.56583	-3.19119	-0.48342
0.0784	-3.10289	-6.99236	-15.12015	-12.47912	-3.56369	-0.53943
0.0756	-3.62106	-7.66028	-15.25952	-12.12648	-3.9757	-0.60187
0.0728	-4.1882	-8.34768	-15.33733	-11.4461	-4.42685	-0.67146
0.07	-4.80833	-9.05083	-15.36041	-10.87453	-4.91569	-0.74912
0.0672	-5.48187	-9.7649	-15.33757	-10.5174	-5.4466	-0.83573
0.0644	-6.21119	-10.48375	-15.27537	-10.07846	-6.01032	-0.93228
0.0616	-7.00021	-11.20224	-15.17034	-9.64598	-6.53036	-1.03988
0.0588	-7.85155	-11.91406	-15.03504	-9.22805	-6.84714	-1.15997
0.056	-8.76768	-12.61425	-14.87734	-8.87382	-6.58466	-1.29388
0.0532	-9.74482	-13.30161	-14.69606	-8.55642	-5.77463	-1.44317
0.0504	-10.78509	-13.96767	-14.4969	-8.27031	-5.23848	-1.60955
0.0476	-11.88821	-14.60636	-14.28274	-8.00768	-4.82999	-1.79522
0.0448	-13.05282	-15.21448	-14.05919	-7.76835	-4.51912	-2.00226
0.042	-14.27532	-15.79963	-13.83256	-7.55039	-4.27106	-2.23306
0.0392	-15.54313	-16.3537	-13.60465	-7.35173	-4.07284	-2.49028
0.0364	-16.85291	-16.87492	-13.3785	-7.1638	-3.90399	-2.77731
0.0336	-18.19546	-17.36351	-13.15612	-6.98476	-3.75746	-3.09731
0.0308	-19.55965	-17.83029	-12.93967	-6.81194	-3.62854	-3.45398
0.028	-20.93244	-18.27568	-12.7305	-6.65385	-3.51491	-3.85143
0.0252	-22.29869	-18.70608	-12.53146	-6.50522	-3.41414	-4.29456
0.0224	-23.64058	-19.12832	-12.34375	-6.36548	-3.32276	-4.78822
0.0196	-24.93794	-19.53226	-12.16831	-6.23534	-3.23788	-5.33794
0.0168	-26.16798	-19.92949	-12.00656	-6.11378	-3.15986	-5.94676
0.014	-27.32622	-20.32432	-11.86021	-6.00042	-3.08792	-6.60952
0.0112	-28.39716	-20.7211	-11.73026	-5.89505	-3.02116	-7.12656
0.0084	-29.3546	-21.12462	-11.61796	-5.79719	-2.95949	-5.40903
0.0056	-30.17829	-21.54031	-11.52414	-5.70661	-2.90218	-4.78181
0.0028	-30.84749	-21.97368	-11.45019	-5.6233	-2.84907	-4.39099
0	-31.39094	-22.43058	-11.3974	-5.54699	-2.79966	-4.09741
-0.0028	-31.7874	-22.90019	-11.36671	-5.47762	-2.75375	-3.86597
-0.0056	-32.03202	-23.39048	-11.35931	-5.41518	-2.71105	-3.67985
-0.0084	-32.12668	-23.90325	-11.37658	-5.35966	-2.67132	-3.52434
-0.0112	-32.07651	-24.43956	-11.41986	-5.31126	-2.63437	-3.39093
-0.014	-31.88412	-24.98007	-11.4906	-5.27028	-2.60006	-3.27589
-0.0168	-31.56678	-25.52439	-11.59039	-5.23696	-2.56827	-3.17481
-0.0196	-31.14327	-26.06703	-11.72091	-5.21147	-2.53897	-3.08456
-0.0224	-30.63788	-26.59973	-11.88426	-5.1941	-2.51213	-3.00277
-0.0252	-30.05167	-27.11009	-12.08238	-5.18522	-2.48777	-2.92863
-0.028	-29.36251	-27.58673	-12.31752	-5.1854	-2.46594	-2.85988
-0.0308	-28.61174	-28.0168	-12.59215	-5.19519	-2.44663	-2.7971
-0.0336	-27.8154	-28.3856	-12.90896	-5.21516	-2.42966	-2.73848
-0.0364	-26.9902	-28.69004	-13.2709	-5.24609	-2.41523	-2.68458
-0.0392	-26.1232	-28.91706	-13.6757	-5.28876	-2.40344	-2.63445
-0.042	-25.22031	-29.05039	-14.11569	-5.34403	-2.39438	-2.58793
-0.0448	-24.30224	-29.0757	-14.59778	-5.4129	-2.38815	-2.54475
-0.0476	-23.37886	-29.00444	-15.12182	-5.49643	-2.38492	-2.50457
-0.0504	-22.45999	-28.83534	-15.68733	-5.59576	-2.38486	-2.46726
-0.0532	-21.56783	-28.5567	-16.2934	-5.71215	-2.38815	-2.43257
-0.056	-20.71055	-28.16537	-16.93867	-5.84695	-2.39508	-2.40031
-0.0588	-19.89996	-27.67831	-17.60747	-6.00165	-2.40593	-2.37034
-0.0616	-19.149	-27.11379	-18.29564	-6.17806	-2.42096	-2.34253
-0.0644	-18.45994	-26.48067	-19.00454	-6.37783	-2.44049	-2.31679
-0.0672	-17.76481	-25.7998	-19.72927	-6.60287	-2.46493	-2.29313
-0.07	-17.09732	-25.06479	-20.46446	-6.85518	-2.4949	-2.27155
-0.0728	-16.45009	-24.2639	-21.20422	-7.13696	-2.53076	-2.25205
-0.0756	-15.81356	-23.41994	-21.9422	-7.44958	-2.57302	-2.23469
-0.0784	-15.2005	-22.53869	-22.60265	-7.79336	-2.62224	-2.21948
-0.0812	-14.64382	-21.63179	-23.2048	-8.17121	-2.67954	-2.20627
-0.084	-14.1199	-20.7162	-23.73546	-8.58492	-2.74558	-2.19525
-0.0868	-13.62926	-19.79784	-24.17682	-9.03626	-2.82125	-2.18652
-0.0896	-13.17162	-18.88753	-24.50982	-9.52697	-2.90757	-2.18018
-0.0924	-12.74037	-17.99743	-24.71413	-10.05531	-3.00521	-2.17633
-0.0952	-12.33881	-17.14097	-24.86559	-10.61983	-3.1149	-2.17513
-0.098	-11.96655	-16.33014	-24.91454	-11.22236	-3.23784	-2.17673
-0.1008	-11.62317	-15.57821	-24.84328	-11.86237	-3.37503	-2.18132
-0.1036	-11.29656	-14.87104	-24.64265	-12.53889	-3.5278	-2.18914
-0.1064	-10.98772	-14.15666	-24.3036	-13.25049	-3.69872	-2.20049
-0.1092	-10.69604	-13.47054	-23.81716	-13.98434	-3.88893	-2.21561
-0.112	-10.41937	-12.81269	-23.29477	-14.73557	-4.10034	-2.2348
-0.1148	-10.15933	-12.18257	-22.70533	-15.5001	-4.33503	-2.25835
-0.1176	-9.91632	-11.57636	-22.04518	-16.26986	-4.59357	-2.28691
-0.1204	-9.68712	-10.99662	-21.32809	-17.03541	-4.87813	-2.32086
-0.1232	-9.4705	-10.44336	-20.56989	-17.78586	-5.19074	-2.36064
-0.126	-9.26576	-9.91658	-19.78497	-18.50975	-5.53332	-2.40676
-0.1288	-9.07326	-9.41628	-18.98785	-19.19285	-5.90749	-2.45993
-0.1316	-8.89113	-8.94245	-18.20235	-19.81958	-6.31471	-2.52124
-0.1344	-8.71842	-8.49511	-17.45074	-20.37267	-6.75689	-2.59131
-0.1372	-8.55419	-8.07425	-16.75713	-20.83301	-7.23567	-2.67109
-0.14	-8.40217	-8.51503	-16.04861	-21.18598	-7.75223	-2.76159
-0.1428	-8.25963	-8.23994	-15.26683	-21.47384	-8.30483	-2.86322
-0.1456	-8.12618	-7.98228	-14.4792	-21.6539	-8.89486	-2.97706
-0.1484	-8.0014	-7.74171	-13.68728	-21.71688	-9.52206	-3.10419
-0.1512	-7.88491	-7.5156	-12.92356	-21.6544	-10.18567	-3.24564
-0.154	-7.77628	-7.30476	-12.22675	-21.45909	-10.88081	-3.40298
-0.1568	-7.67513	-7.1092	-11.56032	-21.14805	-11.60438	-3.57859
-0.1596	-7.58103	-6.93164	-10.92428	-20.77567	-12.35255	-3.77369
-0.1624	-7.48862	-6.77369	-10.32858	-20.30969	-13.11979	-3.99021
-0.1652	-7.39352	-6.63352	-9.79886	-19.75833	-13.89865	-4.23025
-0.168	-7.29962	-6.51114	-9.31555	-19.13167	-14.67975	-4.49425
-0.1708	-7.20595	-6.38847	-8.87865	-18.44155	-15.45348	-4.7845
-0.1736	-7.11158	-6.27441	-8.46994	-17.71858	-16.20805	-5.10305
-0.1764	-7.01556	-6.16974	-8.08252	-16.98057	-16.93056	-5.45182
-0.1792	-6.91694	-6.07237	-7.72671	-16.22258	-17.61589	-5.83246
-0.182	-6.81478	-5.97893	-7.40251	-15.45508	-18.24642	-6.24622
-0.1848	-6.72644	-5.89204	-7.10154	-14.68859	-18.80735	-6.69509
-0.1876	-6.64627	-5.81169	-6.82694	-13.92326	-19.28275	-7.18065
-0.1904	-6.56951	-5.73469	-6.57974	-13.16697	-19.67373	-7.70445
-0.1932	-6.49622	-5.66173	-6.35757	-12.43278	-19.97158	-8.26424
-0.196	-6.42646	-5.59345	-6.14612	-11.72966	-20.16379	-8.8611
-0.1988	-6.36028	-5.52973	-5.95451	-11.05621	-20.24333	-9.49482
-0.2016	-6.29775	-5.46983	-5.78272	-10.39144	-20.21152	-10.16449
-0.2044	-6.23847	-5.41395	-5.63064	-9.75693	-20.07746	-10.86677
-0.2072	-6.17465	-5.36194	-5.49809	-9.15689	-19.834	-11.59579
-0.21	-6.11248	-5.31366	-5.38513	-8.59553	-19.48306	-12.3485
-0.2128	-6.05195	-5.26898	-5.29169	-8.06562	-19.02852	-13.11906
-0.2156	-5.99306	-5.22774	-5.19732	-7.57464	-18.49962	-13.90045
-0.2184	-5.93582	-5.18921	-5.09753	-7.12593	-17.8981	-14.68297
-0.2212	-5.88023	-5.14089	-4.99249	-6.72225	-17.23848	-15.45677
-0.224	-5.82628	-5.09273	-4.87867	-6.34747	-16.5376	-16.21003
-0.2268	-5.774	-5.04476	-4.78852	-5.99226	-15.79773	-16.92912
-0.2296	-5.72342	-4.99696	-4.70684	-5.66497	-15.03134	-17.60403
-0.2324	-5.6745	-4.94933	-4.63484	-5.36408	-14.26051	-18.22724
-0.2352	-5.62724	-4.90188	-4.56893	-5.08762	-13.50332	-18.78054
-0.238	-5.58164	-4.85461	-4.49929	-4.832	-12.76313	-19.24897
-0.2408	-5.5377	-4.81543	-4.43281	-4.59654	-12.01258	-19.61667
-0.2436	-5.49543	-4.77948	-4.36948	-4.37941	-11.28041	-19.89808
-0.2464	-5.45481	-4.74592	-4.31316	-4.18005	-10.57238	-20.0751
-0.2492	-5.41336	-4.71474	-4.26463	-4.00048	-9.89347	-20.14162
-0.252	-5.37152	-4.68595	-4.22209	-3.83755	-9.21756	-20.09428
-0.2548	-5.33043	-4.65954	-4.18556	-3.69016	-8.56227	-19.93662
-0.2576	-5.29009	-4.63265	-4.14712	-3.55649	-7.9309	-19.67762
-0.2604	-5.25051	-4.60324	-4.11038	-3.43393	-7.32589	-19.32288
-0.2632	-5.21168	-4.57436	-4.07592	-3.32186	-6.7626	-18.88523
-0.266	-5.17361	-4.546	-4.04345	-3.21883	-6.24186	-18.38203
-0.2688	-5.13629	-4.51816	-4.01179	-3.12469	-5.75638	-17.79171
-0.2716	-5.09972	-4.49085	-3.98172	-3.03988	-5.30616	-17.14444
-0.2744	-5.0639	-4.46405	-3.95325	-2.96234	-4.89668	-16.45593
-0.2772	-5.02884	-4.43769	-3.92546	-2.89112	-4.54439	-15.74381
-0.28	-4.99453	-4.41182	-3.89771	-2.82613	-4.2367	-15.00963
-0.2828	-4.96097	-4.38645	-3.87069	-2.76724	-3.97363	-14.24856
-0.2856	-4.92817	-4.36158	-3.84439	-2.71324	-3.74647	-13.48004
-0.2884	-4.89612	-4.3372	-3.81883	-2.66341	-3.53844	-12.71071
-0.2912	-4.86459	-4.31332	-3.794	-2.61724	-3.3628	-11.94548
-0.294	-4.8331	-4.28958	-3.76989	-2.57418	-3.18216	-11.19491
-0.2968	-4.80224	-4.26591	-3.7466	-2.53356	-2.99392	-10.46359
-0.2996	-4.77203	-4.24256	-3.72499	-2.49481	-2.81099	-9.75708
-0.3024	-4.74246	-4.21951	-3.70435	-2.45945	-2.6629	-9.0804
-0.3052	-4.71352	-4.19678	-3.68468	-2.42826	-2.53549	-8.4392
-0.308	-4.68523	-4.17437	-3.66598	-2.40113	-2.41479	-7.83866
-0.3108	-4.65758	-4.15226	-3.64825	-2.37876	-2.3026	-7.28215
-0.3136	-4.63057	-4.13047	-3.6315	-2.35756	-2.20084	-6.77322
-0.3164	-4.6042	-4.109	-3.61571	-2.3368	-2.10968	-6.31399
-0.3192	-4.57847	-4.08784	-3.59881	-2.3166	-2.02755	-5.87568
-0.322	-4.55338	-4.06699	-3.58124	-2.29603	-1.94944	-5.46719
-0.3248	-4.52894	-4.04645	-3.56387	-2.27805	-1.8777	-5.08212
-0.3276	-4.50392	-4.02623	-3.54671	-2.26186	-1.81273	-4.7126
-0.3304	-4.47876	-4.00623	-3.52976	-2.24683	-1.75683	-4.37083
-0.3332	-4.45397	-3.98647	-3.51301	-2.23286	-1.70869	-4.06692
-0.336	-4.42955	-3.96701	-3.49647	-2.2192	-1.66785	-3.78796
-0.3388	-4.40551	-3.94784	-3.48013	-2.20588	-1.62749	-3.53243
-0.3416	-4.38185	-3.92896	-3.46401	-2.19271	-1.59126	-3.30265
-0.3444	-4.35855	-3.91038	-3.44809	-2.17952	-1.55917	-3.10098
-0.3472	-4.33564	-3.89209	-3.43237	-2.16765	-1.52906	-2.92458
-0.35	-4.31309	-3.87409	-3.41686	-2.15642	-1.50198	-2.77308
-0.3528	-4.29092	-3.85638	-3.40156	-2.14583	-1.47795	-2.63742
-0.3556	-4.26912	-3.83896	-3.38647	-2.13591	-1.4555	-2.50667
-0.3584	-4.2477	-3.82184	-3.37158	-2.12666	-1.43509	-2.38415
-0.3612	-4.22658	-3.80501	-3.35744	-2.11811	-1.41688	-2.26669
-0.364	-4.20528	-3.78847	-3.34367	-2.11026	-1.40065	-2.15767
-0.3668	-4.18427	-3.77153	-3.3302	-2.10276	-1.38632	-2.06357
-0.3696	-4.16354	-3.75457	-3.31701	-2.09339	-1.37387	-1.97782
-0.3724	-4.14309	-3.73778	-3.30411	-2.08408	-1.36323	-1.89958
-0.3752	-4.12293	-3.72115	-3.2915	-2.07482	-1.35434	-1.8299
-0.378	-4.10305	-3.70468	-3.27917	-2.06561	-1.34714	-1.76807
-0.3808	-4.08346	-3.68838	-3.26713	-2.05645	-1.33804	-1.71331
-0.3836	-4.06415	-3.67224	-3.25539	-2.04734	-1.32664	-1.66485
-0.3864	-4.04512	-3.65626	-3.24392	-2.03828	-1.31516	-1.6201
-0.3892	-4.02638	-3.64044	-3.23275	-2.02928	-1.30359	-1.57918
-0.392	-4.00792	-3.62479	-3.22186	-2.02032	-1.29194	-1.54123
-0.3948	-3.98974	-3.6093	-3.2099	-2.012	-1.2802	-1.50672
-0.3976	-3.97161	-3.59397	-3.19796	-2.00458	-1.27009	-1.47614
-0.4004	-3.9535	-3.57881	-3.18608	-1.99747	-1.26367	-1.44832
-0.4032	-3.93561	-3.5638	-3.17427	-1.99065	-1.25856	-1.42288
-0.406	-3.91794	-3.54896	-3.16252	-1.98414	-1.25475	-1.4
-0.4088	-3.90048	-3.53429	-3.15084	-1.97792	-1.25223	-1.37923
-0.4116	-3.88323	-3.51977	-3.13923	-1.972	-1.2497	-1.36023
-0.4144	-3.86621	-3.50542	-3.12769	-1.96638	-1.24551	-1.34283
-0.4172	-3.84939	-3.49123	-3.11621	-1.96107	-1.24135	-1.32715
-0.42	-3.8328	-3.47721	-3.1048	-1.95605	-1.23722	-1.31281
-0.4228	-3.81642	-3.46334	-3.09345	-1.95033	-1.23313	-1.29959
-0.4256	-3.80026	-3.44964	-3.08217	-1.94441	-1.22922	-1.28736
-0.4284	-3.78431	-3.43611	-3.07096	-1.93856	-1.22566	-1.27598
-0.4312	-3.76858	-3.42273	-3.05982	-1.93276	-1.22227	-1.26527
-0.434	-3.7529	-3.40952	-3.04874	-1.92701	-1.21905	-1.25508
-0.4368	-3.7374	-3.39647	-3.03773	-1.92132	-1.216	-1.24526
-0.4396	-3.72207	-3.38324	-3.02679	-1.91569	-1.213	-1.23567
-0.4424	-3.70692	-3.37016	-3.01591	-1.91011	-1.2099	-1.22619
-0.4452	-3.69194	-3.35721	-3.0051	-1.90459	-1.20686	-1.21763
-0.448	-3.67712	-3.3444	-2.99436	-1.89912	-1.20388	-1.21133
-0.4508	-3.66247	-3.33172	-2.98368	-1.89367	-1.20095	-1.20603
-0.4536	-3.64798	-3.31919	-2.97307	-1.88827	-1.19808	-1.20175
-0.4564	-3.63365	-3.30679	-2.96253	-1.88292	-1.19526	-1.19853
-0.4592	-3.61948	-3.29453	-2.95212	-1.87761	-1.1925	-1.19641
-0.462	-3.60546	-3.2824	-2.9421	-1.87236	-1.18979	-1.19541
-0.4648	-3.59159	-3.27042	-2.93218	-1.86715	-1.18714	-1.19512
-0.4676	-3.57786	-3.25857	-2.92235	-1.86199	-1.18459	-1.19092
-0.4704	-3.56428	-3.24686	-2.91263	-1.85688	-1.18218	-1.18653
-0.4732	-3.55085	-3.23528	-2.903	-1.85182	-1.17984	-1.18196
-0.476	-3.53755	-3.22385	-2.89347	-1.84678	-1.17757	-1.17719
-0.4788	-3.52439	-3.21255	-2.88403	-1.84175	-1.17539	-1.17223
-0.4816	-3.51137	-3.20139	-2.8747	-1.83676	-1.17327	-1.16708
-0.4844	-3.49847	-3.19037	-2.86546	-1.83181	-1.17124	-1.16175
-0.4872	-3.48571	-3.17948	-2.85632	-1.82689	-1.16928	-1.15803
-0.49	-3.47307	-3.16873	-2.84727	-1.82202	-1.1674	-1.155
-0.4928	-3.46055	-3.15812	-2.83833	-1.81718	-1.16559	-1.15233
-0.4956	-3.44815	-3.14765	-2.82948	-1.81237	-1.16371	-1.15
-0.4984	-3.43587	-3.13732	-2.82073	-1.80761	-1.16168	-1.14804
-0.5012	-3.4237	-3.12712	-2.81208	-1.80288	-1.15965	-1.14642
-0.504	-3.41166	-3.11662	-2.80353	-1.79819	-1.15764	-1.1448
-0.5068	-3.39972	-3.10612	-2.79507	-1.79354	-1.15563	-1.14256
-0.5096	-3.3879	-3.09572	-2.78671	-1.78892	-1.15364	-1.14035
-0.5124	-3.37618	-3.08541	-2.77845	-1.78435	-1.15166	-1.13816
-0.5152	-3.36456	-3.07519	-2.77029	-1.77981	-1.1497	-1.136
-0.518	-3.35304	-3.06506	-2.76199	-1.7753	-1.14774	-1.13387
-0.5208	-3.34162	-3.05502	-2.75364	-1.77084	-1.1458	-1.13177
-0.5236	-3.33029	-3.04508	-2.74535	-1.76641	-1.14386	-1.12971
-0.5264	-3.31905	-3.03524	-2.73712	-1.76202	-1.14194	-1.1277
-0.5292	-3.3079	-3.02548	-2.72896	-1.75766	-1.14003	-1.12571
-0.532	-3.29684	-3.01582	-2.72086	-1.75327	-1.13813	-1.12377
-0.5348	-3.28586	-3.00625	-2.71282	-1.7489	-1.13625	-1.12186
-0.5376	-3.27496	-2.99677	-2.70485	-1.74457	-1.13437	-1.11998
-0.5404	-3.26414	-2.98739	-2.69695	-1.74026	-1.13251	-1.11812
-0.5432	-3.2534	-2.9781	-2.6891	-1.73598	-1.13066	-1.11623
-0.546	-3.24272	-2.9689	-2.68132	-1.73173	-1.12882	-1.11437
-0.5488	-3.23212	-2.9598	-2.67361	-1.72752	-1.12699	-1.11252
-0.5516	-3.22158	-2.95079	-2.66595	-1.72333	-1.1252	-1.11069
-0.5544	-3.21111	-2.94187	-2.65837	-1.71917	-1.12345	-1.10887
-0.5572	-3.2007	-2.93304	-2.65084	-1.71504	-1.12172	-1.10707
-0.56	-3.19035	-2.92431	-2.64338	-1.71094	-1.12001	-1.10529
-0.5628	-3.18005	-2.91567	-2.63598	-1.70687	-1.11832	-1.10352
-0.5656	-3.16981	-2.90712	-2.62865	-1.70283	-1.11664	-1.10177
-0.5684	-3.15962	-2.89849	-2.62138	-1.69882	-1.11498	-1.10003
-0.5712	-3.14947	-2.88982	-2.61418	-1.69484	-1.11333	-1.09831
-0.574	-3.13936	-2.88121	-2.60702	-1.69089	-1.11171	-1.09661
-0.5768	-3.1293	-2.87268	-2.59982	-1.68697	-1.1101	-1.09492
-0.5796	-3.11931	-2.86421	-2.59267	-1.68307	-1.1085	-1.09324
-0.5824	-3.10938	-2.85582	-2.58558	-1.67921	-1.10693	-1.09157
-0.5852	-3.09952	-2.84749	-2.57854	-1.67538	-1.10537	-1.08991
-0.588	-3.08972	-2.83923	-2.57155	-1.67158	-1.10383	-1.08827
-0.5908	-3.07999	-2.83104	-2.56461	-1.6678	-1.1023	-1.08664
-0.5936	-3.07032	-2.82292	-2.55772	-1.66406	-1.10079	-1.08503
-0.5964	-3.06071	-2.81486	-2.55089	-1.66034	-1.0993	-1.08343
-0.5992	-3.05117	-2.80687	-2.54411	-1.65666	-1.09783	-1.08184
-0.602	-3.0417	-2.79896	-2.53738	-1.65301	-1.09637	-1.08027
-0.6048	-3.03229	-2.79111	-2.5307	-1.64938	-1.09493	-1.07871
-0.6076	-3.02294	-2.78333	-2.52408	-1.64578	-1.09346	-1.07717
-0.6104	-3.01366	-2.77562	-2.51751	-1.64222	-1.09195	-1.07564
-0.6132	-3.00445	-2.76797	-2.51099	-1.63868	-1.09044	-1.07412
-0.616	-2.9953	-2.7604	-2.50453	-1.63518	-1.08895	-1.07262
-0.6188	-2.98621	-2.75289	-2.49811	-1.6317	-1.08746	-1.07114
-0.6216	-2.97719	-2.74546	-2.49175	-1.62825	-1.08597	-1.06967
-0.6244	-2.96824	-2.73809	-2.48544	-1.62483	-1.0845	-1.06821
-0.6272	-2.95935	-2.73079	-2.47919	-1.62144	-1.08303	-1.06676
-0.63	-2.95052	-2.72355	-2.47298	-1.61809	-1.08157	-1.06533
-0.6328	-2.94176	-2.71631	-2.46673	-1.61476	-1.08012	-1.06392
-0.6356	-2.93306	-2.709	-2.46045	-1.61146	-1.07867	-1.06252
-0.6384	-2.92443	-2.70174	-2.4542	-1.60814	-1.07724	-1.06113
-0.6412	-2.91587	-2.69454	-2.44799	-1.60475	-1.07581	-1.05976
-0.644	-2.90737	-2.68739	-2.44182	-1.60139	-1.07438	-1.0584
-0.6468	-2.89893	-2.68028	-2.43568	-1.59805	-1.07297	-1.05706
-0.6496	-2.89056	-2.67323	-2.42958	-1.59474	-1.07156	-1.0557
-0.6524	-2.88225	-2.66624	-2.42351	-1.59144	-1.07016	-1.0543
-0.6552	-2.87401	-2.65929	-2.41748	-1.58817	-1.06877	-1.0529
-0.658	-2.86583	-2.65239	-2.41149	-1.58492	-1.06738	-1.05151
-0.6608	-2.85772	-2.64555	-2.40553	-1.58169	-1.066	-1.05013
-0.6636	-2.84967	-2.63876	-2.39961	-1.57848	-1.06463	-1.04876
-0.6664	-2.84169	-2.63202	-2.39372	-1.5753	-1.06327	-1.0474
-0.6692	-2.83377	-2.62533	-2.38787	-1.57214	-1.06191	-1.04604
-0.672	-2.82592	-2.61869	-2.38206	-1.569	-1.06056	-1.0447
-0.6748	-2.81813	-2.61211	-2.37628	-1.56589	-1.05922	-1.04336
-0.6776	-2.81041	-2.60557	-2.37054	-1.5628	-1.05788	-1.04202
-0.6804	-2.80268	-2.59909	-2.36484	-1.55973	-1.05656	-1.0407
-0.6832	-2.7949	-2.59266	-2.35917	-1.55668	-1.05524	-1.03938
-0.686	-2.78717	-2.58628	-2.35354	-1.55365	-1.05393	-1.03808
-0.6888	-2.7795	-2.57995	-2.34794	-1.55065	-1.05262	-1.03678
-0.6916	-2.77189	-2.57367	-2.34238	-1.54767	-1.05132	-1.03548
-0.6944	-2.76433	-2.56745	-2.33686	-1.54471	-1.05003	-1.0342
-0.6972	-2.75683	-2.56126	-2.33137	-1.54178	-1.04875	-1.03292

