Tension	Intensidad
mv	uA
Au	Control
202.3	-0.748541
201.2877	-0.818186
200.2838	-0.88622
199.2939	-0.95743
198.2878	-1.029263
197.2782	-1.098889
196.2501	-1.171432
195.2388	-1.241869
194.2342	-1.310113
193.2472	-1.382234
192.2597	-1.453522
191.291	-1.527412
190.2954	-1.603227
189.2904	-1.678697
188.2924	-1.757077
187.2587	-1.834795
186.2419	-1.91247
185.2384	-1.988304
184.2416	-2.060193
183.2295	-2.132269
182.2622	-2.203917
181.2927	-2.273768
180.2796	-2.347667
179.305	-2.42156
178.309	-2.494616
177.2942	-2.571589
176.2957	-2.644951
175.2843	-2.719432
174.253	-2.795175
173.2427	-2.867751
172.2564	-2.941188
171.2491	-3.013093
170.2742	-3.084985
169.2821	-3.157892
168.2832	-3.229493
167.2838	-3.302328
166.2569	-3.371974
165.2544	-3.440084
164.2328	-3.51118
163.2472	-3.578025
162.2625	-3.643414
161.2604	-3.710527
160.283	-3.772787
159.2837	-3.835357
158.2852	-3.900497
157.2999	-3.96113
156.2847	-4.024139
155.2771	-4.085593
154.2724	-4.145905
153.2629	-4.206408
152.2878	-4.26253
151.2895	-4.321345
150.3104	-4.377758
149.3045	-4.432704
148.2856	-4.490476
147.2661	-4.545452
146.2434	-4.598001
145.2501	-4.651491
144.2547	-4.700704
143.26	-4.746511
142.266	-4.791949
141.2496	-4.834601
140.2482	-4.875648
139.2694	-4.917515
138.2757	-4.96178
137.2736	-5.005304
136.2437	-5.047526
135.2226	-5.088833
134.1993	-5.126712
133.2221	-5.158099
132.2444	-5.192025
131.2567	-5.223579
130.2902	-5.252921
129.2764	-5.286386
128.2993	-5.316494
127.3002	-5.344779
126.2764	-5.373153
125.2927	-5.40046
124.2826	-5.426712
123.2944	-5.451705
122.2991	-5.473227
121.2809	-5.493675
120.2792	-5.510058
119.2626	-5.529316
118.276	-5.549011
117.2789	-5.565084
116.2684	-5.584089
115.2797	-5.597661
114.2753	-5.609327
113.2723	-5.623107
112.2724	-5.632627
111.273	-5.642346
110.2799	-5.651979
109.312	-5.658693
108.2997	-5.667465
107.3019	-5.674027
106.2967	-5.681004
105.2726	-5.688504
104.3114	-5.689666
103.3131	-5.690795
102.3201	-5.68979
101.3446	-5.687117
100.3362	-5.690678
99.3509	-5.694633
98.35213	-5.698553
97.33257	-5.70212
96.31073	-5.70059
95.29387	-5.697464
94.27563	-5.69147
93.27077	-5.683883
92.26872	-5.677339
91.26816	-5.668869
90.25912	-5.661248
89.25713	-5.655856
88.25468	-5.647351
87.23077	-5.642373
86.22583	-5.635568
85.21805	-5.625115
84.21791	-5.615273
83.21936	-5.603336
82.24573	-5.590563
81.24744	-5.579532
80.26916	-5.568871
79.27904	-5.555183
78.25954	-5.543237
77.26871	-5.529634
76.27686	-5.514012
75.28189	-5.499046
74.29196	-5.484179
73.25834	-5.470109
72.24109	-5.455364
71.25459	-5.44097
70.26009	-5.424238
69.295	-5.405768
68.29058	-5.390388
67.27617	-5.373768
66.27573	-5.3538
65.26623	-5.335441
64.28061	-5.315597
63.27951	-5.295842
62.27212	-5.2813
61.27624	-5.265586
60.26949	-5.249944
59.28897	-5.233505
58.30585	-5.216376
57.31843	-5.198847
56.32877	-5.178935
55.31456	-5.161055
54.28151	-5.141577
53.28968	-5.119308
52.2909	-5.10048
51.29214	-5.077353
50.31709	-5.05366
49.32515	-5.034516
48.31772	-5.012189
47.3413	-4.993454
46.34605	-4.975677
45.32644	-4.956124
44.33042	-4.937528
43.29543	-4.91808
42.28536	-4.899073
41.26908	-4.879396
40.27305	-4.858232
39.27923	-4.837696
38.28883	-4.816746
37.31158	-4.795821
36.28621	-4.778121
35.31333	-4.758517
34.29962	-4.737983
33.27687	-4.71771
32.30624	-4.693993
31.27945	-4.670603
30.30034	-4.648646
29.33399	-4.62617
28.32638	-4.606928
27.33301	-4.587708
26.3195	-4.568091
25.30268	-4.550114
24.31039	-4.53031
23.31273	-4.512517
22.32656	-4.493904
21.34489	-4.473414
20.34647	-4.453884
19.35815	-4.433017
18.35436	-4.41182
17.33896	-4.393989
16.32388	-4.375228
15.31406	-4.355876
14.32443	-4.337495
13.3361	-4.315921
12.32578	-4.292715
11.34235	-4.271754
10.32754	-4.251161
9.33068	-4.233284
8.362903	-4.216624
7.343974	-4.199042
6.33068	-4.181619
5.317103	-4.159828
4.306368	-4.142576
3.308794	-4.123434
2.336313	-4.102567
1.349242	-4.085657
0.370031	-4.064435
-0.597979	-4.045764
-1.565042	-4.024339
-2.561088	-4.006133
-3.534731	-3.987379
-4.528832	-3.968161
-5.527652	-3.953881
-6.514042	-3.936115
-7.500648	-3.916939
-8.490611	-3.899091
-9.494367	-3.880915
-10.46944	-3.861213
-11.4934	-3.845863
-12.49171	-3.82919
-13.48476	-3.811937
-14.50986	-3.797358
-15.50839	-3.780849
-16.52117	-3.764204
-17.53448	-3.745881
-18.5211	-3.726479
-19.54243	-3.70785
-20.55997	-3.689235
-21.54919	-3.673227
-22.56062	-3.657173
-23.52297	-3.640159
-24.50165	-3.622262
-25.51228	-3.601376
-26.49722	-3.580636
-27.51693	-3.563148
-28.51253	-3.548285
-29.50738	-3.534495
-30.52193	-3.521805
-31.54533	-3.506771
-32.53878	-3.490832
-33.54927	-3.477145
-34.54886	-3.460812
-35.53633	-3.44436
-36.56715	-3.427845
-37.55977	-3.41096
-38.5453	-3.394571
-39.53972	-3.377948
-40.51231	-3.363208
-41.50755	-3.347826
-42.5277	-3.332255
-43.53603	-3.316994
-44.55348	-3.299407
-45.55138	-3.283608
-46.5587	-3.270593
-47.54836	-3.256806
-48.54581	-3.244287
-49.55228	-3.231319
-50.53071	-3.21543
-51.50577	-3.199904
-52.49388	-3.184907
-53.48563	-3.170042
-54.48132	-3.157062
-55.50063	-3.145394
-56.50488	-3.132732
-57.52253	-3.118045
-58.53923	-3.103649
-59.5392	-3.089329
-60.54939	-3.07447
-61.5454	-3.060636
-62.55728	-3.046584
-63.5566	-3.031915
-64.54509	-3.018499
-65.54517	-3.005408
-66.53865	-2.99333
-67.56579	-2.983246
-68.57397	-2.970078
-69.57696	-2.958825
-70.56711	-2.94562
-71.55793	-2.931367
-72.54999	-2.919631
-73.55391	-2.906048
-74.55679	-2.893553
-75.55231	-2.881704
-76.56332	-2.870378
-77.55846	-2.857666
-78.55696	-2.847596
-79.5615	-2.837182
-80.55883	-2.825565
-81.57298	-2.813963
-82.57664	-2.802921
-83.5671	-2.790017
-84.56075	-2.778006
-85.53543	-2.768464
-86.53889	-2.757011
-87.52991	-2.745785
-88.52795	-2.73445
-89.53274	-2.723156
-90.50566	-2.71055
-91.50168	-2.699916
-92.4887	-2.69072
-93.49365	-2.681127
-94.51115	-2.671957
-95.53603	-2.661332
-96.54934	-2.650598
-97.54284	-2.639014
-98.51773	-2.627061
-99.49663	-2.615428
-100.4839	-2.603722
-101.473	-2.593966
-102.4972	-2.584586
-103.4889	-2.57501
-104.4888	-2.566153
-105.502	-2.557025
-106.5149	-2.547217
-107.5323	-2.538627
-108.5335	-2.526676
-109.5312	-2.514949
-110.5137	-2.505192
-111.5167	-2.494717
-112.5337	-2.487416
-113.5384	-2.480676
-114.5535	-2.472589
-115.5372	-2.46395
-116.5498	-2.454711
-117.5629	-2.442615
-118.5689	-2.432467
-119.5928	-2.424245
-120.5817	-2.417514
-121.5738	-2.412171
-122.562	-2.404906
-123.5658	-2.397785
-124.5804	-2.388765
-125.5869	-2.379932
-126.5946	-2.371898
-127.5881	-2.362201
-128.5742	-2.352242
-129.5556	-2.3427
-130.5526	-2.334345
-131.5413	-2.325942
-132.5421	-2.319535
-133.5537	-2.314847
-134.5636	-2.30865
-135.5873	-2.300295
-136.5834	-2.290124
-137.6082	-2.279725
-138.584	-2.270544
-139.5616	-2.265831
-140.5581	-2.261813
-141.5209	-2.255873
-142.5279	-2.251013
-143.5392	-2.246141
-144.5645	-2.241121
-145.5725	-2.235871
-146.5803	-2.22947
-147.5721	-2.220585
-148.5564	-2.211727
-149.5545	-2.205279
-150.5465	-2.197623
-151.5293	-2.190906
-152.5331	-2.185918
-153.5353	-2.17826
-154.5208	-2.169702
-155.5343	-2.163188
-156.5272	-2.155868
-157.5368	-2.15129
-158.5613	-2.148898
-159.5683	-2.146313
-160.5612	-2.142429
-161.5318	-2.13739
-162.5329	-2.133438
-163.5441	-2.12736
-164.5428	-2.122785
-165.5679	-2.118451
-166.5641	-2.112934
-167.55	-2.107459
-168.5462	-2.102699
-169.5599	-2.098172
-170.5591	-2.093187
-171.5697	-2.090016
-172.5795	-2.085845
-173.5539	-2.07871
-174.572	-2.072968
-175.5549	-2.067452
-176.5644	-2.062758
-177.5781	-2.060963
-178.5537	-2.059224
-179.5545	-2.057057
-180.538	-2.053174
-181.5308	-2.050013
-182.5246	-2.04703
-183.5273	-2.043128
-184.5522	-2.040979
-185.5356	-2.037606
-186.5374	-2.032948
-187.5361	-2.029802
-188.5157	-2.026664
-189.5345	-2.022925
-190.536	-2.020406
-191.533	-2.016389
-192.5362	-2.012233
-193.5381	-2.008846
-194.5576	-2.006725
-195.5563	-2.005556
-196.5469	-2.004388
-197.5659	-2.004245
-198.5671	-2.002329
-199.1373	-1.964996
-199.2059	-1.915309
-198.7403	-1.856421
-197.7879	-1.791345
-196.7872	-1.75506
-195.7835	-1.725162
-194.7882	-1.697901
-193.7988	-1.669792
-192.8165	-1.644968
-191.8098	-1.622136
-190.8043	-1.602407
-189.7776	-1.584741
-188.7485	-1.569442
-187.7805	-1.552618
-186.7958	-1.536397
-185.8135	-1.521998
-184.8219	-1.504434
-183.8034	-1.489922
-182.8053	-1.474624
-181.8013	-1.458766
-180.8085	-1.443031
-179.8175	-1.429234
-178.8237	-1.415023
-177.8284	-1.401026
-176.8192	-1.388675
-175.8214	-1.371647
-174.808	-1.359472
-173.8377	-1.346015
-172.85	-1.334082
-171.8462	-1.323104
-170.8569	-1.310062
-169.8174	-1.300947
-168.7958	-1.28792
-167.7862	-1.278116
-166.7845	-1.267075
-165.8061	-1.256165
-164.8232	-1.247121
-163.8215	-1.234378
-162.8054	-1.224983
-161.7891	-1.213333
-160.7992	-1.201165
-159.7996	-1.192954
-158.7933	-1.181153
-157.7706	-1.17059
-156.7564	-1.162101
-155.7672	-1.151239
-154.7616	-1.141597
-153.8021	-1.13374
-152.8064	-1.124481
-151.7855	-1.116329
-150.8037	-1.108525
-149.8017	-1.099451
-148.8136	-1.090578
-147.8297	-1.082328
-146.8474	-1.075701
-145.8312	-1.067191
-144.8177	-1.058377
-143.815	-1.048652
-142.8064	-1.035758
-141.797	-1.026047
-140.804	-1.020452
-139.8143	-1.015082
-138.8094	-1.010157
-137.834	-1.005028
-136.8434	-0.996586
-135.8391	-0.988285
-134.8515	-0.980242
-133.8426	-0.970149
-132.8211	-0.961625
-131.7984	-0.952147
-130.7734	-0.943346
-129.7705	-0.937241
-128.7758	-0.931339
-127.7924	-0.926674
-126.8079	-0.921999
-125.7953	-0.914671
-124.8138	-0.908043
-123.8243	-0.900724
-122.8221	-0.892312
-121.8215	-0.884674
-120.7879	-0.875536
-119.7793	-0.868651
-118.7424	-0.861902
-117.7571	-0.855778
-116.7675	-0.849919
-115.7729	-0.843156
-114.8089	-0.837094
-113.8116	-0.831636
-112.8192	-0.82435
-111.8049	-0.816461
-110.7936	-0.810418
-109.7849	-0.802361
-108.7836	-0.796142
-107.7695	-0.790008
-106.7663	-0.782056
-105.7582	-0.773593
-104.7337	-0.766242
-103.7413	-0.760448
-102.7387	-0.756173
-101.7469	-0.753789
-100.7573	-0.75012
-99.76833	-0.744847
-98.77246	-0.737698
-97.78107	-0.731894
-96.78391	-0.725848
-95.79474	-0.720206
-94.80261	-0.714535
-93.79549	-0.704725
-92.80283	-0.695996
-91.78889	-0.689939
-90.76787	-0.68472
-89.77286	-0.682805
-88.76258	-0.678544
-87.75954	-0.672329
-86.78876	-0.666486
-85.78918	-0.660607
-84.80678	-0.655504
-83.82968	-0.650296
-82.81564	-0.644771
-81.81393	-0.637386
-80.79035	-0.629954
-79.78139	-0.624952
-78.79272	-0.62019
-77.78145	-0.616938
-76.81732	-0.615568
-75.8185	-0.609641
-74.80814	-0.603981
-73.83789	-0.59941
-72.81087	-0.592302
-71.80801	-0.587021
-70.79971	-0.581338
-69.77618	-0.57413
-68.78289	-0.569144
-67.76938	-0.563507
-66.79093	-0.55749
-65.81835	-0.553737
-64.80891	-0.549461
-63.8292	-0.547689
-62.83276	-0.545073
-61.81579	-0.538886
-60.83035	-0.53353
-59.81641	-0.526266
-58.78349	-0.520174
-57.77731	-0.516457
-56.75914	-0.510688
-55.75605	-0.502571
-54.77252	-0.49666
-53.78177	-0.491513
-52.79277	-0.488649
-51.8025	-0.488376
-50.80581	-0.485446
-49.79153	-0.480808
-48.78535	-0.473153
-47.7904	-0.467872
-46.80808	-0.463744
-45.81709	-0.459384
-44.81637	-0.458515
-43.81687	-0.452756
-42.78806	-0.445186
-41.76848	-0.440875
-40.77394	-0.436366
-39.76846	-0.432574
-38.7798	-0.430401
-37.78613	-0.42612
-36.79308	-0.420198
-35.78877	-0.415883
-34.79901	-0.411313
-33.8082	-0.405854
-32.80045	-0.400854
-31.79976	-0.396527
-30.79263	-0.391013
-29.75587	-0.384041
-28.76477	-0.381698
-27.76196	-0.377748
-26.74212	-0.373997
-25.78395	-0.371767
-24.79146	-0.364625
-23.80083	-0.357608
-22.81654	-0.351678
-21.82757	-0.344687
-20.81567	-0.338956
-19.80012	-0.334521
-18.80665	-0.3298
-17.77769	-0.328056
-16.77358	-0.322945
-15.80373	-0.319405
-14.80356	-0.313882
-13.79911	-0.308796
-12.80487	-0.305561
-11.78692	-0.298544
-10.75608	-0.293425
-9.76725	-0.287563
-8.762298	-0.281416
-7.752393	-0.276753
-6.762829	-0.272262
-5.740162	-0.266218
-4.712194	-0.261416
-3.716099	-0.26029
-2.749734	-0.257549
-1.808512	-0.256364
-0.871444	-0.252868
0.09075	-0.246609
1.074664	-0.240695
2.083954	-0.232574
3.090883	-0.225447
4.096118	-0.218847
5.112104	-0.212899
6.10323	-0.207134
7.102134	-0.202357
8.109629	-0.195655
9.09783	-0.189596
10.09525	-0.184841
11.08442	-0.180587
12.08128	-0.176352
13.08173	-0.170032
14.08266	-0.163908
15.08628	-0.156035
16.07977	-0.149251
17.07879	-0.143987
18.09504	-0.13764
19.09884	-0.130647
20.09092	-0.123833
21.08816	-0.116213
22.05549	-0.110889
23.06561	-0.106699
24.05612	-0.101732
25.0524	-0.095721
26.06574	-0.087847
27.03088	-0.079621
28.04344	-0.072604
29.03265	-0.067393
30.02212	-0.061811
31.02572	-0.053615
32.01878	-0.045306
33.02267	-0.036827
34.04462	-0.027624
35.05682	-0.023268
36.06986	-0.016743
37.07589	-0.009593
38.058	-0.005303
39.05855	0.002451
40.04465	0.01012
41.04462	0.015908
42.06355	0.024813
43.07767	0.034072
44.0839	0.042518
45.10117	0.052072
46.09549	0.061518
47.1022	0.07066
48.11845	0.076464
49.10795	0.084511
50.1008	0.092562
51.07497	0.098141
52.05539	0.109267
53.0532	0.12095
54.05617	0.13086
55.06142	0.142804
56.06187	0.153428
57.05256	0.160833
58.04148	0.171543
59.04138	0.180003
60.04055	0.188962
61.04822	0.199356
62.04467	0.208146
63.05859	0.222239
64.06548	0.234324
65.08624	0.248332
66.10192	0.264481
67.09452	0.274775
68.07005	0.287195
69.04597	0.301634
70.03247	0.312734
71.01732	0.326821
72.03653	0.341023
73.03606	0.35217
74.05592	0.365184
75.05737	0.377962
76.05318	0.392279
77.046	0.405424
78.00746	0.420026
78.99982	0.436071
79.99111	0.451292
80.98322	0.470592
82.01797	0.49152
83.01353	0.50917
84.0303	0.527567
85.05447	0.546575
86.0511	0.56353
87.06705	0.583031
88.04844	0.60149
89.02953	0.618704
90.01924	0.637535
91.00667	0.65896
92.02346	0.682651
93.04239	0.706452
94.04444	0.731479
95.05479	0.755313
96.06302	0.777936
97.05577	0.799984
98.08429	0.824061
99.09133	0.847228
100.0876	0.871897
101.0853	0.899014
102.0478	0.924372
103.053	0.954939
104.0402	0.986461
105.0443	1.017268
106.0567	1.048629
107.0561	1.07693
108.0607	1.106383
109.0394	1.13621
110.0303	1.168013
111.0176	1.202983
111.9899	1.236904
113.0022	1.272919
114.0192	1.310346
115.0205	1.345868
116.0561	1.38509
117.0844	1.42553
118.0603	1.464069
119.053	1.507607
120.0399	1.549644
120.9999	1.590764
122.0112	1.635271
123.0172	1.675937
124.0251	1.72114
125.0504	1.767198
126.0582	1.811851
127.0493	1.861663
128.0356	1.9087
129.02	1.961703
130.0141	2.018193
131.0136	2.071794
132.0032	2.125034
132.9978	2.178598
133.9727	2.231526
134.9818	2.286558
135.9991	2.348031
136.9929	2.409504
138.0119	2.47139
138.9948	2.535742
139.9798	2.597631
140.9865	2.659191
141.9935	2.722651
142.9941	2.789398
144.0036	2.859248
145.007	2.930174
146.0174	3.005117
147.0484	3.077753
148.0588	3.1487
149.0753	3.224295
150.0604	3.29717
151.052	3.371553
152.0429	3.448398
153.0468	3.526642
154.0533	3.606911
155.0525	3.689011
156.052	3.772835
157.0435	3.853587
158.0108	3.934816
159.0001	4.017458
159.9867	4.099341
160.9723	4.183025
161.994	4.273617
162.9987	4.364556
164.0149	4.458305
165.0093	4.551959
166.0164	4.640907
167.0114	4.732174
168.0096	4.82321
169.006	4.916319
169.9925	5.0102
170.9955	5.10149
171.9897	5.194174
173.0154	5.290195
174.0508	5.388432
175.0641	5.49061
176.0776	5.589374
177.0613	5.684803
178.0314	5.778377
179.0212	5.867191
180.0046	5.961632
181.0038	6.060389
181.9978	6.157427
182.9989	6.259556
184.0122	6.35989
185.0182	6.453968
186.0383	6.553771
187.0486	6.651019
188.0498	6.746213
189.038	6.842555
190.023	6.935153
191.0019	7.02821
191.9913	7.122055
193.0024	7.220273
194.034	7.319714
195.051	7.414903
196.0793	7.509954
197.0775	7.600882
198.0615	7.685584
199.0474	7.77409
200.0426	7.863837
201.0608	7.950747
202.0598	8.04044
203.0775	8.128557
204.0636	8.212169
205.0477	8.294586
206.0362	8.375595
207.031	8.455626
208.0233	8.530105
209.0065	8.602888
210.0098	8.676699
211.0055	8.744102
211.9961	8.815938
213.0414	8.892078
214.0396	8.963186
215.0365	9.034566
216.0444	9.102545
217.016	9.161355
218.0255	9.220201
219.0223	9.277694
220.0233	9.334221
221.0164	9.387647
221.9968	9.437575
223.0026	9.490493
224.0198	9.540871
225.0298	9.59236
226.0495	9.645262
227.0551	9.686089
228.0276	9.722486
229.0125	9.757062
229.9836	9.78647
230.9536	9.820211
231.9474	9.854661
232.9566	9.886378
233.9613	9.917216
234.9689	9.942928
235.9756	9.965885
236.9886	9.986156
237.9962	10.00164
239.0116	10.02011
240.0097	10.03351
240.9821	10.04412
241.9902	10.0564
242.9821	10.06413
243.9805	10.07288
244.9778	10.08191
245.9787	10.08453
246.9937	10.0844
247.9992	10.08165
249.0054	10.07572
249.9986	10.07167
250.9863	10.06576
252.0176	10.06165
253.0232	10.05636
254.0379	10.04658
255.0493	10.03583
256.0314	10.01933
257.0339	9.999746
258.0315	9.982058
259.0104	9.958401
259.9972	9.93524
261.0002	9.914365
261.9871	9.890779
262.9962	9.872123
264.0084	9.85281
265.0073	9.830481
266.0191	9.805437
267.0071	9.776312
267.9864	9.747039
268.9838	9.716438
269.9668	9.685802
270.9829	9.655261
272.0015	9.621945
273.0003	9.588923
274.0264	9.557051
275.015	9.520765
276.0163	9.486904
277.0277	9.451015
278.0056	9.413005
279.0119	9.376898
280.0173	9.34069
281.0081	9.303676
281.9915	9.267451
282.9848	9.234373
283.9903	9.195413
284.9827	9.159441
285.9911	9.119774
286.9815	9.08099
287.9574	9.043371
288.9495	9.005527
289.9702	8.971091
290.9731	8.932663
291.9966	8.89389
293.0178	8.854005
294.0063	8.812319
295.0073	8.770075
295.992	8.732074
296.9886	8.694514
297.9926	8.655056
298.9963	8.616974
299.9866	8.578627
300.9956	8.538617
301.9977	8.501907
303.0207	8.468874
304.0543	8.431151
305.0493	8.394165
306.0821	8.358545
307.0681	8.317814
308.0329	8.278822
309.0486	8.241973
310.0124	8.200504
311.0223	8.162755
312.0254	8.127748
313.0219	8.092508
314.0193	8.061211
315.0247	8.028302
316.0562	7.996201
317.0284	7.960037
318.027	7.923668
319.0114	7.889421
319.9898	7.85207
320.986	7.816369
321.9913	7.782984
322.9742	7.748205
323.971	7.715888
324.9885	7.685937
325.9868	7.653597
327.0199	7.623221
328.0209	7.589919
329.0354	7.556517
330.0499	7.526353
331.0445	7.496166
332.0421	7.46724
333.0196	7.438546
333.9921	7.405838
335.0034	7.374907
336.0097	7.344584
337.0121	7.315476
338.0207	7.287218
338.9886	7.256766
339.9873	7.229424
340.9845	7.201283
341.9796	7.17531
342.9841	7.150112
343.9872	7.124066
344.9888	7.097641
345.9797	7.070198
346.9886	7.042973
347.9601	7.014017
348.9526	6.986205
349.9846	6.959486
350.9847	6.933988
352.0078	6.910116
353.0269	6.888779
354.0198	6.868532
355.0249	6.844885
356.0368	6.822444
357.0392	6.797783
358.0204	6.769396
359.0113	6.745008
359.994	6.720702
360.9927	6.695913
361.9913	6.675044
362.9967	6.653221
364.0035	6.632006
364.993	6.611693
366.0135	6.59007
367.0305	6.569627
368.0339	6.549562
369.0358	6.529622
370.0287	6.510766
371.0016	6.488948
371.9748	6.466252
372.9821	6.445847
373.9683	6.425416
374.9719	6.407826
375.9998	6.390498
376.9949	6.371431
378.017	6.351783
379.0185	6.332167
380.0163	6.31599
381.0021	6.299314
381.9876	6.283762
382.9749	6.266437
383.9708	6.245657
384.9816	6.226335
386.0077	6.208992
387.0337	6.19155
388.0301	6.174839
389.0187	6.158331
389.9861	6.139782
390.9501	6.125034
391.9482	6.111024
392.9622	6.095191
393.9771	6.080018
395.0117	6.063766
396.0286	6.047164
397.0297	6.031583
398.0328	6.016417
399.0424	6.002525
400.0276	5.987182
401.0298	5.973848
402.0379	5.961955
403.028	5.947241
404.0493	5.935634
405.0623	5.923629
406.0594	5.908645
407.065	5.895126
408.0562	5.880147
409.038	5.863688
410.0218	5.849244
411.0143	5.835099
411.9939	5.823296
413.0002	5.81077
414.0032	5.799418
415.0097	5.788784
416.0244	5.775618
417.0237	5.765494
418.0377	5.756334
419.0179	5.745498
420.023	5.734503
421.0117	5.722318
421.9997	5.706999
423.0038	5.693694
424.007	5.681918
425.0061	5.671216
426.015	5.661529
427.0109	5.651245
427.9911	5.641018
428.9878	5.630466
429.978	5.622152
430.9831	5.615188
431.9893	5.6051
432.9933	5.59274
433.9831	5.580893
434.9574	5.567465
435.9524	5.557477
436.9656	5.552254
437.9561	5.540033
438.9853	5.531048
439.9828	5.521091
440.9527	5.50793
441.9575	5.500937
442.9417	5.492723
443.9571	5.485464
444.9705	5.478887
445.9728	5.470246
446.9848	5.462093
447.9646	5.45326
448.9655	5.445369
449.981	5.438853
450.9697	5.429652
451.9832	5.419055
452.9773	5.40838
453.9811	5.396567
454.9873	5.390177
455.978	5.385574
457.0029	5.379025
458.0004	5.372089
459.0104	5.360742
460.0311	5.349836
461.0358	5.34121
462.0196	5.333341
463.0172	5.326518
463.993	5.318237
464.9774	5.309601
465.9775	5.302428
466.9691	5.294303
467.9861	5.288713
468.9938	5.282245
470.0134	5.272223
471.005	5.263309
471.9945	5.252645
472.9589	5.242664
473.943	5.235235
474.9279	5.227671
475.9209	5.220746
476.9251	5.214274
477.9136	5.207874
478.9343	5.201254
479.9329	5.193284
480.9404	5.18682
481.9749	5.179741
482.9842	5.169608
484.0014	5.159869
485.0015	5.1491
485.9697	5.13829
486.9641	5.131648
487.9638	5.126222
488.9689	5.119184
489.9761	5.112417
490.9654	5.103785
491.9575	5.095788
492.9507	5.08922
493.9443	5.082148
494.9534	5.075167
495.9617	5.065047
496.9724	5.054464
497.9817	5.045016
498.9743	5.036475
499.9687	5.029262
500.9626	5.02214
501.9594	5.014238
502.9456	5.004488
503.9566	4.996974
504.9367	4.989814
505.9559	4.983974
506.9823	4.978522
507.9787	4.96982
509.0327	4.960128
510.018	4.948999
511.0212	4.940004
512.0044	4.932344
512.9884	4.924982
513.9858	4.918203
514.9849	4.908877
515.9766	4.899969
516.9713	4.893298
517.9702	4.884403
518.9757	4.877713
520.0042	4.870735
521.0011	4.861199
522.0001	4.853647
522.9996	4.845144
523.9815	4.837494
524.9704	4.830243
525.9674	4.823071
526.9539	4.817981
527.9679	4.811561
528.9772	4.804167
529.986	4.798876
530.9749	4.789931
531.9587	4.781946
532.9619	4.7759
533.9487	4.765842
534.9463	4.757796
535.9384	4.750251
536.9275	4.74291
537.9404	4.738559
538.9431	4.733734
539.9475	4.728186
540.9462	4.721547
541.9294	4.713811
542.9349	4.710261
543.939	4.703626
544.9433	4.696782
545.9653	4.690503
546.9786	4.679684
547.9769	4.672837
548.9737	4.666311
549.9623	4.659825
550.9515	4.654982
551.9509	4.649142
552.9529	4.643789
553.9641	4.639011
554.9666	4.633982
555.9684	4.629983
556.9678	4.623338
557.97	4.6154
558.9849	4.607933
559.9987	4.598773
561.0131	4.59271
562.0042	4.58553
562.9877	4.577386
563.9693	4.571639
564.9601	4.565131
565.9474	4.559913
566.9491	4.557126
567.962	4.552212
568.9434	4.546551
569.9613	4.541715
570.9569	4.534439
571.941	4.527725
572.9504	4.520464
573.9404	4.514091
574.9386	4.508976
575.9459	4.503797
576.9298	4.500379
577.9366	4.495629
578.9461	4.48948
579.9575	4.48456
580.996	4.479437
581.9902	4.472738
582.9908	4.468774
583.9862	4.462407
584.9772	4.455628
585.9711	4.451914
586.9587	4.447143
587.9656	4.443655
588.9431	4.440445
589.9487	4.436526
590.958	4.430973
591.9406	4.426769
592.938	4.420799
593.9476	4.415393
594.924	4.409756
595.9246	4.403921
596.9478	4.400771
597.9423	4.396956
598.9686	4.394619
599.967	4.392001
600.9611	4.386876
601.9373	4.38168
602.9268	4.374416
603.9309	4.368447
604.9428	4.366629
605.9652	4.362805
606.9905	4.360498
608.0115	4.354787
609.0127	4.347415
610.0366	4.343142
611.0397	4.337681
612.0225	4.333022
613.0264	4.327965
613.9953	4.32045
614.9679	4.315376
615.9783	4.311545
616.9706	4.309373
617.976	4.30871
618.9882	4.304908
619.9851	4.301288
620.9743	4.295384
621.9624	4.288271
622.9585	4.284853
623.9464	4.279111
624.9485	4.274124
625.9605	4.271565
626.9397	4.267392
627.9458	4.265125
628.949	4.263157
629.9514	4.259289
630.9624	4.25569
631.9512	4.251058
632.942	4.246044
633.9465	4.241238
634.9486	4.234926
635.9555	4.23144
636.9664	4.228713
637.9484	4.225796
638.9642	4.224366
639.9766	4.220144
640.955	4.215636
641.9739	4.213663
642.9491	4.212111
643.9086	4.211003
644.922	4.207401
645.9126	4.201173
646.9346	4.196634
647.9674	4.19254
648.9768	4.191265
649.9745	4.190163
650.9567	4.186266
651.9435	4.182018
652.9409	4.176916
653.9418	4.173861
654.9308	4.171794
655.9421	4.168708
656.9453	4.165389
657.9537	4.161664
658.9705	4.156751
659.9662	4.154541
660.9736	4.152997
661.98	4.148818
662.9834	4.14649
663.9733	4.143195
664.9576	4.139721
665.9354	4.137756
666.9279	4.135399
667.9347	4.132479
668.9326	4.128374
669.9335	4.125242
670.932	4.121366
671.9357	4.117842
672.9349	4.116336
673.9391	4.114635
674.936	4.112783
675.9416	4.112173
676.9449	4.110656
677.9448	4.108088
678.9323	4.10605
679.9366	4.102974
680.9343	4.099813
681.9445	4.0963
682.9645	4.092913
683.9604	4.089705
684.9622	4.087594
685.9452	4.086651
686.9622	4.086498
687.9747	4.085571
688.9756	4.083559
689.9813	4.081588
690.9703	4.078057
691.95	4.076872
692.951	4.077655
693.9309	4.075504
694.9164	4.073515
695.9163	4.070928
696.9023	4.06572
697.933	4.064
698.5318	4.033244
698.6192	3.99278
698.228	3.946269
697.3069	3.893393
696.293	3.866942
695.2902	3.844616
694.2608	3.825802
693.2681	3.810044
692.2769	3.793669
691.2928	3.778915
690.3168	3.765546
689.309	3.75095
688.3148	3.737076
687.3073	3.723848
686.3022	3.709951
685.3037	3.697243
684.2876	3.686429
683.278	3.676668
682.2883	3.667703
681.2778	3.659755
680.2872	3.651155
679.3016	3.642748
678.3098	3.63402
677.335	3.624782
676.3288	3.614716
675.3141	3.605731
674.3042	3.597741
673.2683	3.592047
672.2774	3.585374
671.2979	3.57724
670.295	3.568807
669.3084	3.558635
668.3113	3.55017
667.3011	3.542412
666.2927	3.534976
665.2917	3.527797
664.3074	3.521547
663.2969	3.516242
662.2888	3.51233
661.2963	3.505738
660.2672	3.502773
659.2701	3.497418
658.2823	3.491237
657.2896	3.486318
656.2982	3.477706
655.3201	3.470294
654.3146	3.462752
653.3087	3.455854
652.2961	3.450403
651.2758	3.444482
650.251	3.438628
649.2386	3.435021
648.2591	3.430463
647.2531	3.421881
646.2552	3.41723
645.2729	3.411761
644.247	3.404844
643.242	3.404583
642.2806	3.399978
641.2856	3.394848
640.3256	3.391899
639.366	3.387868
638.3646	3.381557
637.3732	3.377256
636.3521	3.373594
635.3483	3.368799
634.3361	3.366089
633.3031	3.360746
632.3112	3.354531
631.2872	3.347821
630.2932	3.341296
629.3218	3.336488
628.3139	3.33094
627.3228	3.325637
626.3292	3.322466
625.3203	3.316243
624.3132	3.311483
623.3126	3.308032
622.3046	3.304068
621.2992	3.301601
620.324	3.29779
619.3307	3.29453
618.3414	3.290441
617.3389	3.288512
616.3272	3.286715
615.3329	3.28259
614.3419	3.277368
613.3779	3.271321
612.4065	3.265007
611.4127	3.260134
610.4039	3.256558
609.3909	3.252443
608.3617	3.249079
607.3409	3.243944
606.3231	3.238649
605.3214	3.233952
604.2988	3.229178
603.2992	3.226354
602.3159	3.223604
601.3064	3.220013
600.3387	3.215861
599.3361	3.211376
598.3268	3.206947
597.3268	3.203355
596.3057	3.199267
595.3041	3.196263
594.3	3.192929
593.2979	3.188962
592.3029	3.186817
591.2976	3.183975
590.3292	3.181015
589.3191	3.17885
588.3325	3.17564
587.3524	3.171365
586.326	3.16695
585.3242	3.162367
584.3124	3.157888
583.3127	3.154322
582.3154	3.152114
581.3213	3.150991
580.3179	3.148619
579.3163	3.145636
578.307	3.141796
577.3061	3.135571
576.3127	3.131355
575.3131	3.12833
574.3001	3.124265
573.296	3.121297
572.2944	3.118902
571.2923	3.11453
570.3107	3.112276
569.3181	3.110332
568.334	3.107848
567.3247	3.105488
566.3236	3.102095
565.3273	3.098659
564.3098	3.093956
563.319	3.093344
562.3374	3.092336
561.3462	3.090175
560.3625	3.086965
559.3774	3.082053
558.3578	3.076919
557.3475	3.07173
556.3236	3.070285
555.3057	3.066582
554.3134	3.063484
553.3053	3.061292
552.3228	3.058664
551.3218	3.056499
550.3033	3.054438
549.3312	3.052611
548.3361	3.047985
547.3359	3.04413
546.3528	3.040212
545.3332	3.038675
544.3051	3.039854
543.2964	3.040884
542.2878	3.039776
541.2808	3.035234
540.2955	3.028192
539.3087	3.023357
538.3136	3.019961
537.3176	3.015914
536.3226	3.014215
535.2952	3.009444
534.2993	3.006062
533.2999	3.005028
532.2947	3.003518
531.3117	3.003249
530.3086	3.002333
529.3268	2.999521
528.3363	2.996305
527.336	2.99284
526.327	2.991771
525.3016	2.992497
524.2815	2.990821
523.2819	2.988245
522.3049	2.981554
521.3219	2.974161
520.3414	2.970318
519.3499	2.966734
518.3558	2.965408
517.3555	2.9633
516.3647	2.959124
515.3585	2.956303
514.3453	2.953635
513.3516	2.951385
512.3456	2.951276
511.3651	2.949295
510.3793	2.944875
509.3871	2.940347
508.3864	2.934684
507.374	2.932605
506.3438	2.930216
505.3003	2.929001
504.2751	2.928151
503.2642	2.924222
502.2783	2.922569
501.2983	2.921848
500.3029	2.917807
499.299	2.915519
498.295	2.913081
497.2981	2.906387
496.3004	2.903039
495.2976	2.899776
494.2794	2.895684
493.265	2.894002
492.2705	2.892327
491.2744	2.888687
490.2843	2.884637
489.2783	2.88166
488.2838	2.879499
487.2961	2.877201
486.2983	2.876685
485.3444	2.875352
484.3474	2.870499
483.3498	2.867566
482.3488	2.864058
481.3149	2.860138
480.3107	2.857927
479.3082	2.856146
478.3223	2.853197
477.3366	2.850056
476.3406	2.847179
475.3236	2.843291
474.3151	2.840311
473.3105	2.838685
472.3182	2.837091
471.3276	2.835109
470.3242	2.832666
469.3143	2.830734
468.3065	2.827111
467.303	2.823745
466.3133	2.821941
465.3188	2.817541
464.3218	2.814885
463.3259	2.813151
462.3329	2.811362
461.3453	2.810498
460.3509	2.809219
459.3719	2.808173
458.3808	2.804125
457.357	2.799749
456.3519	2.796325
455.339	2.791274
454.3091	2.789064
453.3374	2.790298
452.332	2.787944
451.333	2.786464
450.3429	2.783061
449.3373	2.776503
448.3524	2.772444
447.3586	2.768555
446.3524	2.765739
445.3406	2.763779
444.3221	2.761195
443.3038	2.75915
442.3151	2.75813
441.3085	2.757725
440.327	2.758693
439.3322	2.757212
438.3479	2.75456
437.3721	2.749856
436.3552	2.743887
435.3597	2.742662
434.3675	2.742727
433.3633	2.743694
432.3752	2.743576
431.3772	2.738373
430.3681	2.732447
429.3818	2.727711
428.3705	2.725191
427.3681	2.722761
426.3362	2.719432
425.2968	2.71526
424.3004	2.711741
423.3037	2.709308
422.3285	2.708518
421.3546	2.70849
420.3589	2.706238
419.3763	2.704201
418.3814	2.702138
417.3797	2.697985
416.374	2.697531
415.3583	2.699944
414.3364	2.698593
413.3609	2.69737
412.3793	2.693042
411.4005	2.685611
410.4385	2.680961
409.4279	2.677714
408.4419	2.676351
407.4209	2.672727
406.4053	2.669445
405.3919	2.667688
404.3579	2.662809
403.358	2.662301
402.3589	2.663429
401.3723	2.661113
400.384	2.659556
399.3804	2.656463
398.3728	2.651181
397.3735	2.648819
396.3764	2.647857
395.3915	2.645635
394.3722	2.642598
393.3376	2.63798
392.3333	2.635343
391.3199	2.631758
390.3232	2.630232
389.3487	2.630803
388.3526	2.626913
387.3615	2.624437
386.3703	2.621188
385.3661	2.616249
384.3659	2.613217
383.3638	2.612768
382.3769	2.611754
381.3819	2.609833
380.3767	2.608023
379.3735	2.605054
378.3518	2.601463
377.3403	2.599984
376.3409	2.597984
375.3347	2.593776
374.3518	2.590431
373.3543	2.58537
372.3649	2.581962
371.3825	2.57968
370.3703	2.577008
369.3837	2.574245
368.3754	2.571248
367.3465	2.566765
366.3498	2.56284
365.3409	2.560548
364.3288	2.556577
363.3344	2.555295
362.32	2.554204
361.31	2.551372
360.3176	2.54961
359.3416	2.546359
358.3689	2.541952
357.3863	2.537453
356.3731	2.532289
355.3553	2.527399
354.3378	2.524113
353.3043	2.521647
352.3137	2.518461
351.3088	2.518774
350.3021	2.515359
349.3329	2.512386
348.3197	2.507343
347.3289	2.502375
346.3317	2.497972
345.3173	2.492823
344.3201	2.491574
343.3201	2.484476
342.3311	2.481312
341.3301	2.477333
340.3384	2.469764
339.3177	2.46547
338.3224	2.461078
337.3192	2.454711
336.3206	2.451553
335.3355	2.448246
334.3203	2.442311
333.318	2.439524
332.3141	2.437715
331.3366	2.434745
330.352	2.430297
329.354	2.425776
328.3676	2.420096
327.3412	2.412362
326.3329	2.40743
325.3438	2.402806
324.3226	2.397454
323.3151	2.395578
322.3215	2.39105
321.3273	2.383317
320.3427	2.375603
319.3627	2.366951
318.3472	2.358822
317.3445	2.350881
316.3413	2.343757
315.3419	2.33677
314.3636	2.330653
313.3585	2.327075
312.3769	2.324388
311.3807	2.319945
310.382	2.314698
309.4008	2.309067
308.4099	2.299718
307.4113	2.291731
306.4109	2.286769
305.3789	2.27993
304.3654	2.274101
303.3731	2.266639
302.3604	2.256969
301.3854	2.247652
300.3744	2.237288
299.3645	2.228221
298.3615	2.216892
297.3241	2.207379
296.3154	2.198742
295.3066	2.189099
294.2989	2.180491
293.3297	2.17125
292.3336	2.162607
291.3341	2.154034
290.3354	2.145722
289.3157	2.135048
288.3045	2.123952
287.3087	2.112805
286.3323	2.10199
285.3376	2.091064
284.343	2.078056
283.3252	2.064512
282.3119	2.049932
281.3171	2.036225
280.328	2.024148
279.3469	2.010604
278.3642	1.997748
277.3681	1.98362
276.3494	1.966511
275.3185	1.951196
274.2979	1.935687
273.2833	1.919803
272.3082	1.905944
271.3296	1.890465
270.3313	1.873139
269.3539	1.857093
268.3486	1.839746
267.3378	1.821331
266.3388	1.802875
265.3241	1.782134
264.3109	1.762067
263.3193	1.740873
262.3137	1.720967
261.32	1.70273
260.3344	1.6798
259.3342	1.659414
258.3593	1.636937
257.3563	1.610782
256.3574	1.588327
255.3682	1.564202
254.3598	1.538818
253.3692	1.514348
252.3557	1.488461
251.344	1.461663
250.3348	1.434525
249.3205	1.406672
248.3318	1.377568
247.3443	1.346137
246.3433	1.313038
245.3511	1.282664
244.3418	1.24979
243.3372	1.219177
242.3606	1.19138
241.367	1.158048
240.3834	1.126035
239.3873	1.091923
238.3557	1.053755
237.3442	1.015954
236.3352	0.976902
235.3257	0.937447
234.3354	0.896826
233.3413	0.858116
232.3386	0.82159
231.3536	0.782846
230.3507	0.744398
229.3855	0.704687
228.3976	0.659246
227.3837	0.612479
226.3697	0.56643
225.3344	0.516077
224.3315	0.46767
223.3346	0.421827
222.3484	0.374027
221.3581	0.327321
220.3577	0.277581
219.3744	0.226612
218.3894	0.174491
217.3904	0.120684
216.3992	0.067771
215.3927	0.011997
214.3591	-0.043956
213.3383	-0.095784
212.3375	-0.150937
211.3333	-0.206528
210.3497	-0.263854
209.3686	-0.32718
208.3609	-0.388056
207.3834	-0.452081
206.4133	-0.516089
205.4175	-0.578071
204.4308	-0.639802
203.4153	-0.700897
202.4053	-0.764352

