Tension	Intensidad
mV	uA
SOlucion	Fe
202.3694	-0.315862
201.3523	-0.323234
200.3521	-0.332717
199.3232	-0.342422
198.2957	-0.35168
197.3004	-0.359463
196.2855	-0.366584
195.2713	-0.372923
194.274	-0.379276
193.2586	-0.387366
192.2599	-0.392658
191.2651	-0.399444
190.2562	-0.406803
189.2688	-0.411817
188.2793	-0.419065
187.2816	-0.424239
186.2723	-0.431293
185.2605	-0.439385
184.223	-0.444183
183.1981	-0.450496
182.204	-0.456804
181.2184	-0.463337
180.2424	-0.473272
179.2674	-0.482784
178.3034	-0.489707
177.3106	-0.498094
176.2976	-0.505915
175.2845	-0.513252
174.2533	-0.520605
173.2391	-0.527428
172.2494	-0.533786
171.2637	-0.5396
170.2656	-0.546183
169.2648	-0.552129
168.2812	-0.557096
167.2703	-0.564689
166.2633	-0.571135
165.2675	-0.575743
164.2343	-0.582261
163.2331	-0.587581
162.2359	-0.594913
161.2161	-0.604372
160.2238	-0.611683
159.2309	-0.620452
158.2318	-0.6269
157.2476	-0.632833
156.2489	-0.641591
155.2302	-0.648172
154.2298	-0.655444
153.2508	-0.662803
152.27	-0.667716
151.2951	-0.674066
150.2959	-0.680157
149.2826	-0.686108
148.2707	-0.693264
147.2752	-0.697604
146.2833	-0.701558
145.2686	-0.706887
144.2717	-0.712505
143.2506	-0.719781
142.2442	-0.728655
141.2507	-0.736357
140.2719	-0.742998
139.2739	-0.748681
138.2672	-0.753955
137.2753	-0.758675
136.253	-0.764686
135.2553	-0.771858
134.2688	-0.77843
133.277	-0.785335
132.2656	-0.791135
131.2717	-0.796493
130.2666	-0.801021
129.2503	-0.806356
128.266	-0.811668
127.2784	-0.818319
126.2873	-0.825703
125.2947	-0.833005
124.2941	-0.840164
123.2912	-0.846338
122.3004	-0.85265
121.2962	-0.856584
120.3018	-0.860922
119.2938	-0.866714
118.2763	-0.871799
117.2844	-0.879181
116.2723	-0.886325
115.2727	-0.891667
114.283	-0.898507
113.2753	-0.90533
112.2823	-0.910028
111.2659	-0.915176
110.2514	-0.919613
109.2442	-0.924344
108.2398	-0.930834
107.2496	-0.937463
106.2648	-0.944476
105.2808	-0.950299
104.2989	-0.954164
103.3149	-0.95907
102.3219	-0.961943
101.3062	-0.966318
100.2969	-0.97313
99.30085	-0.978633
98.28058	-0.985344
97.29823	-0.99113
96.2952	-0.996683
95.27702	-1.002345
94.27812	-1.007201
93.26149	-1.011117
92.25089	-1.013947
91.24955	-1.018343
90.24509	-1.02412
89.25941	-1.030715
88.28304	-1.037236
87.29746	-1.042472
86.29829	-1.047803
85.28053	-1.051047
84.26989	-1.05598
83.26489	-1.060796
82.26186	-1.065514
81.28789	-1.071651
80.26006	-1.076716
79.2545	-1.081328
78.26691	-1.085158
77.24963	-1.090204
76.28101	-1.093911
75.29954	-1.097778
74.29398	-1.101813
73.28047	-1.104386
72.2831	-1.108907
71.26687	-1.114528
70.28525	-1.120159
69.31947	-1.125953
68.3175	-1.131582
67.32495	-1.134921
66.2995	-1.138568
65.27707	-1.142822
64.26821	-1.147354
63.25601	-1.152965
62.27252	-1.15846
61.27523	-1.162708
60.28313	-1.166881
59.30469	-1.171567
58.31033	-1.175258
57.30858	-1.179293
56.29932	-1.182905
55.28272	-1.185131
54.28048	-1.188844
53.29565	-1.193214
52.29894	-1.198661
51.30668	-1.205218
50.33434	-1.210879
49.34678	-1.216343
48.34898	-1.219546
47.34936	-1.222404
46.31298	-1.226436
45.2991	-1.230517
44.29912	-1.235514
43.2958	-1.240392
42.26449	-1.243842
41.26738	-1.247993
40.26382	-1.251566
39.26607	-1.25509
38.29701	-1.258629
37.30072	-1.261651
36.29935	-1.264066
35.2884	-1.268331
34.28918	-1.273266
33.26818	-1.277386
32.28019	-1.283509
31.30397	-1.287416
30.32026	-1.290377
29.33194	-1.293017
28.329	-1.294953
27.33714	-1.297948
26.32747	-1.30214
25.3475	-1.306423
24.36511	-1.31008
23.36551	-1.314121
22.35167	-1.317137
21.34534	-1.320409
20.32601	-1.324268
19.32122	-1.326082
18.34514	-1.328974
17.34025	-1.332822
16.34288	-1.336583
15.32767	-1.341167
14.32988	-1.346477
13.33211	-1.350752
12.34412	-1.35479
11.37061	-1.357734
10.37547	-1.359171
9.38743	-1.360833
8.393496	-1.362408
7.387496	-1.365108
6.386333	-1.368433
5.386865	-1.372096
4.377276	-1.377467
3.377659	-1.381976
2.384688	-1.386104
1.381547	-1.389242
0.408286	-1.391319
-0.58314	-1.394875
-1.546663	-1.397398
-2.514242	-1.401403
-3.494051	-1.40591
-4.475356	-1.409889
-5.477516	-1.414561
-6.467462	-1.418233
-7.458273	-1.419858
-8.468344	-1.422667
-9.473694	-1.425164
-10.48862	-1.427544
-11.50655	-1.430741
-12.4823	-1.433408
-13.47732	-1.437693
-14.47717	-1.442306
-15.47909	-1.446604
-16.50907	-1.449412
-17.49221	-1.450454
-18.47758	-1.453251
-19.46334	-1.455983
-20.44101	-1.45978
-21.48117	-1.464873
-22.49635	-1.469499
-23.49274	-1.474886
-24.49734	-1.479678
-25.49666	-1.482954
-26.49167	-1.484079
-27.50786	-1.486137
-28.50126	-1.487455
-29.46718	-1.489568
-30.4718	-1.492402
-31.46291	-1.494215
-32.4655	-1.497773
-33.48401	-1.501337
-34.48901	-1.505273
-35.50591	-1.508103
-36.51771	-1.511402
-37.52439	-1.513176
-38.51732	-1.514821
-39.51735	-1.519349
-40.51984	-1.522168
-41.54095	-1.525967
-42.53857	-1.53069
-43.54266	-1.533325
-44.53867	-1.537397
-45.51858	-1.541217
-46.52895	-1.544879
-47.52851	-1.547279
-48.54021	-1.550412
-49.5442	-1.553329
-50.53117	-1.555413
-51.50879	-1.558849
-52.48872	-1.560625
-53.48227	-1.563851
-54.49483	-1.567722
-55.50947	-1.570925
-56.51306	-1.57434
-57.52032	-1.576976
-58.51411	-1.579176
-59.51775	-1.582081
-60.5225	-1.586758
-61.52608	-1.591586
-62.53337	-1.596142
-63.52714	-1.600376
-64.52965	-1.602266
-65.52205	-1.604405
-66.51862	-1.606989
-67.52599	-1.609537
-68.52402	-1.612801
-69.52948	-1.616543
-70.534	-1.620225
-71.54391	-1.624392
-72.54308	-1.627465
-73.54482	-1.630645
-74.54587	-1.634136
-75.52112	-1.63794
-76.51083	-1.641912
-77.49581	-1.644226
-78.48912	-1.647442
-79.48833	-1.649737
-80.48332	-1.653529
-81.47662	-1.658558
-82.46028	-1.661513
-83.45516	-1.664526
-84.47343	-1.666475
-85.47007	-1.669177
-86.49176	-1.671942
-87.4984	-1.675144
-88.49693	-1.67803
-89.49957	-1.6798
-90.4734	-1.682294
-91.48043	-1.684402
-92.48107	-1.686865
-93.49219	-1.690483
-94.52765	-1.694184
-95.52199	-1.698087
-96.5145	-1.702059
-97.51708	-1.704664
-98.49832	-1.708194
-99.49889	-1.712022
-100.4988	-1.715289
-101.464	-1.718869
-102.4569	-1.721175
-103.4515	-1.722682
-104.4309	-1.725023
-105.4571	-1.727189
-106.4537	-1.729282
-107.4668	-1.732763
-108.4864	-1.7371
-109.4879	-1.739873
-110.4933	-1.741801
-111.4927	-1.743601
-112.5124	-1.745088
-113.5252	-1.748616
-114.5336	-1.75255
-115.5232	-1.755542
-116.5241	-1.75854
-117.5006	-1.760983
-118.5126	-1.764873
-119.538	-1.769182
-120.5348	-1.77273
-121.566	-1.776687
-122.5535	-1.780037
-123.5513	-1.78289
-124.5377	-1.786073
-125.5175	-1.789424
-126.513	-1.792451
-127.489	-1.79426
-128.4855	-1.796138
-129.4781	-1.797774
-130.493	-1.799392
-131.515	-1.803102
-132.5219	-1.807709
-133.5318	-1.811335
-134.5282	-1.815006
-135.5162	-1.818187
-136.5204	-1.819885
-137.5203	-1.822511
-138.511	-1.825517
-139.5161	-1.828019
-140.5087	-1.830672
-141.5125	-1.834594
-142.5159	-1.838018
-143.5027	-1.840365
-144.4892	-1.843451
-145.4884	-1.845029
-146.4688	-1.847077
-147.4688	-1.850671
-148.4741	-1.852684
-149.4561	-1.855647
-150.4774	-1.859123
-151.4867	-1.86208
-152.5011	-1.865827
-153.5045	-1.868674
-154.4856	-1.869954
-155.4666	-1.871299
-156.4525	-1.873402
-157.4391	-1.876717
-158.4648	-1.880042
-159.4661	-1.883989
-160.4831	-1.887679
-161.5015	-1.890172
-162.5005	-1.893219
-163.5098	-1.896056
-164.4967	-1.897941
-165.5034	-1.899844
-166.4891	-1.902665
-167.4813	-1.906567
-168.51	-1.910641
-169.5274	-1.914741
-170.5262	-1.91896
-171.5544	-1.921289
-172.5477	-1.923753
-173.5308	-1.925572
-174.5215	-1.926576
-175.5007	-1.927817
-176.4804	-1.929366
-177.4829	-1.932235
-178.5033	-1.93471
-179.5099	-1.938566
-180.5072	-1.942622
-181.502	-1.945624
-182.4989	-1.948791
-183.4987	-1.951079
-184.4953	-1.952806
-185.4791	-1.955515
-186.4652	-1.958591
-187.4662	-1.962375
-188.4746	-1.966233
-189.4961	-1.969331
-190.5082	-1.972092
-191.5064	-1.974195
-192.5079	-1.976475
-193.5007	-1.977334
-194.4968	-1.980167
-195.4974	-1.982709
-196.4861	-1.98474
-197.4711	-1.988396
-198.4799	-1.990316
-199.0337	-1.987629
-199.1116	-1.980995
-198.6796	-1.971521
-197.7443	-1.959377
-196.7471	-1.950094
-195.7338	-1.942991
-194.7341	-1.936201
-193.7315	-1.928762
-192.7364	-1.920394
-191.7572	-1.911679
-190.7685	-1.903021
-189.764	-1.894808
-188.7612	-1.887188
-187.7493	-1.878868
-186.74	-1.870432
-185.7434	-1.86154
-184.7438	-1.854268
-183.7285	-1.847918
-182.7286	-1.842379
-181.726	-1.836781
-180.72	-1.830106
-179.7432	-1.822725
-178.7444	-1.815143
-177.739	-1.808417
-176.7702	-1.801531
-175.7698	-1.795757
-174.8005	-1.789
-173.8132	-1.781976
-172.8122	-1.77553
-171.786	-1.76816
-170.7704	-1.763168
-169.7472	-1.758064
-168.7341	-1.752617
-167.747	-1.747682
-166.7441	-1.741079
-165.7714	-1.734952
-164.7585	-1.728041
-163.7681	-1.721413
-162.7859	-1.715904
-161.7771	-1.710002
-160.7896	-1.704983
-159.7891	-1.701064
-158.7588	-1.695986
-157.7565	-1.691389
-156.7483	-1.686109
-155.7465	-1.680472
-154.7582	-1.67456
-153.7658	-1.669443
-152.7534	-1.664357
-151.752	-1.657651
-150.755	-1.65262
-149.7274	-1.646374
-148.7512	-1.639321
-147.7551	-1.634088
-146.7507	-1.629145
-145.7684	-1.625861
-144.754	-1.623617
-143.7623	-1.620655
-142.7714	-1.615169
-141.7755	-1.60749
-140.7738	-1.60014
-139.7702	-1.593702
-138.7618	-1.589074
-137.7686	-1.585808
-136.7855	-1.58165
-135.7746	-1.575251
-134.7747	-1.569531
-133.7676	-1.563219
-132.7505	-1.558311
-131.7325	-1.554385
-130.7252	-1.549639
-129.7275	-1.545959
-128.7292	-1.541273
-127.7537	-1.536741
-126.7716	-1.531741
-125.7782	-1.526036
-124.7961	-1.521318
-123.7912	-1.515751
-122.7776	-1.510885
-121.7802	-1.507695
-120.7783	-1.503325
-119.7984	-1.499651
-118.7962	-1.494672
-117.7753	-1.487883
-116.7686	-1.482908
-115.7457	-1.478167
-114.7538	-1.475016
-113.7796	-1.471548
-112.7884	-1.467174
-111.7884	-1.4633
-110.7939	-1.458515
-109.7678	-1.453833
-108.7558	-1.449725
-107.7562	-1.445656
-106.7354	-1.441564
-105.7212	-1.437728
-104.7001	-1.432746
-103.6905	-1.428766
-102.6861	-1.423721
-101.7171	-1.418855
-100.7425	-1.414357
-99.7463	-1.407857
-98.75179	-1.403297
-97.73814	-1.398336
-96.72333	-1.3953
-95.73622	-1.392887
-94.73963	-1.389012
-93.75746	-1.38538
-92.76076	-1.380459
-91.75058	-1.375823
-90.75345	-1.371757
-89.75414	-1.366638
-88.76808	-1.361677
-87.76962	-1.355699
-86.77402	-1.34962
-85.75529	-1.343799
-84.75201	-1.338313
-83.75513	-1.33465
-82.76137	-1.331003
-81.78099	-1.328702
-80.75842	-1.3255
-79.74345	-1.321208
-78.74606	-1.316152
-77.73179	-1.310622
-76.74316	-1.30521
-75.76956	-1.30049
-74.77548	-1.296486
-73.78485	-1.29155
-72.81222	-1.286727
-71.78835	-1.282134
-70.77496	-1.27735
-69.76403	-1.273339
-68.73534	-1.268317
-67.74686	-1.263128
-66.73814	-1.258451
-65.75113	-1.254994
-64.75389	-1.252385
-63.77638	-1.248747
-62.79881	-1.244723
-61.77853	-1.239343
-60.78342	-1.234457
-59.7632	-1.230707
-58.74378	-1.226849
-57.76042	-1.22464
-56.75449	-1.220951
-55.74594	-1.215829
-54.74048	-1.211272
-53.74176	-1.204984
-52.75302	-1.200458
-51.75583	-1.196922
-50.77905	-1.193261
-49.78204	-1.192353
-48.78712	-1.187549
-47.79974	-1.182184
-46.7976	-1.177861
-45.79013	-1.170831
-44.79061	-1.168026
-43.79193	-1.164897
-42.79975	-1.161863
-41.79863	-1.159033
-40.77986	-1.154397
-39.77985	-1.1498
-38.78284	-1.14463
-37.78717	-1.138681
-36.78806	-1.13328
-35.77134	-1.127635
-34.74375	-1.123124
-33.75261	-1.120592
-32.74205	-1.117784
-31.74445	-1.116461
-30.7541	-1.113207
-29.74508	-1.109442
-28.76899	-1.105732
-27.76943	-1.100661
-26.75734	-1.096047
-25.7569	-1.0917
-24.76497	-1.087673
-23.76856	-1.084599
-22.79773	-1.081594
-21.80223	-1.078564
-20.8061	-1.075607
-19.81474	-1.071905
-18.79816	-1.068991
-17.81115	-1.065413
-16.79173	-1.060985
-15.78054	-1.058019
-14.7791	-1.05305
-13.75392	-1.048843
-12.75404	-1.045001
-11.76931	-1.040382
-10.76592	-1.036304
-9.771787	-1.033229
-8.774096	-1.031545
-7.757561	-1.030244
-6.756548	-1.028213
-5.72848	-1.024563
-4.712011	-1.019612
-3.719323	-1.01496
-2.730075	-1.012109
-1.781341	-1.009559
-0.826177	-1.007678
0.139956	-1.005222
1.118353	-1.000365
2.111191	-0.995753
3.115711	-0.990935
4.116076	-0.987007
5.123222	-0.985572
6.117107	-0.984114
7.097564	-0.982219
8.094457	-0.980107
9.093044	-0.97711
10.09464	-0.973501
11.09183	-0.96968
12.09615	-0.964883
13.08623	-0.96008
14.08131	-0.956613
15.10315	-0.954423
16.09683	-0.952327
17.09203	-0.95072
18.09352	-0.946839
19.07933	-0.941939
20.08686	-0.937402
21.09883	-0.932989
22.0975	-0.930327
23.11046	-0.927965
24.10866	-0.925079
25.09876	-0.921849
26.11355	-0.916018
27.09494	-0.911859
28.09755	-0.908382
29.08975	-0.905693
30.06009	-0.905335
31.06247	-0.902427
32.04236	-0.898936
33.04771	-0.893725
34.07538	-0.887651
35.0836	-0.883071
36.07739	-0.879194
37.07323	-0.876018
38.05939	-0.873693
39.0323	-0.870206
40.05143	-0.867115
41.03653	-0.865226
42.03265	-0.862703
43.04184	-0.86001
44.05399	-0.857421
45.06928	-0.853125
46.08427	-0.849295
47.10749	-0.845725
48.09682	-0.841871
49.09572	-0.838873
50.08606	-0.834673
51.06311	-0.830029
52.05786	-0.824797
53.05915	-0.820436
54.0342	-0.818025
55.04457	-0.815892
56.02312	-0.814057
57.02692	-0.810829
58.04354	-0.805821
59.04319	-0.801942
60.06945	-0.797342
61.05283	-0.7938
62.05883	-0.79065
63.04972	-0.786111
64.04099	-0.782077
65.05231	-0.777132
66.06508	-0.77259
67.06335	-0.769061
68.05424	-0.765427
69.05896	-0.762435
70.04855	-0.758216
71.05199	-0.754767
72.08154	-0.75013
73.07229	-0.744889
74.06394	-0.740653
75.06898	-0.735394
76.05782	-0.731734
77.05591	-0.728334
78.04392	-0.725988
79.04388	-0.723574
80.02321	-0.7197
81.00226	-0.714549
82.02113	-0.707725
82.98953	-0.701532
84.00491	-0.695522
85.03154	-0.690576
86.01994	-0.686987
87.04817	-0.683024
88.02988	-0.67957
89.00176	-0.674245
90.00916	-0.668708
91.01379	-0.663758
92.03101	-0.659198
93.04835	-0.656756
94.04692	-0.653392
95.04392	-0.648649
96.03731	-0.643766
97.04333	-0.638221
98.05567	-0.632058
99.04784	-0.62638
100.0408	-0.620048
101.0422	-0.6145
102.0184	-0.610973
103.0369	-0.606921
104.043	-0.601779
105.0385	-0.59732
106.0515	-0.592041
107.04	-0.58655
108.0341	-0.582189
109.0345	-0.576207
110.0319	-0.570616
111.0399	-0.564826
112.0593	-0.559125
113.0482	-0.553826
114.0427	-0.547777
115.0291	-0.543334
116.0107	-0.537534
117.0223	-0.530934
118.0166	-0.525111
119.0088	-0.517852
120.0122	-0.510978
121.0144	-0.505838
122.0321	-0.49917
123.0464	-0.493463
124.0455	-0.487976
125.0473	-0.481272
126.0293	-0.473979
127.0267	-0.466291
128.0008	-0.459938
128.9969	-0.453743
130.0031	-0.448261
130.9971	-0.442789
132.0147	-0.435146
132.9996	-0.427659
133.9859	-0.420167
134.989	-0.412577
135.9887	-0.406161
136.9913	-0.399066
138.0133	-0.390533
138.9987	-0.381383
140.0051	-0.373561
141.0168	-0.366649
142.0104	-0.361122
143.0332	-0.355041
144.0368	-0.34756
145.0439	-0.338622
146.0437	-0.329888
147.0318	-0.320968
148.0211	-0.31151
149.0224	-0.302595
150.0375	-0.293662
151.0568	-0.285904
152.0742	-0.277618
153.0531	-0.269558
154.0442	-0.260639
155.0235	-0.250126
156.0258	-0.240042
157.0132	-0.229347
158.0077	-0.219287
158.9923	-0.209372
159.9649	-0.199235
160.9914	-0.188766
162.0053	-0.176396
163.0153	-0.163711
164.0237	-0.151562
165.0112	-0.139311
165.9886	-0.129495
166.9943	-0.11973
167.9965	-0.108928
168.991	-0.096662
170.0069	-0.082075
171.0101	-0.067642
172.0049	-0.053368
173.0333	-0.040421
174.0208	-0.028951
175.0158	-0.016463
176.0175	-0.001999
177.0031	0.011976
177.9962	0.027448
178.9902	0.041189
179.9837	0.0539
180.9851	0.067625
181.9875	0.082208
183.008	0.098981
184.011	0.115592
184.9949	0.132532
185.9939	0.14992
186.9815	0.166689
187.9981	0.184673
189.0173	0.202749
190.0254	0.218393
191.0326	0.234625
192.0275	0.250416
193.0134	0.265994
194.0323	0.285583
195.0259	0.303988
196.0286	0.323318
197.0414	0.344376
198.0177	0.363519
199.0277	0.384876
200.0512	0.406248
201.0608	0.427432
202.087	0.449697
203.0863	0.470718
204.0566	0.491199
205.0393	0.51266
206.0275	0.533128
207.0195	0.556158
208.0226	0.579344
209.0234	0.602738
210.022	0.62936
211.0051	0.653811
212.0043	0.679485
213.0276	0.705206
214.0132	0.7287
215.0197	0.754515
216.0268	0.779567
216.9965	0.80565
218.0035	0.833258
219.0033	0.860427
220.0032	0.889948
221.0178	0.918616
222.0074	0.946892
223.0182	0.975843
224.0139	1.003814
225.0058	1.034205
226.0197	1.067611
226.9991	1.099092
227.995	1.130034
228.9846	1.159384
229.972	1.187047
230.9808	1.216308
231.9706	1.24875
232.9621	1.282448
233.9593	1.317094
234.9631	1.351653
235.9498	1.385398
236.9646	1.4191
237.9512	1.453241
238.9579	1.4889
239.9614	1.524227
240.9639	1.559301
241.9815	1.5951
242.9706	1.628634
243.9665	1.664178
244.9542	1.700491
245.9491	1.734138
246.9276	1.771013
247.9364	1.807253
248.94	1.84435
249.9239	1.883627
250.9344	1.924475
251.9497	1.964212
252.9589	2.003218
253.9624	2.04004
254.976	2.076104
255.9578	2.112373
256.9418	2.150713
257.9577	2.191728
258.9611	2.232357
259.9554	2.271673
260.9701	2.310718
261.9535	2.347035
262.9203	2.387378
263.9323	2.427561
264.9268	2.467853
265.9411	2.510872
266.9538	2.549145
267.9554	2.590122
268.9506	2.630589
269.9286	2.671629
270.9408	2.713946
271.9279	2.755645
272.9288	2.795957
273.9484	2.836605
274.9511	2.875079
275.9385	2.915811
276.9568	2.958781
277.9639	2.997289
278.9401	3.03655
279.9706	3.073459
280.955	3.10999
281.95	3.150598
282.9792	3.190592
283.9729	3.231368
284.9631	3.269044
285.952	3.304768
286.9332	3.341727
287.9223	3.379152
288.9232	3.418433
289.9521	3.458048
290.9716	3.49592
291.9701	3.532805
292.9752	3.569189
293.9615	3.604222
294.9451	3.639381
295.965	3.673078
296.9706	3.705655
297.9515	3.739401
298.956	3.772666
299.9454	3.808134
300.9353	3.84254
301.9601	3.874758
302.9778	3.907365
303.982	3.936156
305.0043	3.96305
306.0131	3.99244
307.0029	4.019926
308.0124	4.048177
309.0107	4.078116
310.0021	4.103731
310.9852	4.129985
311.9735	4.15455
312.9764	4.178534
313.9545	4.203277
314.9549	4.225985
315.9482	4.2493
316.9196	4.269141
317.9369	4.288128
318.938	4.307105
319.9379	4.325454
320.96	4.345399
321.9667	4.365727
322.9806	4.384399
323.9975	4.401639
324.9845	4.418134
325.9412	4.433406
326.93	4.447586
327.9236	4.460783
328.9326	4.471796
329.9501	4.48273
330.9536	4.49506
331.9568	4.505664
332.9408	4.514437
333.9537	4.523334
334.9726	4.529312
335.965	4.535394
336.9594	4.542546
337.9432	4.5515
338.9281	4.558024
339.9007	4.56397
340.9274	4.569424
341.9419	4.567882
342.946	4.568341
343.9877	4.568119
344.9703	4.565616
345.9745	4.56437
346.9538	4.562321
347.9586	4.559527
348.9644	4.556841
349.96	4.554951
350.9832	4.552205
351.972	4.548303
352.9845	4.543845
354.0104	4.538974
355.0067	4.531099
355.9938	4.523088
356.9796	4.515561
357.9477	4.505569
358.9359	4.497005
359.9383	4.489903
360.9314	4.481142
361.9275	4.472014
362.9401	4.463738
363.9442	4.452967
364.9479	4.441271
365.9482	4.428604
366.9432	4.416024
367.9606	4.402321
368.9476	4.389253
369.9499	4.378874
370.9585	4.366795
371.9322	4.356395
372.9563	4.346158
373.978	4.332272
374.9798	4.318203
375.9882	4.304406
376.9759	4.288305
377.9583	4.273493
378.9431	4.258278
379.9598	4.243306
380.9727	4.228854
381.956	4.214033
382.9848	4.200111
383.9698	4.183116
384.9478	4.166948
385.9637	4.151403
386.9349	4.135398
387.9127	4.122048
388.9297	4.10954
389.9333	4.094589
390.9421	4.078588
391.9679	4.061091
392.9789	4.043317
393.9863	4.026707
394.995	4.009709
395.9882	3.992831
396.9764	3.975986
397.9678	3.959671
398.9484	3.944432
399.942	3.930029
400.9396	3.914728
401.9571	3.900205
402.965	3.883825
403.9897	3.86652
405.0182	3.850596
406.0098	3.8339
407.0029	3.819327
407.9858	3.804211
408.9487	3.788533
409.9501	3.774025
410.9566	3.760041
411.9658	3.745757
412.9722	3.730593
413.9534	3.715273
414.9614	3.697703
415.9391	3.68187
416.9413	3.666847
417.9642	3.651428
418.9588	3.637166
419.9673	3.624194
420.947	3.611378
421.9306	3.596827
422.9273	3.584257
423.9259	3.568246
424.9565	3.55445
425.9705	3.540954
426.9745	3.524827
427.9848	3.511142
428.9718	3.496912
429.9572	3.484401
430.9619	3.472811
431.9632	3.459377
432.962	3.445354
433.971	3.430887
434.9612	3.416679
435.9563	3.404386
436.9618	3.392348
437.9431	3.380954
438.9468	3.368479
439.9213	3.354821
440.9088	3.340716
441.9064	3.327035
442.8924	3.315182
443.9148	3.304358
444.9252	3.294323
445.9149	3.282907
446.9147	3.270847
447.9241	3.258475
448.9205	3.244455
449.9421	3.233138
450.9381	3.222293
451.9279	3.211275
452.9284	3.202054
453.9244	3.189208
454.9359	3.177308
455.9325	3.165384
456.9391	3.152661
457.9688	3.141824
458.9709	3.130196
459.9608	3.118845
460.9418	3.108573
461.894	3.098707
462.888	3.091702
463.9019	3.081839
464.8968	3.071014
465.9186	3.060081
466.9164	3.046088
467.9008	3.036316
468.9236	3.028555
469.9339	3.018365
470.9467	3.008355
471.9622	2.997352
472.9449	2.984687
473.9291	2.975263
474.9052	2.96823
475.9109	2.961309
476.913	2.953878
477.8917	2.945019
478.9163	2.934839
479.9049	2.92361
480.9211	2.913839
481.9533	2.906053
482.9319	2.896624
483.9195	2.888635
484.8941	2.882047
485.8719	2.871871
486.8639	2.863407
487.8736	2.856277
488.8945	2.84614
489.8933	2.839057
490.8976	2.831839
491.8966	2.824409
492.8874	2.818212
493.8962	2.81071
494.9197	2.805106
495.926	2.796727
496.9163	2.788411
497.9242	2.781334
498.9257	2.771015
499.9116	2.764886
500.9286	2.759652
501.908	2.752129
502.9135	2.746124
503.9272	2.73725
504.9186	2.728481
505.9448	2.722348
506.9309	2.715305
507.9473	2.710844
508.9785	2.704578
509.9736	2.697081
510.9756	2.691277
511.9708	2.684393
512.9431	2.680193
513.9361	2.675785
514.9146	2.669636
515.9054	2.662536
516.9281	2.654156
517.9226	2.64582
518.9481	2.640111
519.9536	2.633758
520.9379	2.627741
521.9359	2.621318
522.9171	2.614347
523.8923	2.609803
524.8915	2.606696
525.9091	2.603456
526.9283	2.600455
527.9454	2.594693
528.9259	2.586856
529.9114	2.580565
530.8865	2.573046
531.8839	2.569124
532.9124	2.565011
533.9238	2.560165
534.9267	2.556992
535.9161	2.551734
536.8974	2.546592
537.8755	2.54261
538.8898	2.536983
539.8863	2.532339
540.868	2.528581
541.8738	2.523487
542.8452	2.520188
543.8457	2.515436
544.8632	2.511495
545.8735	2.509768
546.8986	2.504806
547.9177	2.500965
548.9297	2.497005
549.9269	2.491223
550.9119	2.489077
551.9008	2.485857
552.8982	2.48
553.8989	2.475788
554.8939	2.468891
555.902	2.46412
556.8918	2.463723
557.8879	2.458741
558.9205	2.458244
559.9123	2.454963
560.9097	2.44874
561.9161	2.447223
562.9069	2.442941
563.9012	2.439654
564.9009	2.436643
565.8749	2.43143
566.872	2.426604
567.8745	2.421371
568.8724	2.419289
569.8846	2.417211
570.8787	2.413283
571.8978	2.411796
572.887	2.406358
573.8821	2.402802
574.8864	2.401871
575.8494	2.39914
576.8713	2.396338
577.8862	2.394173
578.8942	2.388156
579.9088	2.383259
580.9132	2.380196
581.9042	2.375803
582.8943	2.375595
583.8888	2.374275
584.8672	2.371784
585.8781	2.369736
586.8927	2.365844
587.9023	2.363061
588.9147	2.36053
589.9215	2.357427
590.9083	2.355272
591.9023	2.351034
592.907	2.346603
593.9034	2.344023
594.8967	2.340337
595.9064	2.339535
596.9205	2.338437
597.9426	2.335659
598.9555	2.33454
599.954	2.331409
600.9376	2.329129
601.9042	2.326507
602.9121	2.322777
603.9136	2.319558
604.897	2.31634
605.9133	2.314065
606.9067	2.312889
607.9113	2.310053
608.9397	2.307798
609.9532	2.304948
610.9421	2.299626
611.9596	2.299063
612.9664	2.298883
613.9226	2.298444
614.914	2.298854
615.8971	2.295704
616.8842	2.290289
617.9154	2.285765
618.9346	2.281399
619.9313	2.278057
620.9134	2.27615
621.9095	2.274425
622.9063	2.274787
623.9066	2.272769
624.9209	2.272435
625.9166	2.27135
626.9112	2.266828
627.9117	2.265851
628.9163	2.26332
629.9048	2.260739
630.9078	2.260067
631.8932	2.258489
632.8848	2.25629
633.9019	2.255534
634.8971	2.2545
635.9127	2.253994
636.9212	2.25267
637.9136	2.25131
638.9119	2.249254
639.9099	2.244745
640.884	2.242601
641.9006	2.240575
642.8932	2.238238
643.876	2.238412
644.8885	2.240496
645.8488	2.241184
646.856	2.242407
647.8648	2.242582
648.8824	2.239389
649.8925	2.238765
650.8852	2.238715
651.8934	2.238184
652.8732	2.236501
653.8768	2.233203
654.893	2.231584
655.8893	2.228832
656.8869	2.229635
657.8907	2.231294
658.8953	2.230158
659.8859	2.230464
660.9044	2.230185
661.9098	2.229671
662.8942	2.23177
663.8978	2.232764
664.8721	2.233253
665.866	2.231742
666.8723	2.229916
667.8786	2.229619
668.8866	2.228177
669.8692	2.228313
670.8657	2.227157
671.844	2.226807
672.8536	2.226135
673.8632	2.229793
674.8604	2.232692
675.8703	2.233374
676.8617	2.236226
677.8707	2.233922
678.8631	2.233906
679.8939	2.234683
680.9047	2.23415
681.9136	2.235778
682.9033	2.235079
683.8859	2.236964
684.8654	2.240618
685.8542	2.243171
686.8788	2.248275
687.8741	2.248875
688.8867	2.24915
689.8765	2.249552
690.8497	2.246249
691.8386	2.249193
692.829	2.251177
693.8323	2.253399
694.843	2.260136
695.8534	2.26413
696.8456	2.266489
697.8561	2.269995
698.4456	2.211404
698.5183	2.139399
698.107	2.061618
697.2025	1.974897
696.2081	1.942433
695.2117	1.913949
694.2111	1.890121
693.193	1.868836
692.1909	1.847788
691.2037	1.831564
690.232	1.817002
689.2335	1.799424
688.2331	1.784406
687.2276	1.773135
686.2058	1.758044
685.1974	1.74857
684.1909	1.738403
683.204	1.727669
682.2014	1.719826
681.2108	1.710108
680.1929	1.703006
679.1659	1.693065
678.173	1.684086
677.1679	1.675961
676.1813	1.665808
675.1896	1.656289
674.1937	1.649653
673.203	1.640004
672.228	1.630482
671.2352	1.624954
670.233	1.613589
669.2186	1.608505
668.1945	1.603716
667.189	1.597283
666.2103	1.591583
665.2278	1.584928
664.244	1.580026
663.2712	1.574544
662.25	1.569006
661.2577	1.564132
660.2641	1.55711
659.2485	1.550067
658.2368	1.545655
657.2266	1.538296
656.2166	1.53311
655.1904	1.527665
654.1859	1.521589
653.1968	1.519234
652.1896	1.515357
651.2047	1.511694
650.2205	1.507823
649.1938	1.500565
648.187	1.494372
647.1755	1.488099
646.1833	1.482409
645.2095	1.480084
644.2064	1.478054
643.2217	1.476175
642.211	1.473019
641.2042	1.467203
640.2262	1.461559
639.2483	1.456046
638.2642	1.450342
637.2603	1.446579
636.2609	1.442223
635.2327	1.438247
634.2281	1.436349
633.2437	1.432347
632.2598	1.429678
631.2839	1.425833
630.302	1.420498
629.2955	1.416824
628.2866	1.410375
627.2678	1.406418
626.2814	1.404466
625.2875	1.401832
624.2911	1.403278
623.3223	1.399483
622.3132	1.393684
621.3212	1.388671
620.3293	1.379802
619.2999	1.374435
618.2878	1.370335
617.2661	1.36601
616.2532	1.36481
615.2784	1.363477
614.2769	1.362734
613.3053	1.361916
612.3027	1.357346
611.3055	1.352758
610.2996	1.347869
609.2886	1.340164
608.2893	1.337443
607.2716	1.337159
606.2853	1.335544
605.2754	1.337991
604.2623	1.336181
603.2692	1.331458
602.267	1.32541
601.2689	1.319066
600.2795	1.314943
599.2805	1.309732
598.2699	1.306642
597.2587	1.303955
596.2429	1.299933
595.2188	1.298765
594.2358	1.298791
593.254	1.295537
592.2662	1.292937
591.2632	1.289248
590.2385	1.284599
589.2363	1.282419
588.2551	1.281702
587.2919	1.282111
586.2963	1.280634
585.2847	1.277131
584.2646	1.273626
583.2545	1.267002
582.2628	1.262167
581.2682	1.259388
580.2681	1.254748
579.2517	1.252903
578.2392	1.250136
577.2412	1.247454
576.2263	1.246097
575.2267	1.243406
574.2358	1.241416
573.2397	1.237746
572.2434	1.233673
571.2491	1.231084
570.2556	1.227179
569.2286	1.224754
568.2393	1.223443
567.2183	1.219659
566.1981	1.217692
565.2303	1.215674
564.252	1.210744
563.2883	1.208577
562.3132	1.205878
561.2986	1.200999
560.2903	1.19902
559.2733	1.194858
558.2582	1.190354
557.2602	1.18889
556.262	1.184819
555.2571	1.182364
554.2624	1.181284
553.2786	1.178418
552.2606	1.177226
551.2743	1.174896
550.2762	1.172287
549.2734	1.16896
548.2678	1.165192
547.2605	1.162081
546.2509	1.157998
545.244	1.15492
544.2856	1.154107
543.3005	1.152257
542.3046	1.149378
541.2781	1.147922
540.2527	1.14436
539.233	1.141095
538.2452	1.138923
537.2644	1.135381
536.2765	1.132645
535.2954	1.130286
534.2872	1.128342
533.2907	1.128495
532.2869	1.123678
531.2612	1.123132
530.2682	1.120916
529.2769	1.115111
528.2426	1.113789
527.2556	1.109993
526.2324	1.106501
525.205	1.106054
524.2527	1.104952
523.2532	1.100157
522.2634	1.098519
521.2556	1.093662
520.2461	1.087671
519.2537	1.08918
518.2671	1.085107
517.2985	1.084425
516.2885	1.083076
515.2892	1.079589
514.2829	1.079028
513.2922	1.077002
512.2988	1.076481
511.3172	1.072113
510.3341	1.067857
509.3354	1.062412
508.3561	1.058561
507.3239	1.055842
506.3085	1.053118
505.2987	1.051897
504.2783	1.050009
503.2823	1.045359
502.2648	1.042246
501.2515	1.038844
500.231	1.033525
499.2354	1.032131
498.2667	1.031829
497.2859	1.029034
496.2797	1.027846
495.2656	1.025465
494.2537	1.019999
493.2186	1.017192
492.2146	1.014344
491.2244	1.010309
490.2187	1.00623
489.2437	1.002315
488.2743	1.000428
487.2921	0.998274
486.313	0.99704
485.3282	0.99555
484.3399	0.990176
483.3121	0.984687
482.2877	0.979662
481.275	0.973723
480.2584	0.970621
479.2748	0.970578
478.2813	0.97014
477.2906	0.969644
476.2859	0.966627
475.3037	0.961459
474.3094	0.957012
473.2939	0.953023
472.3211	0.950413
471.3008	0.94701
470.2846	0.942191
469.2875	0.93998
468.2606	0.937063
467.2614	0.934961
466.2836	0.934996
465.32	0.93087
464.3276	0.927601
463.3254	0.923069
462.3233	0.916945
461.2984	0.913522
460.2939	0.911654
459.2991	0.912291
458.2996	0.910425
457.3063	0.906637
456.3051	0.901572
455.3092	0.894782
454.2983	0.890641
453.2885	0.886378
452.2928	0.880423
451.2845	0.876394
450.2892	0.872235
449.2789	0.869131
448.2891	0.86881
447.3105	0.866311
446.3129	0.862653
445.3195	0.859636
444.3153	0.854088
443.2969	0.848949
442.2915	0.846047
441.2874	0.842582
440.2809	0.840842
439.277	0.837779
438.2821	0.832548
437.2931	0.828224
436.3091	0.821286
435.3117	0.818254
434.316	0.814625
433.3134	0.808311
432.3014	0.804328
431.3178	0.798207
430.3177	0.793056
429.3229	0.790781
428.3348	0.788463
427.3308	0.785907
426.34	0.783836
425.321	0.780166
424.3289	0.7758
423.3273	0.772054
422.3221	0.769352
421.3687	0.765694
420.3604	0.759571
419.3662	0.754251
418.3712	0.747419
417.3466	0.740833
416.3353	0.738208
415.3468	0.734379
414.3393	0.729188
413.3423	0.725444
412.3428	0.719981
411.3278	0.71453
410.3355	0.710956
409.3273	0.707372
408.3471	0.705296
407.3542	0.701675
406.3437	0.698508
405.3881	0.695026
404.3706	0.689337
403.3641	0.686078
402.3757	0.681222
401.3203	0.675066
400.331	0.669889
399.3392	0.664138
398.3349	0.659407
397.3367	0.655185
396.3201	0.651247
395.3226	0.646876
394.3195	0.640248
393.3302	0.635087
392.3215	0.629949
391.3219	0.624153
390.309	0.62113
389.3046	0.619048
388.3122	0.615126
387.2902	0.613857
386.3021	0.611405
385.3047	0.606219
384.3195	0.601553
383.3194	0.594477
382.3063	0.588691
381.3074	0.581816
380.2748	0.576888
379.2903	0.573797
378.298	0.568406
377.2838	0.566323
376.3014	0.562695
375.2991	0.557463
374.2777	0.552603
373.283	0.547734
372.2949	0.540359
371.2955	0.53464
370.3394	0.530438
369.3389	0.52404
368.3314	0.520746
367.3141	0.518374
366.2943	0.51568
365.2979	0.512446
364.303	0.508256
363.3323	0.502314
362.3311	0.497693
361.339	0.492333
360.3394	0.488894
359.3162	0.482364
358.3042	0.476162
357.3082	0.472436
356.3175	0.46709
355.3186	0.463985
354.3262	0.459
353.33	0.454127
352.3268	0.449596
351.3268	0.445534
350.3258	0.441513
349.2875	0.437219
348.2631	0.434584
347.2548	0.431181
346.2521	0.426403
345.2776	0.422542
344.2893	0.417785
343.2962	0.411341
342.298	0.406883
341.2936	0.402591
340.3002	0.396541
339.3078	0.39239
338.3138	0.388233
337.3044	0.38208
336.2972	0.377838
335.291	0.373998
334.2711	0.370368
333.3078	0.366865
332.3215	0.363285
331.3191	0.35957
330.3488	0.353538
329.3219	0.348264
328.33	0.343492
327.3337	0.337763
326.3214	0.334132
325.3442	0.331248
324.3401	0.326787
323.3571	0.323286
322.3568	0.319501
321.3651	0.313128
320.3537	0.308291
319.3504	0.303309
318.3567	0.29698
317.3509	0.292803
316.3574	0.288152
315.3459	0.283365
314.3434	0.280915
313.3295	0.278193
312.3552	0.275124
311.363	0.27096
310.3854	0.265336
309.4065	0.259026
308.3826	0.253022
307.3775	0.248613
306.3751	0.244932
305.368	0.240232
304.3655	0.236078
303.3775	0.232159
302.3542	0.227573
301.3364	0.22318
300.3306	0.218016
299.3276	0.212169
298.3291	0.206574
297.3246	0.202019
296.3148	0.197972
295.3089	0.194241
294.3087	0.191507
293.3134	0.18755
292.3253	0.180848
291.3162	0.173422
290.3201	0.165752
289.3326	0.158838
288.3274	0.155251
287.3333	0.152315
286.3091	0.147758
285.2831	0.14452
284.2974	0.139882
283.3008	0.136487
282.332	0.133809
281.3692	0.12881
280.3671	0.125368
279.3635	0.118571
278.3669	0.111858
277.3468	0.107961
276.3312	0.102524
275.3327	0.099861
274.3066	0.096637
273.2994	0.090318
272.3158	0.083483
271.3095	0.075062
270.339	0.067976
269.3426	0.061939
268.3386	0.055926
267.3508	0.05114
266.3416	0.0455
265.3376	0.040604
264.3338	0.036905
263.332	0.032841
262.3291	0.027826
261.3529	0.022984
260.3597	0.016593
259.3669	0.009412
258.3655	0.005368
257.3529	0.001169
256.3446	-0.00152
255.355	-0.00547
254.371	-0.013011
253.3757	-0.021024
252.3823	-0.030569
251.3712	-0.037595
250.3628	-0.043899
249.345	-0.051278
248.3521	-0.056862
247.3335	-0.064151
246.3175	-0.070459
245.3273	-0.07557
244.305	-0.081579
243.3155	-0.08682
242.3307	-0.092337
241.3228	-0.098826
240.3388	-0.105418
239.3326	-0.111971
238.314	-0.117481
237.2918	-0.121987
236.286	-0.12756
235.282	-0.134174
234.2964	-0.141917
233.3347	-0.149867
232.3387	-0.156512
231.3511	-0.163131
230.3531	-0.169817
229.3506	-0.178151
228.344	-0.18546
227.348	-0.192488
226.341	-0.199718
225.3229	-0.205384
224.3203	-0.21187
223.3082	-0.219715
222.3241	-0.225263
221.366	-0.231216
220.3714	-0.23853
219.3934	-0.244284
218.387	-0.251877
217.3655	-0.259513
216.3583	-0.26645
215.3353	-0.273484
214.3282	-0.281133
213.3257	-0.28799
212.3398	-0.293843
211.3455	-0.300291
210.3562	-0.307448
209.3449	-0.314563
208.3502	-0.323318
207.3609	-0.330746
206.3821	-0.33792
205.4146	-0.345277
204.4361	-0.3513
203.4527	-0.357247
202.4277	-0.362441

