Tension	Intensidad
mV	uA
CNEA	Calcinado
202.331	-0.629629
201.3312	-0.71041
200.2985	-0.788775
199.2707	-0.868565
198.27	-0.949819
197.2636	-1.025819
196.2658	-1.107099
195.2543	-1.189621
194.238	-1.269853
193.2204	-1.355743
192.223	-1.437948
191.2514	-1.516103
190.2531	-1.598447
189.2508	-1.683074
188.2615	-1.767564
187.252	-1.856299
186.2526	-1.93723
185.2535	-2.016884
184.254	-2.100747
183.2679	-2.184114
182.2677	-2.27423
181.2867	-2.359335
180.2653	-2.444324
179.2639	-2.525785
178.2726	-2.602256
177.2937	-2.685484
176.3238	-2.766021
175.3206	-2.849971
174.3158	-2.939399
173.2872	-3.025283
172.2644	-3.110726
171.2542	-3.194527
170.2581	-3.276218
169.2369	-3.356406
168.254	-3.432428
167.2731	-3.509704
166.273	-3.586147
165.2966	-3.661847
164.2825	-3.744448
163.2511	-3.825955
162.2448	-3.904567
161.2343	-3.984955
160.231	-4.05654
159.2346	-4.124328
158.2356	-4.193666
157.2592	-4.261478
156.262	-4.33188
155.2921	-4.403186
154.2988	-4.473831
153.2771	-4.54284
152.3065	-4.608873
151.2888	-4.675902
150.2836	-4.74052
149.3013	-4.800373
148.2853	-4.861539
147.2919	-4.917972
146.285	-4.972345
145.28	-5.030268
144.258	-5.087181
143.2534	-5.144141
142.2442	-5.197884
141.2412	-5.24739
140.2548	-5.293248
139.2594	-5.33686
138.2616	-5.383144
137.2445	-5.430142
136.2463	-5.474687
135.243	-5.519013
134.2252	-5.560698
133.2381	-5.597565
132.2202	-5.636819
131.2069	-5.672372
130.2333	-5.704072
129.2378	-5.735717
128.2834	-5.761191
127.2973	-5.784495
126.3198	-5.809407
125.3409	-5.83363
124.3101	-5.859756
123.2932	-5.883676
122.2696	-5.903783
121.2466	-5.924183
120.2588	-5.940646
119.2811	-5.9585
118.2889	-5.975083
117.3027	-5.987339
116.3044	-6.000518
115.2937	-6.01102
114.3034	-6.018621
113.2901	-6.029162
112.2856	-6.035501
111.2901	-6.04048
110.2734	-6.045765
109.2788	-6.044844
108.28	-6.042886
107.2983	-6.040756
106.3191	-6.037126
105.332	-6.033273
104.3365	-6.029178
103.3348	-6.023932
102.3298	-6.017372
101.3201	-6.010296
100.3298	-6.004924
99.33167	-5.995624
98.34142	-5.985482
97.34016	-5.975921
96.3448	-5.96158
95.34048	-5.947368
94.32117	-5.934975
93.32376	-5.922032
92.30399	-5.908135
91.29693	-5.8942
90.28577	-5.877601
89.29909	-5.856685
88.28961	-5.835432
87.28744	-5.814789
86.31109	-5.793661
85.29311	-5.773112
84.29108	-5.755189
83.28754	-5.734562
82.27506	-5.712321
81.26649	-5.69198
80.26903	-5.668478
79.28759	-5.644173
78.30577	-5.619493
77.32635	-5.592349
76.33264	-5.563925
75.32081	-5.537255
74.31042	-5.512507
73.29733	-5.488994
72.29844	-5.465206
71.30502	-5.441352
70.30311	-5.414477
69.31507	-5.383375
68.31579	-5.354455
67.30668	-5.325785
66.30061	-5.297557
65.29501	-5.273679
64.29872	-5.247308
63.30542	-5.219495
62.32153	-5.191986
61.32147	-5.163023
60.30217	-5.134811
59.3105	-5.103889
58.30012	-5.073433
57.32634	-5.042296
56.34062	-5.009763
55.34171	-4.981863
54.32977	-4.955393
53.30843	-4.928388
52.30884	-4.901928
51.30088	-4.872744
50.32927	-4.836679
49.31834	-4.80414
48.32651	-4.774501
47.34024	-4.74799
46.33267	-4.727782
45.34218	-4.704623
44.33294	-4.678967
43.33548	-4.652364
42.33547	-4.624653
41.32811	-4.596626
40.32724	-4.568491
39.29038	-4.537436
38.28917	-4.509295
37.30429	-4.480254
36.31493	-4.452513
35.32754	-4.427476
34.31762	-4.399536
33.29314	-4.372367
32.28242	-4.344705
31.2945	-4.314123
30.30115	-4.283791
29.30642	-4.256732
28.29869	-4.229718
27.30795	-4.205601
26.31233	-4.183807
25.32815	-4.155959
24.34098	-4.12895
23.32751	-4.101511
22.32714	-4.073105
21.33365	-4.048193
20.33683	-4.023864
19.33879	-3.99809
18.3595	-3.970191
17.35388	-3.943846
16.37159	-3.916986
15.37359	-3.890539
14.35055	-3.867247
13.37071	-3.842067
12.37945	-3.815681
11.38785	-3.793953
10.40224	-3.770144
9.378507	-3.748964
8.36144	-3.729271
7.347597	-3.706956
6.350821	-3.68431
5.375199	-3.658609
4.388527	-3.633744
3.402868	-3.609816
2.422444	-3.58766
1.418738	-3.568769
0.407671	-3.54669
-0.570593	-3.523488
-1.553327	-3.498038
-2.523747	-3.474585
-3.484861	-3.453252
-4.465402	-3.432377
-5.479078	-3.411995
-6.482684	-3.388944
-7.469174	-3.366963
-8.479344	-3.346105
-9.4942	-3.326915
-10.48865	-3.306881
-11.50005	-3.288126
-12.50017	-3.268125
-13.46063	-3.246898
-14.459	-3.229209
-15.48111	-3.210567
-16.48878	-3.191079
-17.50987	-3.172151
-18.53985	-3.151375
-19.53247	-3.12781
-20.52358	-3.107213
-21.54331	-3.086259
-22.52589	-3.063741
-23.51459	-3.038568
-24.51253	-3.014448
-25.49719	-2.99499
-26.48408	-2.978302
-27.48102	-2.968554
-28.49806	-2.956533
-29.48734	-2.942227
-30.51296	-2.927349
-31.50734	-2.91047
-32.47677	-2.893696
-33.4887	-2.876584
-34.47296	-2.858868
-35.48838	-2.843686
-36.48745	-2.828537
-37.48998	-2.812759
-38.49432	-2.79799
-39.49548	-2.780032
-40.51763	-2.76254
-41.51727	-2.744974
-42.51903	-2.72809
-43.51338	-2.713688
-44.51486	-2.699513
-45.50633	-2.685606
-46.51102	-2.671652
-47.5229	-2.656579
-48.51627	-2.642581
-49.52787	-2.62793
-50.51268	-2.611661
-51.49056	-2.595533
-52.46436	-2.578279
-53.45502	-2.562971
-54.46828	-2.549726
-55.48368	-2.536787
-56.51122	-2.524794
-57.51838	-2.511474
-58.49644	-2.49689
-59.49413	-2.482892
-60.50685	-2.468235
-61.51266	-2.453528
-62.54789	-2.440865
-63.54587	-2.427243
-64.52367	-2.414074
-65.51817	-2.402583
-66.50858	-2.390016
-67.53063	-2.378345
-68.56036	-2.366148
-69.56287	-2.352803
-70.56213	-2.338951
-71.53927	-2.324068
-72.50969	-2.310496
-73.51361	-2.297858
-74.48636	-2.285082
-75.48978	-2.276173
-76.4902	-2.265587
-77.47701	-2.253178
-78.50279	-2.242219
-79.49558	-2.227322
-80.50901	-2.213672
-81.50357	-2.202866
-82.49161	-2.193201
-83.50471	-2.184305
-84.50227	-2.176019
-85.5283	-2.166562
-86.54897	-2.156017
-87.54552	-2.145073
-88.5553	-2.133065
-89.52603	-2.120428
-90.49522	-2.106555
-91.49151	-2.094131
-92.50248	-2.083224
-93.50107	-2.073591
-94.53456	-2.065482
-95.54514	-2.057043
-96.53024	-2.046831
-97.5112	-2.035586
-98.4759	-2.023369
-99.44613	-2.012292
-100.445	-2.003248
-101.4667	-1.995419
-102.4721	-1.988526
-103.4861	-1.980713
-104.4577	-1.971613
-105.4465	-1.963459
-106.445	-1.954826
-107.46	-1.947069
-108.4914	-1.938982
-109.4997	-1.928233
-110.5214	-1.918864
-111.5138	-1.906939
-112.5168	-1.897947
-113.5416	-1.889217
-114.551	-1.879512
-115.5589	-1.872677
-116.547	-1.863019
-117.5552	-1.856221
-118.5474	-1.850573
-119.5446	-1.842456
-120.5512	-1.837984
-121.547	-1.829855
-122.5465	-1.818141
-123.5414	-1.811183
-124.5508	-1.803206
-125.5467	-1.795444
-126.5467	-1.791325
-127.5581	-1.781656
-128.548	-1.773435
-129.5179	-1.76714
-130.5114	-1.761222
-131.4832	-1.75718
-132.4809	-1.749803
-133.4919	-1.741828
-134.4884	-1.731835
-135.5106	-1.7234
-136.5064	-1.716712
-137.513	-1.712221
-138.516	-1.708763
-139.5152	-1.705338
-140.527	-1.70104
-141.5279	-1.694841
-142.5327	-1.689533
-143.5396	-1.683058
-144.5297	-1.676629
-145.5458	-1.669847
-146.5494	-1.662972
-147.5412	-1.655626
-148.5503	-1.647913
-149.5182	-1.640974
-150.5091	-1.636128
-151.4939	-1.631447
-152.4899	-1.625855
-153.4801	-1.619612
-154.4483	-1.612215
-155.4441	-1.607484
-156.4368	-1.605281
-157.4575	-1.603338
-158.5111	-1.600707
-159.5394	-1.595867
-160.5309	-1.591825
-161.5373	-1.588673
-162.5159	-1.585631
-163.5055	-1.582797
-164.5266	-1.578736
-165.5237	-1.574862
-166.5004	-1.570472
-167.4772	-1.566692
-168.4627	-1.563018
-169.4792	-1.55908
-170.5134	-1.556201
-171.5484	-1.551316
-172.565	-1.54588
-173.5499	-1.543045
-174.5507	-1.540992
-175.5339	-1.540906
-176.5315	-1.542231
-177.5136	-1.541201
-178.49	-1.539088
-179.4845	-1.536374
-180.4461	-1.534549
-181.4518	-1.533793
-182.4552	-1.532687
-183.4491	-1.531707
-184.4675	-1.530521
-185.4762	-1.5284
-186.465	-1.526413
-187.4699	-1.526648
-188.4685	-1.524999
-189.4768	-1.523402
-190.5014	-1.52151
-191.5226	-1.518074
-192.5294	-1.516792
-193.5051	-1.517571
-194.4907	-1.52005
-195.468	-1.522732
-196.4541	-1.524408
-197.4682	-1.524979
-198.4552	-1.525668
-199.0226	-1.500354
-199.1047	-1.467552
-198.6605	-1.427197
-197.7429	-1.377986
-196.7369	-1.348858
-195.7323	-1.319214
-194.7215	-1.292117
-193.7252	-1.268465
-192.7392	-1.246394
-191.7309	-1.228106
-190.7471	-1.209093
-189.7365	-1.191096
-188.7412	-1.173762
-187.7637	-1.154791
-186.7519	-1.136867
-185.7786	-1.118794
-184.7694	-1.09909
-183.7591	-1.082764
-182.7741	-1.066403
-181.7532	-1.051418
-180.7581	-1.04003
-179.759	-1.026453
-178.7611	-1.014708
-177.7643	-1.00102
-176.7576	-0.985759
-175.7661	-0.971813
-174.7763	-0.956235
-173.7755	-0.941586
-172.7723	-0.928428
-171.7664	-0.916005
-170.7618	-0.90373
-169.774	-0.890049
-168.7746	-0.87709
-167.7639	-0.864787
-166.7629	-0.855333
-165.7545	-0.847419
-164.7574	-0.836908
-163.7451	-0.8272
-162.7372	-0.816572
-161.7252	-0.805683
-160.7256	-0.795598
-159.752	-0.785322
-158.7519	-0.774546
-157.743	-0.762754
-156.7258	-0.751511
-155.716	-0.741337
-154.7069	-0.732282
-153.7395	-0.726343
-152.7632	-0.719778
-151.7566	-0.710121
-150.7762	-0.700752
-149.7499	-0.691314
-148.7661	-0.683013
-147.769	-0.675667
-146.7816	-0.669024
-145.8155	-0.660654
-144.783	-0.650921
-143.7542	-0.642189
-142.7296	-0.632821
-141.7089	-0.623841
-140.739	-0.616954
-139.7848	-0.61039
-138.7979	-0.60207
-137.7981	-0.596282
-136.7841	-0.587565
-135.7628	-0.578294
-134.7514	-0.571111
-133.7297	-0.562112
-132.7142	-0.553892
-131.7137	-0.546533
-130.7077	-0.537431
-129.7358	-0.529914
-128.7541	-0.524782
-127.7888	-0.518719
-126.8007	-0.512882
-125.8041	-0.506343
-124.8116	-0.498437
-123.7892	-0.49139
-122.7821	-0.483605
-121.784	-0.476675
-120.7806	-0.47232
-119.7895	-0.463849
-118.7978	-0.458055
-117.7898	-0.451163
-116.7693	-0.443897
-115.766	-0.440223
-114.7748	-0.435108
-113.7799	-0.429488
-112.778	-0.421493
-111.7584	-0.414146
-110.7369	-0.408259
-109.7093	-0.403279
-108.7138	-0.399829
-107.7164	-0.394513
-106.7249	-0.385324
-105.7368	-0.37863
-104.7193	-0.37159
-103.7078	-0.367163
-102.7014	-0.366329
-101.6927	-0.36283
-100.7114	-0.360063
-99.73606	-0.354913
-98.72647	-0.348832
-97.74715	-0.342288
-96.75482	-0.335099
-95.75554	-0.327764
-94.78398	-0.318896
-93.76616	-0.311999
-92.76879	-0.308043
-91.76861	-0.304313
-90.74822	-0.30195
-89.7624	-0.299939
-88.74897	-0.294491
-87.74101	-0.289424
-86.75455	-0.285679
-85.74995	-0.278893
-84.75788	-0.272253
-83.75282	-0.266419
-82.74689	-0.258343
-81.73302	-0.251873
-80.73362	-0.246037
-79.74777	-0.24205
-78.74983	-0.238792
-77.76526	-0.235167
-76.77169	-0.231913
-75.78683	-0.226622
-74.79887	-0.220163
-73.78136	-0.214814
-72.78167	-0.208467
-71.75684	-0.202201
-70.74184	-0.199265
-69.76144	-0.192669
-68.77148	-0.186352
-67.76482	-0.180891
-66.77583	-0.176144
-65.78694	-0.173793
-64.77647	-0.1708
-63.77777	-0.167565
-62.78239	-0.161333
-61.76387	-0.154527
-60.75216	-0.148708
-59.74284	-0.144315
-58.73804	-0.139757
-57.73978	-0.135804
-56.73882	-0.129453
-55.74281	-0.122389
-54.71279	-0.118085
-53.70044	-0.115716
-52.70757	-0.113948
-51.71643	-0.110624
-50.73692	-0.10635
-49.75595	-0.101311
-48.74615	-0.096708
-47.74271	-0.093096
-46.74089	-0.088663
-45.71258	-0.082816
-44.73795	-0.077588
-43.74909	-0.071123
-42.74259	-0.064461
-41.75972	-0.059996
-40.74271	-0.056286
-39.74984	-0.053548
-38.7495	-0.051093
-37.76823	-0.0461
-36.76913	-0.040739
-35.76648	-0.035355
-34.80077	-0.028849
-33.77451	-0.023617
-32.78724	-0.018916
-31.77669	-0.012172
-30.73961	-0.007492
-29.73853	-0.002311
-28.71505	0.001298
-27.73724	0.003109
-26.74204	0.006822
-25.77037	0.011349
-24.78769	0.018031
-23.76795	0.025327
-22.77926	0.030595
-21.75601	0.035796
-20.73852	0.04121
-19.76376	0.046435
-18.76516	0.054286
-17.7837	0.059067
-16.78372	0.064294
-15.7546	0.068559
-14.75266	0.071322
-13.74134	0.077184
-12.75176	0.081169
-11.75012	0.086388
-10.73383	0.090229
-9.728812	0.092897
-8.726319	0.097451
-7.735194	0.103227
-6.734512	0.111687
-5.725904	0.120087
-4.726403	0.127048
-3.724575	0.130303
-2.746244	0.132331
-1.786343	0.134934
-0.814062	0.138672
0.151821	0.143503
1.128257	0.149737
2.127277	0.155421
3.120879	0.159303
4.11488	0.165539
5.116525	0.172023
6.099791	0.176242
7.085167	0.183011
8.095586	0.188089
9.104427	0.190906
10.11574	0.196952
11.11862	0.201621
12.11166	0.206998
13.07172	0.211564
14.06237	0.216982
15.06252	0.223558
16.0618	0.229014
17.09778	0.23639
18.09675	0.245216
19.10365	0.250713
20.09956	0.257588
21.10157	0.26568
22.08859	0.26786
23.07594	0.272992
24.07393	0.280093
25.05318	0.283008
26.05997	0.291972
27.058	0.298251
28.07611	0.302567
29.06486	0.310081
30.04941	0.313098
31.04848	0.320256
32.03151	0.328588
33.03269	0.334165
34.05141	0.343247
35.05979	0.34915
36.05759	0.353181
37.07523	0.361544
38.07325	0.366807
39.06243	0.373795
40.06273	0.381517
41.05552	0.38768
42.06567	0.396706
43.07909	0.406413
44.09993	0.414696
45.10539	0.422224
46.11849	0.429486
47.14699	0.436469
48.13058	0.443831
49.11766	0.451813
50.11501	0.461414
51.08434	0.468075
52.08121	0.476888
53.09491	0.486839
54.0682	0.494332
55.05389	0.504549
56.03613	0.514051
57.02199	0.52284
58.03415	0.532005
59.04548	0.541467
60.06783	0.550776
61.09318	0.559636
62.07867	0.569095
63.07269	0.580554
64.05399	0.592668
65.04169	0.605377
66.05274	0.618641
67.05983	0.628867
68.07069	0.642126
69.06792	0.654601
70.04763	0.665857
71.058	0.67889
72.06074	0.689027
73.05338	0.702477
74.0567	0.718735
75.04675	0.733709
76.04964	0.751037
77.04442	0.765803
78.0512	0.778856
79.05199	0.794929
80.03738	0.811215
81.01746	0.828882
82.02486	0.847048
83.00237	0.864131
84.00906	0.880996
85.03197	0.900305
86.02045	0.921264
87.03018	0.942408
88.03782	0.962518
89.03546	0.980843
90.04897	1.000412
91.04826	1.021525
92.03825	1.046416
93.04292	1.073699
94.02147	1.099638
95.02488	1.125664
96.03399	1.150602
97.04667	1.174212
98.08801	1.200687
99.0993	1.226945
100.0952	1.254764
101.0976	1.284901
102.0819	1.314446
103.0729	1.347988
104.0825	1.381941
105.0741	1.415772
106.0682	1.450472
107.0766	1.484688
108.0727	1.517418
109.0767	1.552011
110.078	1.589374
111.0773	1.628984
112.0692	1.67038
113.0536	1.713998
114.047	1.758789
115.0348	1.800158
116.0242	1.844949
117.0448	1.890828
118.0353	1.936211
119.0263	1.984294
120.0356	2.033037
121.0157	2.080589
122.0156	2.131225
123.045	2.185323
124.0598	2.242256
125.0697	2.299863
126.0822	2.357249
127.072	2.414919
128.0402	2.467713
129.0416	2.525558
130.0427	2.590394
131.0237	2.653178
132.0217	2.720639
133.0137	2.789389
133.9987	2.853318
135.0149	2.92308
136.0262	2.997007
137.0116	3.069604
138.0066	3.143091
138.9906	3.215575
139.9975	3.288025
140.9969	3.362022
142.0024	3.441931
143.015	3.527011
144.0154	3.610251
145.0464	3.694899
146.0527	3.779812
147.0476	3.862278
148.0352	3.947751
149.0237	4.03846
150.0318	4.127944
151.0373	4.218036
152.0488	4.310155
153.0407	4.402228
154.0442	4.497257
155.047	4.59352
156.0535	4.691917
157.0582	4.786863
158.0465	4.879164
159.0434	4.974425
160.0298	5.069533
161.024	5.167472
162.0437	5.274102
163.0402	5.381761
164.0606	5.487832
165.0763	5.595413
166.0495	5.696611
167.0464	5.797173
168.0312	5.899025
169.02	5.99888
170.0096	6.102606
171.0072	6.206552
171.9809	6.311716
172.9595	6.419423
173.9667	6.527026
174.9768	6.636271
175.9955	6.745618
177.0161	6.852314
178.0151	6.957794
179.0009	7.057558
179.9978	7.159166
180.9928	7.26287
182.0024	7.362985
183.012	7.468442
184.0077	7.572345
184.9987	7.673126
185.9899	7.775668
186.9728	7.877535
187.9832	7.980171
188.9897	8.081622
190.0036	8.180041
191.0153	8.276305
192.014	8.369827
193.014	8.466497
193.9991	8.567132
195.0028	8.661681
196.0136	8.754261
197.0114	8.843245
198.0383	8.924722
199.0317	9.007265
200.047	9.090233
201.0714	9.170123
202.0671	9.250782
203.069	9.331145
204.0511	9.40744
205.0258	9.482152
206.0176	9.55509
207.0456	9.627561
208.0345	9.692503
209.0351	9.75436
210.0369	9.817327
211.0065	9.873137
212.0029	9.93374
213.0198	9.998312
214.0236	10.05733
215.0436	10.116262
216.0474	10.171172
217.0483	10.218507
218.0207	10.262673
218.9954	10.303706
220.0034	10.342777
220.99	10.378597
221.9932	10.413454
223.0013	10.452127
223.9993	10.488221
224.9963	10.52506
226.0197	10.563099
227.0277	10.590384
228.0067	10.610925
229.0235	10.629889
230.0086	10.643364
230.9982	10.658411
232.011	10.675508
232.9956	10.688886
233.9981	10.700294
234.9968	10.708683
235.9861	10.714971
236.9799	10.719206
237.9518	10.718408
238.9735	10.71911
239.9891	10.716288
240.9931	10.710318
242.0172	10.709551
243.0152	10.703187
244.024	10.696091
245.0307	10.688579
246.0291	10.672794
247.0092	10.657061
247.9804	10.638252
248.9558	10.617046
249.9581	10.597012
250.9604	10.575541
251.9842	10.556878
252.9972	10.537008
253.999	10.513658
255.0098	10.489347
255.9837	10.458189
256.9868	10.426127
257.9969	10.3942
258.9902	10.357943
259.9977	10.323756
261.0031	10.289954
261.9915	10.254316
262.9873	10.223684
264.0112	10.192216
265.0124	10.157337
266.0251	10.122105
267.0301	10.082412
268.0114	10.042568
268.9837	10.001945
269.9786	9.960601
270.9731	9.920004
271.9702	9.877662
272.9913	9.838294
273.9947	9.799408
274.989	9.760027
276.0051	9.720705
277.0126	9.679765
278.0113	9.634538
279.0163	9.590852
280.0076	9.549281
281.003	9.504648
281.9786	9.46209
282.9769	9.419888
283.973	9.375455
284.9759	9.33387
285.9859	9.29299
286.9732	9.250888
287.9615	9.208138
288.9308	9.16524
289.9279	9.124246
290.9415	9.080987
291.9626	9.041519
292.9872	9.001639
293.9908	8.958987
294.9802	8.918029
295.9831	8.875212
296.9745	8.833105
297.9571	8.791399
298.9722	8.750793
299.9541	8.710984
300.9613	8.671893
301.9767	8.633903
302.988	8.598858
304.0213	8.562042
305.0368	8.524194
306.0629	8.487583
307.0548	8.446535
308.0369	8.406264
309.0142	8.367908
309.9854	8.329103
310.9896	8.292423
311.9779	8.257873
312.9886	8.224671
314.0054	8.190604
314.9894	8.157339
316.0058	8.124553
317.0276	8.089443
318.0136	8.056551
319.0202	8.022845
320.0159	7.987974
320.9849	7.954405
321.9781	7.921511
322.9745	7.888431
323.972	7.859852
324.9724	7.832274
325.9762	7.804468
326.9916	7.776315
327.9975	7.744393
329.0106	7.712816
330.0075	7.682683
330.9924	7.653473
331.9766	7.624195
332.9518	7.594138
333.9474	7.565036
334.9497	7.538612
335.9558	7.512256
336.9528	7.485435
337.9624	7.458259
338.9493	7.429637
339.9445	7.403642
340.9709	7.38043
341.9601	7.354865
342.9637	7.331718
343.9703	7.307506
344.9512	7.281061
345.952	7.256765
346.9539	7.231824
347.9626	7.209414
348.9839	7.187122
350.0084	7.164385
351.0015	7.142181
352.0001	7.117968
352.9896	7.094034
353.9964	7.07422
355.0214	7.053102
356.0287	7.032132
357.0323	7.011212
358.0122	6.986598
359.0034	6.964167
360.0054	6.942823
361.0136	6.923259
362.007	6.905007
362.9728	6.884322
363.9421	6.864164
364.9224	6.843824
365.9259	6.824847
366.979	6.809015
367.9934	6.791592
369.0065	6.773906
375         6.68
380         6.58
385         6.50
390         6.41
395         6.32
400 		6.24
405         6.19
410         6.12
415         6.07
420         6.01 
430         5.88
440         5.76
450         5.67
460         5.58
470         5.48
480         5.4
490         5.3
500         5.22
510         5.13
520         5.06
525         5.04
535         4.99 
550         4.92
560         4.88
570         4.85
600.9344	4.783027
601.9453	4.779298
602.949	4.774186
603.9442	4.769957
604.9221	4.766576
605.9373	4.761619
606.9393	4.756824
607.9469	4.752596
608.963	4.748545
609.9706	4.745471
610.9724	4.742075
611.9683	4.73901
612.9814	4.736526
613.9517	4.732517
614.9464	4.729107
615.9492	4.726091
616.9293	4.722306
617.9251	4.719781
618.9255	4.715527
619.9277	4.710472
620.9346	4.705922
621.9496	4.702638
622.964	4.701466
623.9678	4.700625
624.9727	4.69935
625.9648	4.696734
626.9457	4.691286
627.915	4.687801
628.8959	4.684611
629.8806	4.681877
630.8741	4.679878
631.9011	4.677324
632.9141	4.67313
633.929	4.669325
634.9398	4.668709
635.9486	4.668154
636.9678	4.665774
637.9369	4.663469
638.9252	4.659703
639.8849	4.655188
640.851	4.654119
641.8718	4.652203
642.8734	4.650523
643.8688	4.647454
644.8754	4.64499
645.8651	4.643744
646.8705	4.642057
647.8965	4.642168
648.9104	4.641207
649.9207	4.638112
650.9162	4.636065
651.9039	4.633386
652.9044	4.632342
653.9207	4.632463
654.9307	4.632484
655.9301	4.631326
656.9139	4.629412
657.8945	4.627228
658.8759	4.623604
659.8794	4.62314
660.8858	4.622686
661.9085	4.622734
662.9218	4.623926
663.9452	4.622653
664.9369	4.621755
665.9364	4.622429
666.9163	4.620739
667.8995	4.621063
668.9109	4.620945
669.8745	4.618953
670.8804	4.619293
671.8691	4.618472
672.8671	4.619367
673.8876	4.621748
674.8906	4.622602
675.9003	4.622483
676.8885	4.621441
677.8868	4.62132
678.8823	4.623904
679.8777	4.626399
680.8856	4.627606
681.8838	4.626952
682.8888	4.625113
683.8799	4.625746
684.8778	4.626035
685.8714	4.627921
686.8907	4.630311
687.9138	4.629915
688.9213	4.631026
689.9352	4.631951
690.9063	4.633638
691.8605	4.636652
692.8467	4.638469
693.8456	4.637678
694.8671	4.63686
695.8876	4.636611
696.9119	4.637094
697.8937	4.639968
698.4672	4.609242
698.5707	4.566143
698.1206	4.514345
697.1868	4.455124
696.1854	4.422354
695.1841	4.394488
694.2075	4.370836
693.2365	4.350328
692.2465	4.331227
691.2549	4.315834
690.2731	4.300906
689.2651	4.284953
688.2558	4.269489
687.2376	4.254913
686.2014	4.240687
685.2111	4.227769
684.2124	4.216504
683.2214	4.204556
682.235	4.192712
681.2307	4.182398
680.2485	4.173701
679.2533	4.164111
678.2472	4.157021
677.2642	4.149426
676.2469	4.140732
675.2397	4.133927
674.2519	4.126477
673.26	4.117705
672.2639	4.108117
671.2573	4.100038
670.2484	4.09155
669.2397	4.083881
668.2312	4.078058
667.2573	4.071362
666.27	4.065871
665.2878	4.062088
664.3237	4.056847
663.3334	4.05112
662.3348	4.045434
661.3126	4.039268
660.2963	4.033272
659.2556	4.027326
658.2435	4.021816
657.2582	4.016864
656.2579	4.012849
655.2721	4.008092
654.2807	4.003117
653.2653	3.99705
652.2653	3.990529
651.2691	3.98559
650.2653	3.98098
649.2482	3.975562
648.2509	3.971325
647.2286	3.967923
646.2201	3.964343
645.2396	3.962898
644.2413	3.959421
643.2628	3.955289
642.2691	3.95059
641.2473	3.944524
640.2377	3.940949
639.2419	3.937359
638.2574	3.936201
637.2982	3.93444
636.3052	3.930101
635.2916	3.924065
634.2826	3.916828
633.2769	3.910694
632.278	3.906276
631.2798	3.90337
630.2812	3.899252
629.272	3.896477
628.2556	3.892871
627.2628	3.891143
626.2632	3.889307
625.262	3.885606
624.2614	3.883133
623.264	3.878522
622.25	3.874339
621.2647	3.87035
620.2777	3.868316
619.2866	3.867718
618.3038	3.864716
617.2892	3.862672
616.2979	3.857222
615.2892	3.849486
614.3176	3.845404
613.3325	3.839262
612.3344	3.836831
611.3333	3.833982
610.3118	3.831028
609.3051	3.82808
608.2819	3.82398
607.2817	3.822923
606.2739	3.821262
605.265	3.820804
604.2833	3.817683
603.2829	3.815008
602.2778	3.81214
601.27	3.810541
600.2745	3.809396
599.2706	3.806359
598.2681	3.801022
597.2958	3.796192
596.2977	3.791489
595.3045	3.78627
594.3149	3.784682
593.2728	3.780557
592.2661	3.778689
591.2571	3.776255
590.2435	3.772698
589.2668	3.77129
588.2657	3.768357
587.2712	3.766245
586.2622	3.763078
585.2704	3.758418
584.2601	3.754393
583.2491	3.750949
582.2628	3.748435
581.2572	3.748083
580.26	3.7458
579.2748	3.743494
578.2662	3.741197
577.2472	3.736504
576.2571	3.73486
575.2506	3.732811
574.2776	3.730017
573.3019	3.727833
572.2891	3.724311
571.3007	3.719897
570.2861	3.716319
569.2703	3.712558
568.2754	3.709682
567.2554	3.707763
566.2493	3.70621
565.2538	3.705797
564.2717	3.703424
563.2885	3.700778
562.3051	3.697736
561.3177	3.693554
560.3035	3.690219
559.314	3.687529
558.2859	3.683904
557.2664	3.680732
556.2617	3.679385
555.2604	3.676732
554.2706	3.67537
553.2784	3.674779
552.2874	3.672056
551.2521	3.669336
550.2501	3.666644
549.2592	3.662594
548.2591	3.658977
547.2628	3.657289
546.2574	3.654658
545.2431	3.652388
544.2424	3.649246
543.2603	3.645627
542.2793	3.64157
541.2791	3.637345
540.2582	3.634944
539.2544	3.630918
538.2418	3.629027
537.2485	3.627134
536.2811	3.625668
535.2911	3.624769
534.296	3.622382
533.3063	3.619686
532.3016	3.615693
531.3003	3.611611
530.3018	3.608766
529.2885	3.605967
528.2725	3.604991
527.2705	3.605922
526.2881	3.604076
525.2905	3.602731
524.3035	3.59873
523.3195	3.593904
522.3168	3.590238
521.3124	3.585669
520.3013	3.58173
519.2894	3.577876
518.2737	3.574926
517.2844	3.573525
516.2998	3.572816
515.2874	3.571034
514.3049	3.568899
513.317	3.566594
512.3103	3.562344
511.3316	3.558781
510.3179	3.556666
509.3195	3.55448
508.3168	3.553083
507.3175	3.551617
506.3271	3.546829
505.3105	3.542156
504.3102	3.538901
503.2889	3.534787
502.2723	3.532477
501.266	3.529677
500.2572	3.525367
499.2613	3.522658
498.2587	3.520361
497.267	3.517706
496.2646	3.515427
495.2621	3.51223
494.2697	3.50887
493.2699	3.506223
492.2774	3.503238
491.2765	3.502037
490.2685	3.50084
489.2769	3.497344
488.2572	3.494076
487.2686	3.488334
486.2979	3.482278
485.3185	3.477603
484.342	3.472379
483.3473	3.468813
482.3289	3.464458
481.2959	3.460903
480.2966	3.458618
479.2788	3.455804
478.2648	3.452723
477.2612	3.450322
476.2646	3.446814
475.2773	3.44328
474.2989	3.440088
473.302	3.436673
472.3042	3.432978
471.3004	3.429084
470.2935	3.42517
469.3107	3.421807
468.3024	3.416731
467.3019	3.412097
466.3167	3.408667
465.3093	3.402161
464.3055	3.398363
463.3083	3.395873
462.2975	3.390234
461.2853	3.388409
460.2991	3.384014
459.3204	3.378691
458.3241	3.375357
457.331	3.369816
456.3181	3.365859
455.2887	3.362109
454.2854	3.360228
453.289	3.360221
452.2946	3.357055
451.2987	3.354462
450.2875	3.348846
449.2776	3.341971
448.2694	3.339085
447.2794	3.335148
446.299	3.331715
445.3113	3.329991
444.3149	3.329756
443.3163	3.32712
442.2839	3.325778
441.2798	3.321481
440.2911	3.316304
439.2683	3.311377
438.2907	3.306589
437.2907	3.304892
436.3078	3.300802
435.3214	3.298418
434.3517	3.296579
433.3732	3.29137
432.3626	3.287301
431.3614	3.284111
430.322	3.279656
429.3088	3.277923
428.3047	3.276158
427.3248	3.275271
426.3581	3.274496
425.362	3.272837
424.3716	3.272709
423.3703	3.269718
422.3578	3.267491
421.3589	3.264563
420.3491	3.259497
419.3413	3.256705
418.3421	3.255149
417.337	3.254574
416.3363	3.253987
415.3566	3.251905
414.3663	3.248702
413.3771	3.244433
412.3705	3.240556
411.3648	3.237894
410.3547	3.233947
409.3477	3.23147
408.3604	3.230218
407.3497	3.228379
406.345	3.227088
405.3545	3.226808
404.3546	3.225058
403.3607	3.222741
402.3642	3.220921
401.3587	3.21529
400.3494	3.213591
399.351	3.21265
398.3423	3.212274
397.342	3.213154
396.351	3.209477
395.347	3.205328
394.3557	3.200384
393.3525	3.196454
392.3499	3.194166
391.3302	3.191767
390.3143	3.189953
389.3326	3.188141
388.3231	3.185527
387.3371	3.185058
386.3569	3.183775
385.3264	3.180811
384.3526	3.179775
383.3657	3.176045
382.3715	3.172314
381.3918	3.171345
380.3602	3.170714
379.3312	3.169645
378.3252	3.168162
377.316	3.165179
376.3452	3.160572
375.3486	3.156394
374.3288	3.153231
373.3298	3.151368
372.3172	3.14852
371.325	3.14606
370.338	3.144365
369.3317	3.140013
368.3109	3.137155
367.3175	3.135221
366.3093	3.132483
365.3211	3.131416
364.3234	3.129711
363.3347	3.127802
362.3516	3.126397
361.3425	3.125088
360.3683	3.123356
359.3673	3.119418
358.3546	3.114925
357.3541	3.110019
356.352	3.104626
355.333	3.100342
354.3436	3.096677
353.338	3.09299
352.331	3.089821
351.3321	3.087809
350.3228	3.085035
349.3184	3.081858
348.314	3.079219
347.3199	3.075833
346.3069	3.071938
345.3206	3.068857
344.3264	3.065097
343.3235	3.060743
342.3419	3.056458
341.3428	3.053148
340.3265	3.049116
339.307	3.045479
338.3043	3.042718
337.2928	3.038584
336.299	3.036043
335.3086	3.035353
334.3088	3.03389
333.3255	3.032215
332.3466	3.029274
331.3657	3.023493
330.3708	3.015388
329.3519	3.006176
328.3337	2.99815
327.3176	2.990698
326.3099	2.986583
325.322	2.983165
324.3319	2.97722
323.3622	2.971484
322.3599	2.963566
321.3654	2.955355
320.3619	2.949033
319.3616	2.943365
318.3742	2.937804
317.3806	2.933283
316.3698	2.928801
315.3475	2.924041
314.3376	2.919744
313.3161	2.914439
312.3229	2.908891
311.329	2.90034
310.3358	2.891754
309.3409	2.883663
308.3441	2.874899
307.3434	2.869093
306.3665	2.863858
305.4057	2.855119
304.3929	2.844594
303.387	2.832738
302.3583	2.819283
301.3223	2.810393
300.337	2.802969
299.3439	2.796946
298.3375	2.790551
297.3304	2.782951
296.3194	2.777204
295.3212	2.765382
294.3232	2.756736
293.3478	2.748242
292.3323	2.73524
291.3278	2.726272
290.3257	2.713747
289.2954	2.700543
288.3015	2.69018
287.3004	2.678997
286.3118	2.668868
285.3167	2.657556
284.3205	2.644378
283.312	2.630571
282.3007	2.614981
281.3203	2.59856
280.3412	2.583541
279.3694	2.568243
278.3861	2.552569
277.3802	2.536653
276.3643	2.518558
275.3472	2.502037
274.3416	2.48572
273.3221	2.468545
272.3331	2.453116
271.3367	2.436034
270.3303	2.418933
269.3512	2.401614
268.3682	2.3822
267.3594	2.361397
266.348	2.340092
265.333	2.317041
264.3072	2.294701
263.3084	2.272832
262.3259	2.251569
261.3411	2.233124
260.3499	2.210706
259.3487	2.188244
258.359	2.164779
257.359	2.137451
256.363	2.111942
255.3568	2.085716
254.3631	2.056362
253.3581	2.029179
252.3659	2.001325
251.3777	1.971832
250.3559	1.942193
249.3631	1.910238
248.3591	1.878098
247.34	1.841852
246.3331	1.804292
245.3277	1.770225
244.3091	1.732518
243.3273	1.699212
242.3482	1.668886
241.3477	1.631681
240.3555	1.596291
239.3472	1.559064
238.3327	1.518371
237.3182	1.478816
236.3164	1.436993
235.3235	1.394129
234.3197	1.351156
233.3221	1.308099
232.3263	1.265388
231.3152	1.220561
230.3298	1.174515
229.358	1.128491
228.3549	1.077952
227.3535	1.023612
226.3285	0.967408
225.3027	0.906668
224.3094	0.849001
223.329	0.796401
222.3523	0.746043
221.3657	0.69695
220.3568	0.645453
219.3391	0.591147
218.3373	0.532953
217.3385	0.472488
216.3537	0.412907
215.3688	0.352062
214.3723	0.290322
213.3671	0.230079
212.3569	0.166253
211.3754	0.100986
210.3937	0.036448
209.4026	-0.031662
208.4054	-0.099667
207.3915	-0.169019
206.3802	-0.240242
205.3938	-0.309526
204.4015	-0.378912
203.414	-0.448758
202.4226	-0.518339

