-599.5247 -4.017172
-599.2786 -4.001844
-598.7783 -3.975627
-598.0396 -3.943375
-597.0253 -3.900086
-596.0195 -3.86332
-595.0317 -3.830002
-594.0213 -3.792515
-593.0393 -3.756916
-592.0314 -3.723401
-591.0376 -3.691087
-590.0545 -3.661688
-589.0461 -3.634136
-588.0679 -3.606639
-587.0548 -3.57649
-586.038 -3.544225
-585.0429 -3.512698
-584.0554 -3.480962
-583.0526 -3.450628
-582.0742 -3.422909
-581.0857 -3.393576
-580.0604 -3.362466
-579.0669 -3.33191
-578.0743 -3.303985
-577.0944 -3.277015
-576.0979 -3.251621
-575.0934 -3.225182
-574.0683 -3.196686
-573.0394 -3.167542
-572.0636 -3.140423
-571.0751 -3.11454
-570.078 -3.087844
-569.0889 -3.061924
-568.0752 -3.032686
-567.063 -3.003027
-566.053 -2.977004
-565.0433 -2.951264
-564.0291 -2.927862
-563.0261 -2.905465
-562.0293 -2.880531
-561.0413 -2.855721
-560.0577 -2.830523
-559.0508 -2.805478
-558.0784 -2.780436
-557.0518 -2.753877
-556.0424 -2.729003
-555.0701 -2.702959
-554.0421 -2.677324
-553.0278 -2.65464
-552.0476 -2.632263
-551.0381 -2.611109
-550.0458 -2.58992
-549.0886 -2.567217
-548.0868 -2.54372
-547.0773 -2.518825
-546.0842 -2.493745
-545.0757 -2.469033
-544.0505 -2.444653
-543.0803 -2.422304
-542.0992 -2.399794
-541.0883 -2.378025
-540.1026 -2.358647
-539.0881 -2.339462
-538.0858 -2.321175
-537.1226 -2.30249
-536.1503 -2.28213
-535.1482 -2.260915
-534.143 -2.239908
-533.1372 -2.218726
-532.114 -2.198058
-531.1199 -2.178016
-530.1062 -2.154703
-529.1007 -2.134325
-528.0985 -2.115038
-527.0833 -2.09764
-526.0983 -2.08417
-525.0812 -2.068176
-524.0875 -2.050608
-523.1008 -2.031653
-522.0847 -2.0138
-521.0786 -1.997564
-520.0911 -1.982337
-519.0974 -1.967089
-518.0991 -1.949356
-517.1101 -1.930787
-516.0737 -1.91419
-515.0356 -1.898675
-514.0165 -1.884666
-512.995 -1.872227
-512.0229 -1.857901
-511.0435 -1.843401
-510.0671 -1.829703
-509.0641 -1.814727
-508.0608 -1.800792
-507.0732 -1.786248
-506.0656 -1.7718
-505.0964 -1.759021
-504.0783 -1.746011
-503.0648 -1.733182
-502.0652 -1.722265
-501.0602 -1.710165
-500.0872 -1.698625
-499.1008 -1.687788
-498.1147 -1.675391
-497.1274 -1.662455
-496.0964 -1.648365
-495.1093 -1.636436
-494.1009 -1.62425
-493.083 -1.612655
-492.0975 -1.601093
-491.0897 -1.588927
-490.0917 -1.577924
-489.1045 -1.56982
-488.112 -1.56282
-487.1147 -1.553512
-486.1382 -1.544509
-485.1524 -1.532405
-484.1509 -1.520245
-483.16 -1.50993
-482.1332 -1.500205
-481.118 -1.491424
-480.1368 -1.48025
-479.1397 -1.469309
-478.1469 -1.45871
-477.1371 -1.449078
-476.1302 -1.442836
-475.1192 -1.436989
-474.1223 -1.428792
-473.139 -1.419486
-472.1409 -1.410429
-471.1416 -1.39972
-470.154 -1.390345
-469.1474 -1.381796
-468.1617 -1.37074
-467.1531 -1.360327
-466.1286 -1.350698
-465.1145 -1.341554
-464.0551 -1.333153
-463.0603 -1.327221
-462.0795 -1.319883
-461.0823 -1.310545
-460.1276 -1.302911
-459.152 -1.292582
-458.1538 -1.281718
-457.1609 -1.271917
-456.1482 -1.261541
-455.1335 -1.24971
-454.1448 -1.239645
-453.15 -1.228781
-452.1661 -1.218353
-451.1461 -1.208947
-450.1414 -1.198749
-449.1508 -1.188324
-448.1598 -1.177228
-447.1893 -1.165767
-446.1842 -1.151066
-445.1706 -1.137588
-444.1666 -1.126122
-443.1797 -1.117876
-442.1617 -1.105651
-441.1871 -1.094296
-440.1514 -1.080543
-439.115 -1.064204
-438.1331 -1.054601
-437.1188 -1.041754
-436.1351 -1.028225
-435.1447 -1.012879
-434.1426 -.9965483
-433.1345 -.9809639
-432.1418 -.9650142
-431.1439 -.9508958
-430.1514 -.9338785
-429.1523 -.9149507
-428.1778 -.8983902
-427.1787 -.8808711
-426.1494 -.8647181
-425.1522 -.8499084
-424.1257 -.830865
-423.1179 -.8108441
-422.1258 -.7915649
-421.1208 -.7705773
-420.1252 -.7496103
-419.1233 -.7279149
-418.1253 -.7039121
-417.1245 -.6792194
-416.0966 -.6552516
-415.0901 -.6316631
-414.1078 -.6073559
-413.0787 -.5821918
-412.0994 -.557769
-411.1024 -.5317361
-410.0804 -.504642
-409.1184 -.4786095
-408.1184 -.4487317
-407.1094 -.4163727
-406.1191 -.3852962
-405.1145 -.3525593
-404.1049 -.3200235
-403.127 -.2877051
-402.1323 -.2549966
-401.1283 -.22104
-400.1339 -.1848792
-399.1324 -.1494285
-398.1248 -.1121449
-397.1336 -7.011988E-02
-396.1498 -3.061763E-02
-395.1334 1.215727E-02
-394.1384 5.761546E-02
-393.1454 9.883345E-02
-392.1529 .1452762
-391.1604 .1930257
-390.1676 .238179
-389.1586 .2863878
-388.1481 .3339319
-387.1517 .383759
-386.1544 .4364956
-385.1664 .4892732
-384.1611 .5454881
-383.174 .5995208
-382.1813 .6545931
-381.1559 .7148234
-380.1663 .7730076
-379.1774 .8362394
-378.1525 .9023598
-377.1811 .9652805
-376.17 1.031954
-375.1511 1.098256
-374.1692 1.165866
-373.1732 1.237371
-372.1888 1.306309
-371.2037 1.377695
-370.2264 1.450244
-369.2208 1.525531
-368.2184 1.606979
-367.2043 1.690085
-366.1843 1.77363
-365.1727 1.859195
-364.1534 1.941767
-363.1598 2.02727
-362.136 2.115898
-361.1475 2.202558
-360.1617 2.294415
-359.1511 2.385548
-358.1857 2.477245
-357.1815 2.575766
-356.1943 2.675318
-355.1929 2.777329
-354.1784 2.880495
-353.1799 2.980416
-352.1767 3.080925
-351.2037 3.180968
-350.2223 3.284653
-349.2154 3.3966
-348.226 3.506353
-347.2136 3.622337
-346.2071 3.740376
-345.222 3.853405
-344.2071 3.972165
-343.2061 4.091234
-342.1947 4.20809
-341.1922 4.329445
-340.1984 4.448949
-339.1969 4.568323
-338.2023 4.690443
-337.2064 4.817378
-336.2003 4.951114
-335.2045 5.080135
-334.2032 5.210408
-333.1872 5.341375
-332.2076 5.460767
-331.2267 5.588013
-330.2131 5.720771
-329.236 5.849582
-328.2245 5.987777
-327.2006 6.127006
-326.2251 6.260609
-325.2141 6.397207
-324.2131 6.536563
-323.2016 6.676549
-322.1895 6.811973
-321.1844 6.944454
-320.2001 7.077197
-319.2158 7.206463
-318.2267 7.344016
-317.2166 7.494657
-316.2148 7.635418
-315.2252 7.778068
-314.2249 7.920635
-313.2516 8.050112
-312.2292 8.184505
-311.226 8.322041
-310.2047 8.45573
-309.1953 8.588489
-308.1956 8.721233
-307.1928 8.848335
-306.2082 8.976933
-305.2083 9.106446
-304.1969 9.244314
-303.2237 9.372323
-302.2312 9.497446
-301.2361 9.628036
-300.275 9.741425
-299.2504 9.866185
-298.2473 9.99635
-297.2354 10.11859
-296.2174 10.24854
-295.2126 10.37122
-294.2139 10.48115
-293.2348 10.59714
-292.2405 10.70465
-291.256 10.81594
-290.2418 10.93114
-289.241 11.03769
-288.2386 11.15151
-287.2224 11.25603
-286.2318 11.35776
-285.2189 11.46741
-284.2058 11.55986
-283.2105 11.6533
-282.2226 11.74969
-281.2388 11.83189
-280.2624 11.92251
-279.2487 12.01497
-278.2494 12.09736
-277.2413 12.17688
-276.2383 12.24778
-275.2784 12.31441
-274.2884 12.38153
-273.2981 12.44998
-272.2863 12.53276
-271.2699 12.60522
-270.2508 12.67247
-269.2306 12.73866
-268.242 12.78367
-267.238 12.83077
-266.2317 12.88261
-265.2292 12.92023
-264.2195 12.96054
-263.2368 12.9986
-262.2476 13.02986
-261.2747 13.07149
-260.2922 13.11001
-259.2394 13.14768
-258.2254 13.17286
-257.2173 13.1803
-256.2296 13.18326
-255.269 13.17721
-254.2766 13.17614
-253.2717 13.18709
-252.2385 13.18586
-251.235 13.18541
-250.2357 13.18122
-249.2332 13.15998
-248.2361 13.14709
-247.2298 13.12748
-246.2376 13.09879
-245.2432 13.07079
-244.2679 13.0321
-243.2904 12.99117
-242.3019 12.953
-241.3056 12.91276
-240.2714 12.87649
-239.2509 12.82907
-238.2368 12.77372
-237.2182 12.71614
-236.2549 12.64314
-235.2595 12.57691
-234.2479 12.51458
-233.2457 12.43884
-232.2081 12.37162
-231.1948 12.29883
-230.2172 12.21181
-229.2357 12.13116
-228.2473 12.04162
-227.2734 11.94763
-226.2754 11.85142
-225.3001 11.74989
-224.3237 11.6523
-223.3173 11.55016
-222.3204 11.45674
-221.2803 11.37042
-220.2638 11.27071
-219.2608 11.17291
-218.2297 11.06853
-217.2566 10.94714
-216.2472 10.83839
-215.2483 10.73052
-214.2722 10.61713
-213.2558 10.51031
-212.2654 10.39945
-211.2499 10.289
-210.2359 10.18174
-209.2098 10.07563
-208.1887 9.971891
-207.1963 9.854341
-206.2019 9.735613
-205.2106 9.621783
-204.242 9.500701
-203.2636 9.394074
-202.2554 9.294477
-201.2743 9.183645
-200.2731 9.078758
-199.2581 8.973478
-198.2667 8.863333
-197.2721 8.759933
-196.2878 8.657744
-195.2653 8.560271
-194.2547 8.461582
-193.2406 8.364499
-192.2308 8.274117
-191.2448 8.179113
-190.2435 8.089886
-189.2393 8.006395
-188.223 7.912287
-187.235 7.820005
-186.2465 7.732268
-185.2851 7.639674
-184.276 7.559266
-183.2812 7.482452
-182.2879 7.406299
-181.2445 7.331414
-180.2706 7.252891
-179.2608 7.176194
-178.2639 7.098236
-177.3058 7.021547
-176.2966 6.951858
-175.3262 6.878277
-174.3448 6.806697
-173.3357 6.74283
-172.3391 6.675076
-171.3221 6.614592
-170.2739 6.557356
-169.2801 6.494501
-168.3063 6.433542
-167.3114 6.369253
-166.3465 6.306331
-165.3417 6.249832
-164.3192 6.192826
-163.3147 6.1398
-162.2979 6.085351
-161.3132 6.026627
-160.3139 5.973817
-159.3031 5.921308
-158.2957 5.871558
-157.267 5.823759
-156.261 5.77115
-155.2639 5.720492
-154.2843 5.671445
-153.2931 5.623786
-152.3067 5.579869
-151.3261 5.536237
-150.3336 5.490493
-149.3206 5.446735
-148.331 5.40054
-147.3366 5.358674
-146.3244 5.317119
-145.3416 5.278198
-144.3143 5.243743
-143.305 5.203336
-142.3317 5.161406
-141.3192 5.124187
-140.3452 5.083535
-139.3473 5.048063
-138.3329 5.016665
-137.3654 4.977969
-136.353 4.94587
-135.3375 4.912574
-134.3429 4.877191
-133.3224 4.845218
-132.3228 4.809554
-131.3171 4.774986
-130.3029 4.741987
-129.3366 4.708986
-128.3302 4.682853
-127.3444 4.65388
-126.3466 4.6243
-125.3295 4.596755
-124.3453 4.564533
-123.3644 4.534109
-122.389 4.506303
-121.3919 4.474604
-120.3853 4.447818
-119.3707 4.422192
-118.3627 4.397247
-117.3443 4.376209
-116.3281 4.350631
-115.3428 4.325417
-114.3337 4.299869
-113.3503 4.272697
-112.3633 4.24633
-111.3585 4.220624
-110.3745 4.196646
-109.3547 4.175454
-108.352 4.152689
-107.3332 4.136105
-106.2856 4.117665
-105.2771 4.095086
-104.2545 4.075705
-103.2393 4.052036
-102.2799 4.029367
-101.2761 4.009844
-100.304 3.99037
-99.33525 3.96998
-98.3457 3.950392
-97.3872 3.931638
-96.38266 3.915826
-95.37144 3.898957
-94.34896 3.8838
-93.31224 3.870063
-92.3204 3.848473
-91.33618 3.83306
-90.34383 3.819051
-89.37138 3.79996
-88.36122 3.788822
-87.35223 3.775508
-86.34077 3.7582
-85.32858 3.745106
-84.32056 3.73171
-83.33779 3.716765
-82.35888 3.70313
-81.36314 3.690766
-80.37198 3.679936
-79.35825 3.667966
-78.34702 3.661687
-77.32696 3.654223
-76.33932 3.64052
-75.32874 3.631217
-74.33727 3.621148
-73.37517 3.608343
-72.36514 3.602187
-71.38447 3.595097
-70.40367 3.584565
-69.37302 3.580228
-68.37937 3.576248
-67.35991 3.573565
-66.35079 3.570011
-65.35993 3.562253
-64.35017 3.555001
-63.37633 3.544417
-62.36946 3.538014
-61.35647 3.536388
-60.34869 3.529913
-59.32973 3.52785
-58.31323 3.529518
-57.3448 3.530005
-56.33781 3.534653
-55.31743 3.538248
-54.30715 3.533758
-53.28033 3.52669
-52.2858 3.518647
-51.29645 3.509432
-50.33573 3.502845
-49.34881 3.498514
-48.36869 3.498469
-47.38068 3.497552
-46.35722 3.499252
-45.35915 3.503193
-44.36664 3.500995
-43.37884 3.501385
-42.37349 3.501493
-41.37806 3.500576
-40.36096 3.50318
-39.35031 3.503719
-38.38148 3.504089
-37.36408 3.504601
-36.37013 3.505469
-35.36601 3.507717
-34.34849 3.507443
-33.35049 3.502976
-32.35077 3.498117
-31.34814 3.490927
-30.3423 3.484418
-29.33909 3.483441
-28.347 3.479624
-27.34958 3.476274
-26.34296 3.473786
-25.35315 3.46471
-24.35549 3.460086
-23.36275 3.456522
-22.36875 3.450532
-21.38163 3.449715
-20.37415 3.445555
-19.36747 3.441656
-18.38083 3.440737
-17.37638 3.440642
-16.38904 3.442724
-15.40234 3.440443
-14.37917 3.435368
-13.36847 3.427149
-12.3709 3.41604
-11.36689 3.411002
-10.36927 3.408996
-9.374667 3.406163
-8.365578 3.407117
-7.342994 3.406962
-6.341747 3.404617
-5.328121 3.406055
-4.31107 3.401427
-3.347348 3.391528
-2.38527 3.384096
-1.431185 3.374653
-.9210317 3.26599
-.8900725 3.133255
-1.320759 2.984087
-2.244882 2.814473
-3.220021 2.732402
-4.182714 2.664992
-5.18072 2.604716
-6.180155 2.554227
-7.187832 2.511752
-8.222763 2.472303
-9.255501 2.434129
-10.24365 2.402372
-11.27484 2.37026
-12.25321 2.340552
-13.2092 2.314719
-14.21899 2.282618
-15.19491 2.254388
-16.19538 2.228902
-17.21838 2.20302
-18.22358 2.182929
-19.21209 2.163069
-20.22472 2.143568
-21.23258 2.122519
-22.23238 2.100801
-23.2288 2.080306
-24.22406 2.059482
-25.19614 2.041347
-26.1717 2.026114
-27.19272 2.003827
-28.18948 1.986652
-29.21422 1.968749
-30.24812 1.947939
-31.22732 1.937548
-32.21323 1.925575
-33.19091 1.910538
-34.1769 1.89641
-35.18079 1.878645
-36.17809 1.860972
-37.19333 1.844208
-38.21176 1.828723
-39.21173 1.815296
-40.22448 1.798513
-41.21715 1.785791
-42.19435 1.776598
-43.20295 1.762946
-44.19007 1.753352
-45.19745 1.742659
-46.21226 1.726757
-47.20977 1.712475
-48.19917 1.698122
-49.19084 1.684654
-50.18117 1.675186
-51.17867 1.667374
-52.18361 1.656931
-53.18165 1.64169
-54.17298 1.622909
-55.17808 1.607049
-56.19117 1.590997
-57.21078 1.577732
-58.22388 1.569236
-59.22344 1.555264
-60.23524 1.544581
-61.22192 1.535897
-62.23129 1.525497
-63.2224 1.51813
-64.19048 1.510483
-65.1955 1.498638
-66.16655 1.486025
-67.1772 1.470084
-68.2117 1.457139
-69.2188 1.448501
-70.25163 1.438916
-71.24389 1.432701
-72.21657 1.418942
-73.20493 1.403318
-74.18761 1.390627
-75.19431 1.374531
-76.22617 1.363027
-77.21774 1.352128
-78.21722 1.335912
-79.20921 1.324723
-80.17555 1.312945
-81.19624 1.300777
-82.17844 1.294579
-83.17799 1.285966
-84.17234 1.277819
-85.15434 1.268395
-86.16535 1.256604
-87.15691 1.246841
-88.17833 1.237111
-89.1777 1.22871
-90.17596 1.21918
-91.17529 1.204
-92.17345 1.189933
-93.16648 1.17547
-94.17859 1.159824
-95.17091 1.149614
-96.16849 1.138353
-97.18315 1.123598
-98.17391 1.112632
-99.19441 1.099753
-100.1804 1.087201
-101.164 1.078031
-102.1482 1.068114
-103.1075 1.056959
-104.1064 1.042256
-105.1248 1.027856
-106.1416 1.013413
-107.1745 .9987351
-108.1906 .9866513
-109.1766 .9742908
-110.1881 .9565277
-111.1901 .9412495
-112.1921 .9254251
-113.1954 .9090216
-114.1726 .8957254
-115.156 .8804524
-116.1643 .8632488
-117.1546 .8434185
-118.1746 .8229072
-119.1793 .8049628
-120.1783 .7848089
-121.1871 .7685775
-122.1924 .7564934
-123.1984 .7359629
-124.1857 .7181535
-125.1849 .6993625
-126.1691 .6751069
-127.1715 .6543444
-128.1597 .6335076
-129.1624 .6074587
-130.1735 .58078
-131.1804 .554134
-132.184 .5288311
-133.1767 .5035445
-134.1685 .4790316
-135.1476 .4549432
-136.1552 .4226184
-137.1669 .3904152
-138.1715 .3611768
-139.1891 .3268434
-140.1867 .2975472
-141.1679 .2714115
-142.1381 .2349721
-143.1295 .2003399
-144.1432 .1619364
-145.158 .1193885
-146.1727 8.040527E-02
-147.1884 3.836546E-02
-148.1678 -2.270733E-03
-149.1615 -4.714903E-02
-150.1729 -9.356636E-02
-151.1647 -.1363079
-152.1815 -.1805943
-153.1737 -.2253933
-154.1606 -.2659976
-155.1664 -.3213033
-156.1444 -.3758167
-157.156 -.4330073
-158.1877 -.4977454
-159.1873 -.5519434
-160.18 -.6110553
-161.1763 -.6692965
-162.1357 -.7245283
-163.1235 -.7904986
-164.1566 -.8505996
-165.1659 -.9172106
-166.1816 -.9863835
-167.1539 -1.056068
-168.1481 -1.138037
-169.1601 -1.215852
-170.1777 -1.29185
-171.2065 -1.371182
-172.1962 -1.440877
-173.1908 -1.514044
-174.1591 -1.599219
-175.157 -1.680732
-176.1554 -1.771901
-177.1411 -1.869751
-178.1617 -1.960464
-179.1494 -2.052779
-180.1367 -2.145526
-181.1357 -2.237836
-182.1185 -2.337328
-183.1382 -2.437464
-184.1404 -2.546451
-185.1242 -2.65381
-186.1387 -2.755615
-187.1517 -2.876948
-188.1666 -2.992433
-189.1792 -3.10687
-190.1525 -3.230853
-191.1275 -3.338827
-192.1114 -3.441463
-193.0897 -3.558627
-194.0921 -3.677013
-195.0755 -3.801396
-196.0709 -3.935108
-197.0935 -4.069178
-198.1044 -4.198142
-199.1054 -4.320839
-200.1022 -4.455224
-201.1017 -4.583127
-202.0938 -4.705913
-203.0988 -4.847234
-204.1034 -4.977263
-205.065 -5.105109
-206.0604 -5.253536
-207.0647 -5.401227
-208.0697 -5.552645
-209.0998 -5.710022
-210.1107 -5.857291
-211.1105 -5.996926
-212.1064 -6.130796
-213.1147 -6.26981
-214.1338 -6.412827
-215.1114 -6.550703
-216.1093 -6.701598
-217.0919 -6.849679
-218.0612 -6.987611
-219.0723 -7.145026
-220.0774 -7.29963
-221.0845 -7.447279
-222.0976 -7.601651
-223.1099 -7.742231
-224.1162 -7.876687
-225.1128 -8.018379
-226.1218 -8.160622
-227.1399 -8.312641
-228.1466 -8.461765
-229.1537 -8.605668
-230.1378 -8.748653
-231.1195 -8.874004
-232.0811 -9.008088
-233.0643 -9.145597
-234.056 -9.27574
-235.0446 -9.420206
-236.0824 -9.559095
-237.0931 -9.693474
-238.1054 -9.84101
-239.1432 -9.977408
-240.1362 -10.11286
-241.1216 -10.24589
-242.1085 -10.35909
-243.0687 -10.47196
-244.0397 -10.58676
-245.0493 -10.70538
-246.0527 -10.83645
-247.0683 -10.96805
-248.0999 -11.0978
-249.111 -11.21756
-250.1133 -11.32328
-251.0952 -11.43462
-252.0798 -11.53294
-253.0625 -11.62835
-254.0615 -11.73442
-255.0649 -11.82473
-256.0407 -11.91798
-257.0297 -12.02709
-258.0137 -12.13157
-259.0065 -12.24249
-260.036 -12.35333
-261.0553 -12.44888
-262.0723 -12.53382
-263.0732 -12.60584
-264.063 -12.68527
-265.0582 -12.7635
-266.046 -12.83796
-267.0457 -12.93121
-268.0494 -13.00943
-269.0437 -13.07483
-270.0616 -13.15785
-271.0767 -13.22269
-272.0852 -13.28107
-273.1106 -13.34853
-274.107 -13.40093
-275.0899 -13.45212
-276.0867 -13.50817
-277.0552 -13.57042
-278.0635 -13.63145
-279.0794 -13.68134
-280.0683 -13.73307
-281.0737 -13.76915
-282.0528 -13.78611
-283.048 -13.822
-284.0519 -13.8558
-285.0749 -13.88739
-286.1066 -13.93847
-287.1192 -13.97876
-288.129 -14.01078
-289.1035 -14.044
-290.0744 -14.07075
-291.0695 -14.08908
-292.0573 -14.1001
-293.0679 -14.10894
-294.0705 -14.11556
-295.0484 -14.11819
-296.0547 -14.13371
-297.0676 -14.1545
-298.0607 -14.165
-299.0886 -14.18155
-300.089 -14.18751
-301.0585 -14.17544
-302.0655 -14.17318
-303.0457 -14.16545
-304.0177 -14.15548
-305.0179 -14.14915
-306.0221 -14.13273
-307.0117 -14.11666
-308.0307 -14.10054
-309.0433 -14.08789
-310.0376 -14.08023
-311.0562 -14.06103
-312.0469 -14.0453
-313.0527 -14.02267
-314.0497 -13.99158
-315.0516 -13.96744
-316.0703 -13.93975
-317.0588 -13.90262
-318.0575 -13.87446
-319.0604 -13.8348
-320.0364 -13.78905
-321.0502 -13.75398
-322.0569 -13.71561
-323.0681 -13.68302
-324.0928 -13.64433
-325.0991 -13.60018
-326.096 -13.55042
-327.0574 -13.48704
-328.0465 -13.43332
-329.0484 -13.37875
-330.0327 -13.31869
-331.0395 -13.27139
-332.0449 -13.21897
-333.0153 -13.15954
-334.0293 -13.11049
-335.0276 -13.05494
-336.0211 -12.99684
-337.0259 -12.93747
-338.0291 -12.87272
-339.0295 -12.80552
-340.0224 -12.7366
-341.0292 -12.67261
-342.0318 -12.6124
-343.0253 -12.54773
-344.0252 -12.48413
-345.0185 -12.41791
-346.0076 -12.3391
-347.0154 -12.26778
-348.0036 -12.19499
-348.9984 -12.12196
-350.0074 -12.0557
-351.0133 -11.98372
-352.0316 -11.91278
-353.0513 -11.842
-354.043 -11.7691
-355.0548 -11.69685
-356.0497 -11.62041
-357.0329 -11.53901
-358.0168 -11.45811
-358.9914 -11.37531
-359.9695 -11.29938
-360.9866 -11.2274
-361.9962 -11.1558
-362.9856 -11.08729
-364.0342 -11.01108
-365.0143 -10.93114
-366.0216 -10.8523
-367.0363 -10.77065
-368.015 -10.6922
-369.0203 -10.61778
-370.0256 -10.54051
-371.0306 -10.4633
-372.0176 -10.38836
-373.0283 -10.3128
-374.0324 -10.24023
-375.0439 -10.16493
-376.0567 -10.08862
-377.0535 -10.00914
-378.0288 -9.927049
-379.0084 -9.851246
-379.9981 -9.773799
-380.9886 -9.699364
-381.9994 -9.629251
-383.0031 -9.554012
-384.007 -9.47622
-385.0111 -9.400984
-386.0034 -9.324371
-386.9982 -9.252737
-387.9866 -9.184113
-388.9752 -9.114569
-389.9753 -9.045176
-390.9789 -8.97324
-391.9934 -8.905453
-393.0095 -8.837094
-394.0162 -8.767375
-395.0164 -8.699751
-396.0079 -8.628489
-396.9944 -8.556234
-397.9933 -8.489031
-398.994 -8.42072
-399.9918 -8.354166
-400.9867 -8.290411
-401.9819 -8.223548
-402.9499 -8.156539
-403.9458 -8.090867
-404.9388 -8.027725
-405.9387 -7.967292
-406.9408 -7.908008
-407.9333 -7.849945
-408.9177 -7.789423
-409.8866 -7.728262
-410.9001 -7.671506
-411.912 -7.612558
-412.9264 -7.555031
-413.9678 -7.49933
-414.9812 -7.439744
-415.9726 -7.381788
-416.9832 -7.324382
-417.9793 -7.267833
-418.9654 -7.213126
-419.9781 -7.159024
-420.9749 -7.105797
-421.9546 -7.050427
-422.9749 -6.996417
-423.9711 -6.946525
-424.9744 -6.897099
-425.985 -6.849907
-426.973 -6.802434
-427.9798 -6.752271
-428.9688 -6.703026
-429.9736 -6.654889
-430.9822 -6.607714
-431.9737 -6.562083
-433.0024 -6.51719
-434.0057 -6.472208
-434.997 -6.427941
-435.9869 -6.38226
-436.957 -6.337615
-437.9311 -6.294409
-438.9461 -6.250623
-439.9516 -6.209294
-440.9732 -6.168792
-441.9972 -6.127056
-442.9899 -6.087379
-443.983 -6.04932
-444.9693 -6.010281
-445.9546 -5.973821
-446.946 -5.935209
-447.9524 -5.896295
-448.9337 -5.858882
-449.9464 -5.821673
-450.9677 -5.787265
-451.9725 -5.752522
-452.9919 -5.718498
-453.9746 -5.685269
-454.9515 -5.651344
-455.9501 -5.618943
-456.9527 -5.584678
-457.9523 -5.549368
-458.9544 -5.517611
-459.9411 -5.485146
-460.9189 -5.457149
-461.9324 -5.431152
-462.9294 -5.403114
-463.9404 -5.376435
-464.9647 -5.348181
-465.9656 -5.318945
-466.9625 -5.290627
-467.9659 -5.262877
-468.9672 -5.236514
-469.9657 -5.209937
-470.9895 -5.183497
-471.9992 -5.158495
-472.9947 -5.133846
-473.9801 -5.111559
-474.978 -5.09011
-475.9525 -5.068642
-476.949 -5.043861
-477.9812 -5.019234
-478.9578 -4.996285
-479.9498 -4.974295
-480.9685 -4.95583
-481.9673 -4.939169
-482.9577 -4.921551
-483.9771 -4.902984
-484.9538 -4.884483
-485.9421 -4.86536
-486.9526 -4.847836
-487.9478 -4.83127
-488.9493 -4.814833
-489.9328 -4.799459
-490.9482 -4.783754
-491.9409 -4.767213
-492.9178 -4.751429
-493.9051 -4.737177
-494.8961 -4.721697
-495.8989 -4.707726
-496.9141 -4.694941
-497.9434 -4.681238
-498.9264 -4.670086
-499.9365 -4.660399
-500.9355 -4.651484
-501.927 -4.641811
-502.9271 -4.63188
-503.912 -4.621305
-504.9126 -4.61017
-505.8888 -4.600924
-506.8947 -4.593878
-507.8918 -4.586941
-508.8834 -4.579871
-509.9047 -4.574048
-510.902 -4.56527
-511.8837 -4.557391
-512.8727 -4.550811
-513.862 -4.544026
-514.8678 -4.540289
-515.9009 -4.53658
-516.9096 -4.534128
-517.9233 -4.531915
-518.9166 -4.528861
-519.9105 -4.527087
-520.9337 -4.525462
-521.9172 -4.521349
-522.917 -4.518363
-523.9105 -4.516018
-524.895 -4.511747
-525.8972 -4.51194
-526.9183 -4.512878
-527.917 -4.512757
-528.9373 -4.514826
-529.936 -4.51624
-530.9326 -4.515399
-531.9457 -4.514894
-532.9467 -4.515042
-533.9557 -4.516249
-534.9583 -4.519263
-535.9515 -4.524505
-536.9294 -4.52947
-537.9254 -4.532358
-538.9248 -4.536887
-539.9492 -4.539906
-540.9429 -4.542618
-541.9586 -4.545025
-542.9471 -4.546445
-543.931 -4.548157
-544.9442 -4.550686
-545.9415 -4.555116
-546.9421 -4.56029
-547.9269 -4.565875
-548.9438 -4.571444
-549.9229 -4.576055
-550.9077 -4.578373
-551.9193 -4.582945
-552.9123 -4.588525
-553.9208 -4.594638
-554.9347 -4.603489
-555.9289 -4.610144
-556.905 -4.616167
-557.9049 -4.623491
-558.8997 -4.628953
-559.8876 -4.634548
-560.8979 -4.6397
-561.9205 -4.642877
-562.9174 -4.64741
-563.9243 -4.65181
-564.9241 -4.657627
-565.9146 -4.665101
-566.9125 -4.672074
-567.9226 -4.679081
-568.9188 -4.682544
-569.8959 -4.684195
-570.9118 -4.686806
-571.9197 -4.691217
-572.918 -4.699168
-573.9343 -4.70798
-574.908 -4.715697
-575.8838 -4.720847
-576.8928 -4.727083
-577.8924 -4.733075
-578.9287 -4.739717
-579.9479 -4.746605
-580.9586 -4.750824
-581.9564 -4.754224
-582.9424 -4.756799
-583.9363 -4.760391
-584.9288 -4.764175
-585.9215 -4.768757
-586.9105 -4.774239
-587.8843 -4.776247
-588.8725 -4.7773
-589.8661 -4.780964
-590.8751 -4.78428
-591.886 -4.790874
-592.8792 -4.798646
-593.8705 -4.803907
-594.8654 -4.80794
-595.8685 -4.810956
-596.8768 -4.814938
-597.8779 -4.81855
-598.4207 -4.790709
-598.491 -4.74687
-598.0782 -4.686111
-597.1355 -4.611144
-596.1422 -4.554377
-595.1439 -4.4999
-594.1198 -4.448976
-593.1445 -4.401123
-592.1512 -4.354368
-591.1389 -4.310457
-588.662 -4.199358
-587.6705 -4.15257
-586.718 -4.102858
-585.6703 -4.060687
-584.6156 -4.019143
-583.6381 -3.984941
-582.623 -3.948836
-581.6615 -3.901791
-580.6233 -3.864671
-579.662 -3.820768
-578.6408 -3.785201
-577.6548 -3.746947
-576.5953 -3.707537
-575.6956 -3.66378
-574.6686 -3.626269
-573.6791 -3.599342
-572.6821 -3.557484
-571.7009 -3.517991
-570.668 -3.488069
-569.7394 -3.45207
-568.6747 -3.413387
-567.6469 -3.375587
-566.6674 -3.343594
-565.6753 -3.312586
-564.5839 -3.279777
-563.612 -3.244534
-562.6281 -3.211217
-561.6339 -3.179927
-560.6604 -3.150493
-559.7006 -3.119805
-558.6089 -3.086222
-557.6415 -3.056119
-556.6461 -3.017237
-555.5612 -2.985105
-554.705 -2.960933
-553.7268 -2.931663
-552.6608 -2.898544
-551.6142 -2.86992
-550.6998 -2.845716
-549.6658 -2.813961
-548.7366 -2.785238
-547.6473 -2.757292
-546.6928 -2.731068
-545.6807 -2.698922
-544.7003 -2.674786
-543.6583 -2.642113
-542.6336 -2.616667
-541.6531 -2.593109
-540.6569 -2.569619
-539.71 -2.533864
-538.665 -2.517325
-537.7368 -2.488289
-536.6975 -2.464032
-535.7195 -2.438394
