-599.7421 -2.693392
-599.5138 -2.686572
-599.0211 -2.67636
-598.2871 -2.663015
-597.3016 -2.64724
-596.2994 -2.635953
-595.2948 -2.626294
-594.2911 -2.61781
-593.2831 -2.609925
-592.2751 -2.602036
-591.2797 -2.593313
-590.2935 -2.58505
-589.2787 -2.575923
-588.286 -2.566996
-587.2982 -2.558547
-586.2797 -2.549963
-585.2916 -2.540887
-584.2875 -2.53179
-583.2771 -2.523378
-582.3074 -2.515191
-581.312 -2.508348
-580.3129 -2.501792
-579.3103 -2.494945
-578.2863 -2.488003
-577.2992 -2.481562
-576.3119 -2.475164
-575.3309 -2.468612
-574.3276 -2.461497
-573.3083 -2.45309
-572.3041 -2.444057
-571.2897 -2.435192
-570.2875 -2.427655
-569.2929 -2.420938
-568.2782 -2.414614
-567.2794 -2.408031
-566.2781 -2.401083
-565.2834 -2.393779
-564.2919 -2.386446
-563.307 -2.37994
-562.3086 -2.372064
-561.3036 -2.364566
-560.2942 -2.356931
-559.2813 -2.348892
-558.3051 -2.34175
-557.3029 -2.334993
-556.3196 -2.329708
-555.3208 -2.323204
-554.3054 -2.317008
-553.3139 -2.310742
-552.3021 -2.302613
-551.3085 -2.294929
-550.3134 -2.287531
-549.3046 -2.279778
-548.3068 -2.27313
-547.2901 -2.26705
-546.3009 -2.258702
-545.3143 -2.252038
-544.3275 -2.245268
-543.3503 -2.239335
-542.3229 -2.234669
-541.2979 -2.228035
-540.3 -2.222082
-539.265 -2.215672
-538.2742 -2.208416
-537.3142 -2.202805
-536.313 -2.196497
-535.3357 -2.189212
-534.3265 -2.181684
-533.3134 -2.17401
-532.311 -2.168048
-531.3212 -2.162425
-530.3496 -2.159048
-529.3375 -2.153521
-528.3169 -2.146835
-527.3107 -2.141537
-526.3102 -2.135092
-525.3068 -2.129551
-524.3122 -2.124465
-523.3068 -2.118589
-522.2952 -2.111389
-521.3049 -2.106204
-520.3046 -2.100219
-519.3063 -2.094201
-518.2964 -2.090932
-517.2834 -2.085088
-516.2773 -2.080127
-515.2537 -2.0753
-514.2302 -2.06993
-513.2482 -2.064572
-512.2506 -2.058983
-511.2726 -2.052693
-510.3078 -2.046804
-509.2768 -2.041901
-508.2964 -2.036896
-507.2857 -2.032644
-506.2711 -2.027559
-505.2942 -2.023281
-504.2742 -2.018614
-503.2841 -2.014066
-502.2922 -2.009556
-501.2895 -2.00369
-500.2856 -1.998549
-499.3048 -1.993468
-498.3045 -1.988308
-497.3088 -1.984241
-496.3172 -1.977621
-495.2971 -1.972837
-494.3021 -1.969502
-493.292 -1.964486
-492.2903 -1.962152
-491.2997 -1.957824
-490.301 -1.952028
-489.3024 -1.947214
-488.3024 -1.942585
-487.3058 -1.938323
-486.3027 -1.934221
-485.3333 -1.930598
-484.3336 -1.925099
-483.338 -1.919239
-482.3405 -1.914916
-481.3204 -1.910622
-480.319 -1.907469
-479.3043 -1.904746
-478.3087 -1.900586
-477.3098 -1.895818
-476.3144 -1.892591
-475.3347 -1.888107
-474.3413 -1.883821
-473.36 -1.880603
-472.3595 -1.875509
-471.3339 -1.871024
-470.3305 -1.86841
-469.3003 -1.863458
-468.3073 -1.85908
-467.3183 -1.855805
-466.3126 -1.851
-465.3167 -1.847515
-464.2976 -1.844063
-463.2851 -1.840454
-462.2803 -1.839005
-461.2669 -1.835783
-460.2828 -1.832045
-459.3025 -1.825666
-458.3089 -1.818277
-457.345 -1.812906
-456.3465 -1.808651
-455.3513 -1.806936
-454.3522 -1.803979
-453.3307 -1.800381
-452.3341 -1.795234
-451.3205 -1.789933
-450.3073 -1.784838
-449.3078 -1.78121
-448.3068 -1.779002
-447.2972 -1.776597
-446.313 -1.772692
-445.2902 -1.768314
-444.2965 -1.764712
-443.3086 -1.761571
-442.3024 -1.760152
-441.3346 -1.758129
-440.3308 -1.754276
-439.3259 -1.749783
-438.3103 -1.74477
-437.3032 -1.740347
-436.2986 -1.73714
-435.291 -1.733927
-434.3024 -1.729712
-433.3039 -1.725413
-432.3095 -1.721498
-431.3135 -1.717835
-430.3191 -1.715806
-429.3236 -1.712905
-428.3232 -1.710193
-427.3289 -1.706344
-426.3232 -1.702267
-425.3051 -1.699511
-424.2956 -1.695142
-423.2888 -1.691885
-422.2955 -1.688679
-421.2932 -1.684563
-420.2863 -1.681289
-419.2647 -1.678188
-418.24 -1.675213
-417.2565 -1.672203
-416.2586 -1.669672
-415.2645 -1.666205
-414.2793 -1.662124
-413.2495 -1.657898
-412.2327 -1.654091
-411.221 -1.649796
-410.2178 -1.646722
-409.2339 -1.64387
-408.2444 -1.639802
-407.2527 -1.637256
-406.2488 -1.633948
-405.2648 -1.631046
-404.2794 -1.629844
-403.2967 -1.626627
-402.2998 -1.623451
-401.2803 -1.620008
-400.261 -1.613737
-399.2568 -1.609405
-398.2454 -1.605967
-397.2415 -1.601798
-396.2601 -1.598397
-395.2697 -1.59516
-394.2754 -1.590997
-393.2957 -1.588656
-392.2994 -1.587322
-391.2891 -1.584416
-390.2966 -1.581391
-389.2917 -1.577557
-388.2896 -1.573956
-387.2935 -1.569634
-386.2934 -1.566828
-385.3041 -1.563584
-384.3056 -1.558696
-383.3043 -1.555034
-382.3214 -1.551006
-381.3127 -1.547443
-380.3095 -1.546703
-379.3251 -1.545396
-378.326 -1.542056
-377.333 -1.539392
-376.3277 -1.53504
-375.3329 -1.530536
-374.3147 -1.527596
-373.3028 -1.524316
-372.3357 -1.519948
-371.3253 -1.516784
-370.3356 -1.51318
-369.3543 -1.508792
-368.3372 -1.50532
-367.3494 -1.503119
-366.3531 -1.499841
-365.3427 -1.496736
-364.3353 -1.494009
-363.3218 -1.488797
-362.2898 -1.484012
-361.2755 -1.480202
-360.2624 -1.475927
-359.2679 -1.472144
-358.2893 -1.469996
-357.2965 -1.466225
-356.3208 -1.46233
-355.3305 -1.459587
-354.3425 -1.455268
-353.3636 -1.45198
-352.3521 -1.447769
-351.3483 -1.443569
-350.3569 -1.438884
-349.3443 -1.433284
-348.3414 -1.429521
-347.3331 -1.425318
-346.3227 -1.420305
-345.336 -1.415595
-344.3488 -1.411862
-343.3478 -1.407494
-342.353 -1.404642
-341.3459 -1.40177
-340.3432 -1.397256
-339.3523 -1.392208
-338.3379 -1.387674
-337.3216 -1.381949
-336.3075 -1.376902
-335.3158 -1.373051
-334.3298 -1.36777
-333.3426 -1.361513
-332.3574 -1.35661
-331.3416 -1.351959
-330.3177 -1.347043
-329.3237 -1.344737
-328.3173 -1.33986
-327.3202 -1.333971
-326.3571 -1.329066
-325.3422 -1.322863
-324.3416 -1.316484
-323.3357 -1.310225
-322.3076 -1.304334
-321.3254 -1.298161
-320.3386 -1.292955
-319.3436 -1.288519
-318.3352 -1.281647
-317.3343 -1.27501
-316.3291 -1.270236
-315.3189 -1.262969
-314.3239 -1.256332
-313.296 -1.250669
-312.2906 -1.241554
-311.294 -1.232908
-310.2775 -1.225001
-309.2952 -1.215647
-308.2954 -1.208229
-307.2998 -1.200683
-306.3314 -1.193497
-305.3283 -1.186952
-304.3149 -1.178384
-303.3178 -1.170818
-302.3237 -1.161881
-301.3026 -1.151052
-300.3229 -1.142843
-299.3277 -1.132223
-298.2993 -1.122076
-297.3027 -1.113287
-296.3038 -1.101799
-295.2997 -1.090846
-294.3229 -1.079824
-293.3579 -1.068867
-292.3559 -1.059197
-291.3488 -1.047849
-290.3452 -1.036893
-289.333 -1.024564
-288.3288 -1.010086
-287.3353 -.9970199
-286.3356 -.9843259
-285.3106 -.9691494
-284.3081 -.957274
-283.318 -.9437091
-282.3259 -.9267121
-281.3476 -.913385
-280.3653 -.8966614
-279.3504 -.880217
-278.336 -.8653374
-277.3468 -.8476697
-276.3362 -.8319938
-275.3499 -.8149352
-274.38 -.7962141
-273.3838 -.7773879
-272.3675 -.7536377
-271.3555 -.7323668
-270.3387 -.7118029
-269.3157 -.6891794
-268.3241 -.6714756
-267.3397 -.6501312
-266.3453 -.6270024
-265.3466 -.6053441
-264.3599 -.5788561
-263.3534 -.5527814
-262.3408 -.5276087
-261.3474 -.4966849
-260.3285 -.4677579
-259.3036 -.4375438
-258.3087 -.4069522
-257.3126 -.3809026
-256.3173 -.3518301
-255.34 -.3245749
-254.3371 -.2945721
-253.3239 -.2595311
-252.3271 -.2280907
-251.3219 -.1914748
-250.3218 -.1532308
-249.3366 -.1189683
-248.3478 -7.914755E-02
-247.3424 -3.948066E-02
-246.3247 -2.483952E-03
-245.3226 3.913663E-02
-244.3156 7.828747E-02
-243.3212 .1175369
-242.345 .1597679
-241.349 .2034351
-240.3383 .251269
-239.3429 .296478
-238.3181 .3428584
-237.3241 .3918827
-236.3359 .4336722
-235.3426 .4837832
-234.3488 .5380263
-233.3259 .586418
-232.3277 .641928
-231.3101 .6955217
-230.3354 .7434302
-229.3401 .7980504
-228.3324 .8532324
-227.3557 .9081135
-226.3337 .963873
-225.3428 1.019129
-224.3524 1.077149
-223.3367 1.134172
-222.3393 1.196485
-221.3268 1.266474
-220.3158 1.328448
-219.3107 1.391903
-218.3038 1.45598
-217.3146 1.508797
-216.3157 1.569387
-215.3237 1.63334
-214.3229 1.695025
-213.3145 1.76235
-212.3138 1.828298
-211.324 1.895823
-210.3339 1.963985
-209.3272 2.032239
-208.306 2.103643
-207.2754 2.164594
-206.2658 2.223287
-205.2641 2.28547
-204.2866 2.339026
-203.2901 2.40083
-202.2991 2.469268
-201.3216 2.529958
-200.3146 2.595837
-199.3165 2.66033
-198.3167 2.718487
-197.2916 2.779884
-196.2866 2.839169
-195.3019 2.901485
-194.2975 2.959912
-193.323 3.014088
-192.3353 3.071164
-191.3453 3.121385
-190.3564 3.175093
-189.3499 3.235545
-188.3523 3.284433
-187.3407 3.333511
-186.3256 3.382505
-185.3163 3.421503
-184.3244 3.470256
-183.3142 3.520774
-182.3143 3.566321
-181.3236 3.611699
-180.3144 3.648859
-179.3386 3.680954
-178.3651 3.711735
-177.3837 3.741668
-176.3802 3.774805
-175.3902 3.802323
-174.386 3.830277
-173.3667 3.861351
-172.3824 3.885661
-171.3628 3.915539
-170.3357 3.944938
-169.3454 3.964217
-168.3291 3.98419
-167.3247 3.99771
-166.3473 4.003117
-165.345 4.013679
-164.3542 4.024505
-163.3589 4.034394
-162.3553 4.045332
-161.3496 4.051239
-160.3394 4.05741
-159.3338 4.059366
-158.324 4.063032
-157.3107 4.068096
-156.3016 4.062806
-155.2862 4.058233
-154.2985 4.051952
-153.314 4.038367
-152.3367 4.031435
-151.3493 4.024545
-150.3486 4.012274
-149.3537 4.003963
-148.3582 3.991976
-147.3715 3.977174
-146.3801 3.964698
-145.3794 3.94939
-144.3616 3.938162
-143.352 3.92108
-142.3552 3.903039
-141.3449 3.88328
-140.3656 3.856546
-139.3711 3.8365
-138.3614 3.817302
-137.3656 3.795325
-136.3475 3.77905
-135.3499 3.760077
-134.333 3.737815
-133.3275 3.718402
-132.3283 3.695234
-131.3231 3.671848
-130.323 3.647066
-129.342 3.619652
-128.3495 3.593724
-127.362 3.566276
-126.3716 3.543916
-125.3486 3.523217
-124.3438 3.498015
-123.3165 3.47577
-122.3292 3.451115
-121.356 3.422843
-120.3664 3.401184
-119.3852 3.378776
-118.3749 3.354621
-117.3698 3.332106
-116.3707 3.306824
-115.3566 3.281223
-114.3626 3.256807
-113.3605 3.233966
-112.3465 3.212603
-111.3389 3.188151
-110.3269 3.165141
-109.3082 3.143076
-108.3033 3.119337
-107.3307 3.100585
-106.3272 3.080827
-105.3288 3.058247
-104.3184 3.036397
-103.2927 3.013839
-102.3064 2.993543
-101.3271 2.973426
-100.332 2.953121
-99.35404 2.931963
-98.34967 2.909225
-97.33397 2.888027
-96.34431 2.868949
-95.32862 2.849394
-94.33553 2.830416
-93.34135 2.812778
-92.34414 2.792905
-91.34454 2.773241
-90.33131 2.754971
-89.33507 2.735111
-88.32829 2.718335
-87.33879 2.702826
-86.32892 2.686951
-85.31538 2.672203
-84.33006 2.656735
-83.33121 2.64209
-82.32772 2.6263
-81.33549 2.611665
-80.30999 2.598078
-79.29093 2.58134
-78.31067 2.565976
-77.30534 2.550997
-76.34325 2.534721
-75.35235 2.522623
-74.33962 2.510912
-73.32953 2.496812
-72.3125 2.485648
-71.34067 2.473739
-70.35572 2.461808
-69.36262 2.451867
-68.35928 2.439789
-67.33184 2.426215
-66.32486 2.412776
-65.3406 2.399143
-64.34267 2.387221
-63.36652 2.376792
-62.37032 2.36675
-61.34534 2.357817
-60.35173 2.347385
-59.3184 2.338096
-58.32461 2.328752
-57.34444 2.32056
-56.32875 2.312705
-55.33883 2.30356
-54.32513 2.294947
-53.3179 2.28459
-52.32476 2.275186
-51.31318 2.267178
-50.33807 2.258986
-49.36076 2.252085
-48.36031 2.246077
-47.37207 2.238934
-46.34328 2.232609
-45.31634 2.226371
-44.31659 2.2187
-43.30898 2.212261
-42.29957 2.20661
-41.29177 2.20039
-40.28358 2.197098
-39.30439 2.193328
-38.32772 2.186685
-37.34012 2.181604
-36.35183 2.174871
-35.32941 2.16887
-34.33254 2.164583
-33.3355 2.160172
-32.32167 2.15668
-31.33163 2.153505
-30.33699 2.15037
-29.3123 2.14693
-28.3235 2.141708
-27.33026 2.138089
-26.30849 2.136009
-25.3241 2.133097
-24.32952 2.132757
-23.3244 2.131347
-22.32827 2.127404
-21.3291 2.125088
-20.31705 2.123042
-19.314 2.121167
-18.32541 2.12079
-17.33806 2.119057
-16.32855 2.117472
-15.31747 2.112819
-14.30203 2.109355
-13.28352 2.10758
-12.28792 2.102418
-11.29788 2.100958
-10.30391 2.1015
-9.312284 2.10124
-8.307946 2.104747
-7.295932 2.108713
-6.291129 2.110978
-5.278034 2.112041
-4.253905 2.111881
-3.286194 2.107152
-2.318549 2.103207
-1.34896 2.100937
-.4054939 2.098888
.5773232 2.099595
1.571141 2.099802
2.582109 2.099656
3.590651 2.099172
4.596783 2.100724
5.614963 2.10183
6.578785 2.101977
7.565956 2.103924
8.572123 2.104621
9.564942 2.105121
10.58454 2.107304
11.57181 2.107993
12.56621 2.10941
13.57206 2.110644
14.55143 2.111196
15.58171 2.112915
16.57928 2.113691
17.5776 2.116312
18.59851 2.120778
19.57051 2.12233
20.56616 2.130059
21.56532 2.130002
22.55278 2.129671
23.56426 2.134349
24.57529 2.151846
25.5619 2.181078
26.56885 2.202199
27.5584 2.207483
28.56147 2.185261
29.54794 2.163359
30.52479 2.149123
31.53947 2.145464
32.51271 2.15191
33.5286 2.160978
34.55077 2.17101
35.54334 2.168664
36.55336 2.15833
37.55103 2.138454
38.54249 2.122454
39.54205 2.12413
40.54738 2.132652
41.55203 2.143837
42.5559 2.151104
43.56322 2.154382
44.57558 2.156066
45.5699 2.15601
46.57458 2.15512
47.57824 2.155653
48.58407 2.155813
49.57919 2.159479
50.58218 2.161434
51.56158 2.161892
52.5266 2.165622
53.53596 2.171112
54.53576 2.175386
55.54002 2.180675
56.54653 2.185086
57.53106 2.183575
58.51632 2.186171
59.50045 2.189652
60.51841 2.192739
61.51293 2.196782
62.52448 2.198975
63.54169 2.20193
64.52343 2.204005
65.54016 2.207825
66.54463 2.212497
67.51913 2.214148
68.53491 2.217968
69.53117 2.220105
70.49036 2.220878
71.49857 2.223432
72.50226 2.225819
73.51579 2.229051
74.53712 2.233045
75.53676 2.237054
76.51128 2.240656
77.47981 2.243946
78.47664 2.246307
79.48804 2.250563
80.47856 2.253946
81.47042 2.256516
82.46706 2.259546
83.46219 2.260053
84.46749 2.262249
85.49872 2.265645
86.52282 2.269241
87.52203 2.273128
88.5517 2.275633
89.53528 2.279561
90.50571 2.283419
91.52463 2.287624
92.51564 2.293638
93.52766 2.296445
94.52885 2.298843
95.51962 2.301788
96.52412 2.303225
97.52821 2.306239
98.56916 2.311265
99.1254 2.27734
99.15994 2.22945
98.70322 2.170129
97.70774 2.099617
96.69414 2.059212
95.70927 2.024217
94.70097 1.991957
93.69667 1.962153
92.68657 1.932936
91.65968 1.906765
90.65569 1.880401
89.64732 1.855706
88.65845 1.832047
87.65963 1.806103
86.6584 1.783212
85.68055 1.761192
84.6692 1.739669
83.66585 1.720591
82.65193 1.701972
81.62872 1.682024
80.62284 1.663506
79.62958 1.645362
78.6597 1.628035
77.66551 1.612606
76.67249 1.597222
75.68906 1.581748
74.686 1.565467
73.70291 1.549072
72.7184 1.533562
71.68932 1.518684
70.67168 1.504643
69.67507 1.491189
68.65396 1.475728
67.65189 1.461034
66.6583 1.448301
65.64875 1.434011
64.65779 1.422732
63.66628 1.410982
62.66201 1.39737
61.66334 1.385404
60.6456 1.372277
59.64289 1.360148
58.64823 1.347871
57.64469 1.337489
56.64521 1.326234
55.65817 1.31398
54.66257 1.302544
53.68431 1.290517
52.69833 1.278505
51.70207 1.26801
50.70467 1.257921
49.69574 1.246105
48.69202 1.23631
47.68755 1.22597
46.6817 1.215745
45.68427 1.206767
44.67728 1.197825
43.68175 1.188816
42.69169 1.179199
41.68007 1.169023
40.69805 1.158698
39.68291 1.14869
38.67555 1.139781
37.69956 1.132227
36.70103 1.123016
35.71718 1.113716
34.70718 1.103935
33.68672 1.092635
32.67617 1.083355
31.67954 1.074214
30.69328 1.064759
29.68386 1.056302
28.68248 1.047292
27.68031 1.039192
26.68349 1.031663
25.70229 1.023968
24.71997 1.01715
23.7286 1.008448
22.72035 .9997405
21.72243 .9918469
20.71517 .9829864
19.70742 .9763706
18.71161 .9711668
17.69378 .9641443
16.69335 .9565064
15.68655 .9464559
14.6881 .9373529
13.6999 .9288414
12.70892 .9206818
11.7003 .9138116
10.70909 .9051161
9.697471 .8968607
8.683811 .8902551
7.686918 .8839201
6.689428 .8782515
5.719373 .872839
4.732651 .8661219
3.745164 .8593796
2.741724 .8520334
1.733083 .8448513
.7337476 .83947
-.2420899 .8338929
-1.20779 .8282054
-2.167326 .8213279
-3.135536 .8124965
-4.124551 .803353
-5.118918 .7953258
-6.108648 .787698
-7.107185 .7820884
-8.097896 .7762691
-9.126744 .7695265
-10.13838 .7638029
-11.14069 .7573316
-12.14715 .7522647
-13.12754 .7472915
-14.13481 .7408922
-15.14461 .7348287
-16.15167 .7283415
-17.14311 .72226
-18.14433 .7176991
-19.12706 .712293
-20.1259 .7062969
-21.16061 .6991103
-22.16046 .6916567
-23.18306 .6845226
-24.18139 .6776269
-25.15566 .6717864
-26.15632 .6671422
-27.13969 .6609855
-28.15466 .655706
-29.16111 .6498992
-30.17995 .6426697
-31.18026 .637768
-32.17139 .6322113
-33.17173 .6277865
-34.15835 .6228581
-35.17165 .6179312
-36.15476 .6126951
-37.13987 .6059322
-38.14396 .5999309
-39.11418 .5932484
-40.1315 .5860677
-41.14044 .5796178
-42.11898 .573285
-43.14868 .56721
-44.13795 .5624703
-45.14482 .5573617
-46.18122 .5521737
-47.17828 .5468478
-48.18341 .5402555
-49.18017 .5336434
-50.15478 .5277912
-51.14202 .5220381
-52.12985 .5164131
-53.14752 .51149
-54.14385 .505258
-55.13351 .4988987
-56.15214 .4922529
-57.14627 .4850952
-58.14898 .4789772
-59.18418 .4709859
-60.18689 .4645168
-61.18965 .4578911
-62.21751 .4499356
-63.18456 .4452714
-64.17703 .4398569
-65.1695 .4336821
-66.15056 .4282583
-67.17839 .4204907
-68.19187 .4118418
-69.20078 .4045037
-70.20152 .3966133
-71.18745 .3888673
-72.19495 .3827013
-73.19437 .3749252
-74.18832 .3679122
-75.19888 .3600811
-76.18102 .3508367
-77.15845 .3423355
-78.1573 .3317714
-79.14214 .3225917
-80.16097 .3130778
-81.168 .3037164
-82.18519 .2963316
-83.17935 .2884288
-84.1642 .2806995
-85.16405 .2717839
-86.1637 .261786
-87.19365 .2514571
-88.18829 .2403076
-89.20029 .2295789
-90.19582 .2199003
-91.19875 .208147
-92.2056 .1976587
-93.20154 .1861443
-94.20505 .1713133
-95.18589 .1596973
-96.18698 .1468358
-97.18827 .1318505
-98.17294 .1190069
-99.17818 .104029
-100.1802 8.864114E-02
-101.1721 7.543858E-02
-102.1768 6.234412E-02
-103.1624 4.757547E-02
-104.1539 2.983822E-02
-105.1622 1.394023E-02
-106.1834 -2.176093E-03
-107.1914 -2.157686E-02
-108.1936 -3.788906E-02
-109.2026 -5.699714E-02
-110.1881 -7.864478E-02
-111.2026 -9.666707E-02
-112.2227 -.116371
-113.233 -.1383904
-114.2191 -.1577878
-115.2064 -.1795737
-116.1755 -.2020461
-117.1509 -.2248924
-118.165 -.2510954
-119.1683 -.2755454
-120.1879 -.3014721
-121.2009 -.3264781
-122.1991 -.3489857
-123.1886 -.3762219
-124.1844 -.4030603
-125.1815 -.4308687
-126.1889 -.4621519
-127.2037 -.4924526
-128.2094 -.5215086
-129.2074 -.5529997
-130.1895 -.5849223
-131.2024 -.6198223
-132.1981 -.6557717
-133.1925 -.6920059
-134.2021 -.7293071
-135.1773 -.7642567
-136.1605 -.8033955
-137.1823 -.8437147
-138.1901 -.8824232
-139.1947 -.926428
-140.2292 -.9677895
-141.1872 -1.007358
-142.1748 -1.053866
-143.1676 -1.096625
-144.1421 -1.142554
-145.1633 -1.19129
-146.1687 -1.235789
-147.1781 -1.284956
-148.1716 -1.333477
-149.1773 -1.384818
-150.1794 -1.438617
-151.1737 -1.48992
-152.172 -1.54408
-153.1634 -1.59674
-154.1556 -1.646208
-155.1353 -1.70596
-156.1364 -1.765279
-157.1439 -1.825914
-158.146 -1.893447
-159.169 -1.953804
-160.1694 -2.013469
-161.1776 -2.076703
-162.1739 -2.136459
-163.1896 -2.197849
-164.2042 -2.26038
-165.196 -2.321586
-166.1972 -2.384464
-167.1779 -2.447913
-168.1689 -2.518846
-169.164 -2.590068
-170.1641 -2.657019
-171.1751 -2.730711
-172.1859 -2.795537
-173.1856 -2.856391
-174.1919 -2.926727
-175.1885 -2.991037
-176.1737 -3.057471
-177.172 -3.130086
-178.1641 -3.197061
-179.1416 -3.264204
-180.1497 -3.332326
-181.1538 -3.401441
-182.1544 -3.471485
-183.1709 -3.536537
-184.1402 -3.605236
-185.1498 -3.669932
-186.1434 -3.728743
-187.1575 -3.800472
-188.1911 -3.868254
-189.1757 -3.933386
-190.1691 -4.003841
-191.1491 -4.062775
-192.1223 -4.117594
-193.1309 -4.176427
-194.1326 -4.232723
-195.1382 -4.292487
-196.1587 -4.351262
-197.1467 -4.4086
-198.1504 -4.465688
-199.1249 -4.515909
-200.1189 -4.571269
-201.1384 -4.621156
-202.138 -4.662271
-203.1304 -4.709505
-204.1076 -4.749072
-205.0578 -4.785766
-206.0542 -4.83408
-207.0689 -4.878218
-208.0736 -4.9239
-209.1057 -4.971962
-210.1077 -5.008655
-211.1139 -5.042917
-212.125 -5.071535
-213.1086 -5.098043
-214.1215 -5.127339
-215.1259 -5.15025
-216.1344 -5.175659
-217.1539 -5.198687
-218.156 -5.215592
-219.1665 -5.24191
-220.1733 -5.263431
-221.1953 -5.279556
-222.1873 -5.296943
-223.1897 -5.303669
-224.189 -5.309589
-225.1751 -5.31951
-226.1695 -5.328205
-227.1644 -5.338162
-228.1733 -5.344919
-229.1524 -5.348948
-230.1708 -5.349221
-231.1601 -5.344201
-232.1297 -5.343824
-233.1383 -5.340997
-234.1249 -5.335845
-235.1321 -5.336322
-236.1586 -5.329903
-237.1615 -5.321691
-238.1587 -5.319976
-239.1629 -5.309142
-240.1564 -5.297616
-241.1521 -5.286403
-242.1579 -5.269508
-243.1606 -5.254822
-244.1517 -5.242502
-245.166 -5.230361
-246.1797 -5.220504
-247.1858 -5.205813
-248.1979 -5.192249
-249.1884 -5.175376
-250.1852 -5.153182
-251.1969 -5.139002
-252.197 -5.119707
-253.1854 -5.098737
-254.1901 -5.082895
-255.1779 -5.060182
-256.1738 -5.036404
-257.1702 -5.020117
-258.1691 -4.998755
-259.1623 -4.980234
-260.1614 -4.964764
-261.1757 -4.942702
-262.1663 -4.923078
-263.1801 -4.900243
-264.2025 -4.878028
-265.214 -4.858326
-266.2267 -4.836557
-267.2179 -4.817064
-268.1911 -4.793597
-269.1898 -4.767303
-270.1873 -4.746602
-271.1888 -4.723818
-272.2193 -4.703743
-273.2098 -4.686485
-274.2177 -4.664248
-275.2184 -4.642426
-276.1756 -4.619207
-277.1805 -4.594313
-278.1678 -4.572213
-279.1609 -4.548999
-280.1661 -4.529157
-281.1722 -4.509416
-282.1326 -4.486762
-283.1332 -4.469749
-284.163 -4.449855
-285.1459 -4.428566
-286.1856 -4.411284
-287.177 -4.388055
-288.1652 -4.364386
-289.1823 -4.344653
-290.1557 -4.321982
-291.1757 -4.301253
-292.1696 -4.281348
-293.1544 -4.260833
-294.1628 -4.240729
-295.1311 -4.21928
-296.1295 -4.200428
-297.1401 -4.180207
-298.14 -4.16099
-299.1551 -4.144004
-300.1614 -4.1254
-301.1454 -4.106169
-302.149 -4.08913
-303.1419 -4.071283
-304.1278 -4.053824
-305.1359 -4.036306
-306.1411 -4.017004
-307.1364 -3.99794
-308.1349 -3.978482
-309.1334 -3.961005
-310.141 -3.943291
-311.14 -3.924666
-312.1618 -3.907478
-313.1696 -3.889333
-314.1334 -3.870089
-315.1273 -3.853436
-316.1207 -3.836454
-317.1114 -3.819738
-318.1489 -3.805738
-319.1698 -3.790652
-320.1581 -3.775096
-321.1709 -3.759558
-322.182 -3.744182
-323.1913 -3.728857
-324.209 -3.713685
-325.1991 -3.6986
-326.1886 -3.683499
-327.1873 -3.6664
-328.1822 -3.650829
-329.1824 -3.635327
-330.1846 -3.618143
-331.1945 -3.604281
-332.1861 -3.589026
-333.1686 -3.572255
-334.1659 -3.558694
-335.1655 -3.543978
-336.1751 -3.530492
-337.194 -3.519292
-338.1882 -3.506671
-339.1594 -3.493197
-340.1414 -3.480171
-341.1417 -3.466217
-342.1424 -3.45295
-343.1501 -3.439484
-344.1575 -3.426405
-345.1527 -3.413476
-346.1502 -3.399427
-347.1622 -3.387582
-348.1725 -3.373494
-349.1807 -3.360626
-350.178 -3.348594
-351.1636 -3.334603
-352.1413 -3.322787
-353.1429 -3.310991
-354.1469 -3.299489
-355.1651 -3.289432
-356.1715 -3.278583
-357.1498 -3.267273
-358.1469 -3.255831
-359.1316 -3.242945
-360.1276 -3.232075
-361.1482 -3.220566
-362.1429 -3.209471
-363.1697 -3.200197
-364.1838 -3.189723
-365.1879 -3.179177
-366.216 -3.169351
-367.2025 -3.157643
-368.2014 -3.146085
-369.1917 -3.135515
-370.1697 -3.124244
-371.1448 -3.114388
-372.1187 -3.105362
-373.1169 -3.09667
-374.1309 -3.088707
-375.1659 -3.079173
-376.197 -3.069915
-377.2072 -3.060831
-378.1943 -3.049801
-379.178 -3.040998
-380.1674 -3.031654
-381.1683 -3.021287
-382.156 -3.013559
-383.1535 -3.004546
-384.1466 -2.995027
-385.1243 -2.987073
-386.1279 -2.978602
-387.118 -2.969736
-388.1229 -2.961528
-389.139 -2.953309
-390.1363 -2.944178
-391.1299 -2.936696
-392.1237 -2.929766
-393.1268 -2.921634
-394.1325 -2.914334
-395.1446 -2.907802
-396.1565 -2.899277
-397.134 -2.89163
-398.1366 -2.883862
-399.1292 -2.874677
-400.1192 -2.868251
-401.131 -2.861377
-402.1348 -2.854206
-403.1343 -2.847133
-404.1439 -2.839597
-405.1253 -2.831448
-406.1091 -2.823362
-407.1135 -2.816334
-408.1093 -2.808915
-409.1125 -2.802433
-410.0966 -2.79616
-411.0839 -2.791296
-412.0717 -2.785588
-413.0717 -2.781145
-414.0944 -2.776167
-415.1157 -2.768636
-416.1239 -2.762074
-417.1329 -2.754526
-418.1317 -2.74928
-419.1193 -2.743116
-420.1275 -2.736969
-421.1269 -2.731542
-422.1313 -2.725175
-423.1409 -2.719367
-424.1438 -2.714619
-425.1587 -2.708401
-426.1456 -2.700707
-427.1535 -2.695899
-428.1581 -2.69065
-429.1455 -2.686404
-430.1689 -2.68401
-431.1672 -2.679791
-432.1404 -2.674367
-433.1302 -2.670141
-434.1047 -2.664986
-435.1019 -2.659173
-436.1168 -2.654333
-437.1418 -2.649464
-438.1395 -2.643937
-439.137 -2.639538
-440.1548 -2.63539
-441.147 -2.629698
-442.1611 -2.62488
-443.1682 -2.61936
-444.1531 -2.613471
-445.1422 -2.608114
-446.1487 -2.604587
-447.122 -2.601157
-448.1058 -2.597942
-449.0918 -2.595301
-450.0795 -2.591515
-451.1227 -2.588103
-452.1395 -2.58445
-453.1739 -2.580873
-454.1805 -2.577199
-455.1446 -2.573306
-456.1376 -2.56983
-457.1306 -2.566424
-458.1312 -2.562205
-459.1401 -2.558623
-460.1302 -2.554637
-461.1096 -2.5498
-462.1085 -2.5467
-463.1019 -2.542119
-464.1216 -2.538591
-465.136 -2.535845
-466.1382 -2.532886
-467.1431 -2.53147
-468.1294 -2.52888
-469.1306 -2.526605
-470.1459 -2.523862
-471.1501 -2.520719
-472.1607 -2.517882
-473.1707 -2.515511
-474.1382 -2.512567
-475.152 -2.511267
-476.162 -2.509541
-477.156 -2.506616
-478.1831 -2.504357
-479.1664 -2.501025
-480.145 -2.498067
-481.1505 -2.496006
-482.1517 -2.493807
-483.1621 -2.491057
-484.1782 -2.488755
-485.1936 -2.487079
-486.1805 -2.485451
-487.1683 -2.484715
-488.1616 -2.48367
-489.1535 -2.481464
-490.1621 -2.479435
-491.1692 -2.477273
-492.188 -2.475329
-493.1992 -2.474371
-494.1942 -2.473825
-495.1959 -2.472772
-496.177 -2.47149
-497.1553 -2.470015
-498.1516 -2.467072
-499.1375 -2.464955
-500.1188 -2.463651
-501.1296 -2.462805
-502.1384 -2.462656
-503.1366 -2.462783
-504.1584 -2.463058
-505.1475 -2.462705
-506.1519 -2.462775
-507.1559 -2.462805
-508.1452 -2.461463
-509.146 -2.460371
-510.1312 -2.459262
-511.1277 -2.457548
-512.1091 -2.45633
-513.0984 -2.456571
-514.102 -2.456219
-515.0986 -2.456537
-516.1227 -2.457282
-517.1279 -2.455249
-518.1158 -2.455069
-519.1191 -2.454138
-520.1116 -2.454487
-521.1048 -2.456185
-522.1219 -2.456731
-523.1301 -2.457655
-524.1467 -2.457853
-525.1503 -2.457549
-526.1462 -2.45838
-527.1499 -2.459186
-528.1342 -2.459026
-529.1476 -2.45853
-530.1578 -2.457748
-531.1515 -2.456872
-532.1471 -2.456581
-533.1398 -2.458134
-534.1435 -2.458607
-535.1572 -2.458755
-536.1904 -2.45863
-537.1853 -2.456957
-538.168 -2.456789
-539.1512 -2.458408
-540.1326 -2.46039
-541.1512 -2.462608
-542.1522 -2.464391
-543.1619 -2.464898
-544.1628 -2.464421
-545.148 -2.464985
-546.1569 -2.465039
-547.1613 -2.46453
-548.1607 -2.46451
-549.1686 -2.464168
-550.1697 -2.463656
-551.1702 -2.463755
-552.1786 -2.464876
-553.1859 -2.46579
-554.1842 -2.46613
-555.1909 -2.466236
-556.1912 -2.465938
-557.165 -2.465796
-558.1583 -2.467541
-559.1426 -2.468884
-560.1326 -2.469792
-561.1369 -2.471199
-562.1489 -2.470592
-563.1588 -2.470257
-564.1528 -2.472336
-565.1614 -2.472512
-566.1487 -2.473931
-567.134 -2.475492
-568.1616 -2.475549
-569.167 -2.475767
-570.1836 -2.476357
-571.1922 -2.476947
-572.1764 -2.476256
-573.178 -2.477197
-574.1676 -2.477527
-575.1784 -2.477466
-576.1657 -2.479145
-577.1479 -2.479678
-578.1575 -2.480608
-579.1533 -2.482465
-580.1751 -2.483615
-581.1994 -2.485656
-582.1935 -2.48588
-583.1819 -2.485372
-584.1674 -2.485426
-585.1583 -2.484959
-586.1434 -2.485562
-587.1417 -2.486889
-588.1475 -2.487799
-589.1461 -2.487776
-590.1511 -2.488518
-591.1707 -2.4885
-592.15 -2.487794
-593.1514 -2.488784
-594.1554 -2.48985
-595.1436 -2.491579
-596.1545 -2.493876
-597.1517 -2.495662
-598.1574 -2.497221
-598.7083 -2.481794
-598.7762 -2.461269
-598.3273 -2.437325
-597.3772 -2.40892
-596.3827 -2.394103
-595.3708 -2.380467
-594.3812 -2.367453
-593.3955 -2.355961
-592.383 -2.344333
-591.3978 -2.333834
-590.3995 -2.323845
-589.3999 -2.314338
-588.4351 -2.305504
-587.4346 -2.296834
-586.4274 -2.287198
-585.4251 -2.277863
-584.4067 -2.268353
-583.4056 -2.258588
-582.4165 -2.250197
-581.4345 -2.241588
-580.4423 -2.231905
-579.4536 -2.222825
-578.4568 -2.215057
-577.4462 -2.206915
-576.4337 -2.200286
-575.4349 -2.194182
-574.428 -2.185953
-573.4155 -2.177698
-572.4252 -2.170367
-571.4296 -2.162063
-570.4446 -2.154799
-569.437 -2.147992
-568.4468 -2.138702
-567.4203 -2.129549
-566.3906 -2.121918
-565.4061 -2.114733
-564.3751 -2.109322
-563.3903 -2.104797
-562.3929 -2.097871
-561.3892 -2.09075
-560.4088 -2.083522
-559.4167 -2.075941
-558.4325 -2.069029
-557.4397 -2.06192
-556.4384 -2.054382
-555.4135 -2.046594
-554.3969 -2.039205
-553.3788 -2.032516
-552.3837 -2.026733
-551.3889 -2.021578
-550.3943 -2.015904
-549.4141 -2.010063
-548.4136 -2.003824
-547.4064 -1.996445
-546.4224 -1.989401
-545.422 -1.981704
-544.4067 -1.974818
-543.4244 -1.96825
-542.4276 -1.961418
-541.3988 -1.954633
-540.4129 -1.948568
-539.4226 -1.942961
-538.3926 -1.938001
-537.4217 -1.933366
-536.4293 -1.927626
-535.3992 -1.921529
-534.4178 -1.914904
-533.3982 -1.909263
-532.3817 -1.903211
-531.4111 -1.897536
-530.4172 -1.890886
-529.4411 -1.88328
-528.4573 -1.87712
-527.4482 -1.872137
-526.4323 -1.867896
-525.4125 -1.86347
-524.4116 -1.858758
-523.3961 -1.853069
-522.4139 -1.84727
-521.4125 -1.843228
-520.4028 -1.838021
-519.4115 -1.832865
-518.3971 -1.827765
-517.4087 -1.820392
-516.4003 -1.816026
-515.4016 -1.810913
-514.3895 -1.80694
-513.3756 -1.804216
-512.3726 -1.799108
-511.3649 -1.794854
-510.3738 -1.789733
-509.3809 -1.784465
-508.3881 -1.779461
-507.39 -1.774464
-506.3952 -1.769484
-505.3867 -1.764653
-504.4014 -1.759573
-503.4024 -1.755943
-502.3933 -1.753335
-501.3885 -1.750469
-500.3706 -1.748352
-499.3795 -1.743966
-498.3981 -1.738816
-497.4009 -1.733736
-496.4056 -1.727491
-495.4015 -1.722416
-494.3752 -1.717638
-493.404 -1.712823
-492.3961 -1.709605
-491.404 -1.70585
-490.4118 -1.702887
-489.3947 -1.700517
-488.4029 -1.697677
-487.3957 -1.694941
-486.4026 -1.690924
-485.4099 -1.687228
-484.4106 -1.682006
-483.4169 -1.677949
-482.4065 -1.674464
-481.4134 -1.669606
-480.4149 -1.667171
-479.4073 -1.662725
-478.4244 -1.658607
-477.4046 -1.654889
-476.3996 -1.650846
-475.4133 -1.647816
-474.4221 -1.643839
-473.4496 -1.642041
-472.4468 -1.638275
-471.4461 -1.635004
-470.422 -1.631793
-469.3976 -1.626965
-468.3941 -1.623427
-467.36 -1.619571
-466.3768 -1.615695
-465.3678 -1.61292
-464.3481 -1.609863
-463.3532 -1.607956
-462.3366 -1.606107
-461.3456 -1.602463
-460.3738 -1.599172
-459.3943 -1.595158
-458.4061 -1.591029
-457.4035 -1.587549
-456.4174 -1.584625
-455.4171 -1.580327
-454.4155 -1.575814
-453.4213 -1.572392
-452.4157 -1.569161
-451.4072 -1.567277
-450.3982 -1.56563
-449.3987 -1.56326
-448.3862 -1.559672
-447.3968 -1.555735
-446.4179 -1.552988
-445.4169 -1.549074
-444.4289 -1.546238
-443.4286 -1.543609
-442.4269 -1.53958
-441.4266 -1.537181
-440.428 -1.534273
-439.412 -1.531535
-438.3928 -1.529836
-437.3789 -1.52734
-436.3708 -1.524653
-435.3805 -1.521617
-434.3838 -1.519019
-433.4035 -1.515607
-432.409 -1.512155
-431.4169 -1.509074
-430.4391 -1.505237
-429.4472 -1.501589
-428.4585 -1.499206
-427.4508 -1.49626
-426.4351 -1.493992
-425.4332 -1.49306
-424.4162 -1.490174
-423.4173 -1.487607
-422.4265 -1.485007
-421.4091 -1.480836
-420.4026 -1.47685
-419.3986 -1.473471
-418.3868 -1.469522
-417.3864 -1.466072
-416.3819 -1.463824
-415.3748 -1.460821
-414.37 -1.458545
-413.3673 -1.456253
-412.3682 -1.454044
-411.3725 -1.451627
-410.3535 -1.449131
-409.3332 -1.446922
-408.3268 -1.443408
-407.3187 -1.440334
-406.3289 -1.435769
-405.3576 -1.432186
-404.3937 -1.428136
-403.4099 -1.425059
-402.426 -1.423403
-401.4262 -1.421419
-400.3938 -1.41976
-399.384 -1.418165
-398.3759 -1.415525
-397.3761 -1.411626
-396.3878 -1.409331
-395.3941 -1.406357
-394.3931 -1.40312
-393.378 -1.400766
-392.371 -1.397427
-391.3693 -1.393029
-390.3681 -1.38997
-389.3761 -1.387864
-388.3701 -1.385808
-387.3601 -1.384046
-386.352 -1.38295
-385.3615 -1.380849
-384.3875 -1.377977
-383.4061 -1.375489
-382.4136 -1.371817
-381.4158 -1.36685
-380.4144 -1.363977
-379.4147 -1.360542
-378.4197 -1.357151
-377.4261 -1.35577
-376.443 -1.352699
-375.4499 -1.350396
-374.4453 -1.348005
-373.4368 -1.34461
-372.4053 -1.341954
-371.4076 -1.338604
-370.4101 -1.334539
-369.4154 -1.330687
-368.4116 -1.32638
-367.4034 -1.323447
-366.4002 -1.320704
-365.3871 -1.317388
-364.388 -1.315373
-363.3849 -1.312643
-362.3783 -1.31038
-361.3808 -1.3085
-360.382 -1.304942
-359.3849 -1.301002
-358.4102 -1.297227
-357.3949 -1.292145
-356.4092 -1.288528
-355.4142 -1.285052
-354.415 -1.280453
-353.4418 -1.276653
-352.4297 -1.27301
-351.4303 -1.270205
-350.4243 -1.267446
-349.4083 -1.264682
-348.4216 -1.262158
-347.4173 -1.258042
-346.3962 -1.25495
-345.4262 -1.25315
-344.4226 -1.249377
-343.4124 -1.245285
-342.4344 -1.240351
-341.4151 -1.234411
-340.3964 -1.228705
-339.424 -1.22591
-338.4373 -1.221419
-337.4414 -1.217077
-336.4394 -1.212256
-335.4145 -1.207688
-334.4113 -1.205055
-333.4129 -1.200166
-332.4301 -1.198677
-331.446 -1.193258
-330.4233 -1.188592
-329.4213 -1.186424
-328.4309 -1.180319
-327.422 -1.175555
-326.436 -1.170866
-325.4182 -1.164953
-324.4091 -1.160815
-323.3932 -1.153587
-322.3726 -1.147595
-321.3912 -1.140573
-320.3764 -1.134568
-319.3847 -1.130672
-318.4102 -1.124869
-317.3949 -1.11815
-316.4142 -1.110634
-315.4112 -1.103617
-314.3989 -1.096335
-313.4036 -1.092137
-312.383 -1.086035
-311.378 -1.079398
-310.3488 -1.07326
-309.3396 -1.066026
-308.3427 -1.060167
-307.3499 -1.053809
-306.377 -1.046341
-305.3868 -1.036895
-304.382 -1.026392
-303.366 -1.017439
-302.3831 -1.009371
-301.388 -1.001543
-300.4099 -.9958847
-299.4447 -.9875046
-298.4248 -.9774582
-297.4444 -.9686927
-296.4469 -.9577242
-295.4122 -.9466832
-294.4106 -.9363642
-293.3875 -.9243982
-292.3847 -.9133044
-291.4019 -.9015599
-290.4278 -.8898327
-289.4473 -.8793014
-288.447 -.8673335
-287.4532 -.8570313
-286.4184 -.844722
-285.392 -.8292247
-284.3665 -.8165324
-283.379 -.8020396
-282.402 -.7863175
-281.4074 -.7737938
-280.426 -.7578143
-279.4167 -.739854
-278.4283 -.7242042
-277.4432 -.7066648
-276.4604 -.6895201
-275.455 -.6740782
-274.4491 -.6572323
-273.442 -.6393433
-272.4231 -.6178505
-271.415 -.5991406
-270.3995 -.580132
-269.4116 -.5584851
-268.4243 -.5410348
-267.4333 -.5174686
-266.4438 -.4900593
-265.4202 -.4668673
-264.4123 -.4407872
-263.418 -.4159551
-262.4191 -.3941056
-261.4207 -.3676091
-260.411 -.3414643
-259.3917 -.3130224
-258.3853 -.2849195
-257.3965 -.2571537
-256.4062 -.2262748
-255.4218 -.1968904
-254.4231 -.1653557
-253.4153 -.1299382
-252.4362 -9.907903E-02
-251.4272 -6.764643E-02
-250.4311 -3.284464E-02
-249.4383 -1.899202E-03
-248.4341 3.511798E-02
-247.4419 7.523048E-02
-246.4436 .1145705
-245.4377 .1579563
-244.4319 .1984784
-243.4376 .2395993
-242.442 .2798448
-241.4537 .3212929
-240.442 .366971
-239.4266 .4095597
-238.4278 .4543332
-237.4253 .5017871
-236.4274 .5464132
-235.4272 .5979785
-234.3846 .6528726
-233.37 .7019713
-232.3665 .7543736
-231.3845 .8036461
-230.4138 .8493258
-229.4271 .9031699
-228.4399 .9578464
-227.4378 1.015288
-226.4461 1.073599
-225.443 1.129295
-224.4353 1.186796
-223.4398 1.243691
-222.4339 1.303947
-221.4146 1.369436
-220.4098 1.427192
-219.4013 1.486818
-218.3919 1.548229
-217.4111 1.603351
-216.4155 1.670376
-215.3925 1.738188
-214.4109 1.801475
-213.4141 1.86831
-212.3979 1.930123
-211.4141 1.990524
-210.4002 2.053351
-209.3921 2.117888
-208.3781 2.186308
-207.3703 2.249729
-206.3619 2.31348
-205.3475 2.380694
-204.3794 2.437387
-203.3906 2.501631
-202.4017 2.567547
-201.4308 2.622322
-200.4343 2.682681
-199.4428 2.741856
-198.4526 2.797276
-197.439 2.859645
-196.432 2.923468
-195.4021 2.988375
-194.3894 3.049288
-193.4081 3.105567
-192.4147 3.160682
-191.4488 3.208957
-190.465 3.261061
-189.4515 3.318395
-188.4477 3.366003
-187.4269 3.414834
-186.4053 3.463672
-185.4001 3.505402
-184.4109 3.55491
-183.4301 3.604709
-182.4556 3.650477
-181.4449 3.692473
-180.4367 3.728929
-179.4239 3.761058
-178.443 3.792327
-177.4726 3.825522
-176.4747 3.858479
-175.4816 3.888988
-174.4611 3.918524
-173.4584 3.94875
-172.4645 3.973282
-171.4703 3.999624
-170.4635 4.027085
-169.4701 4.044489
-168.4834 4.064301
-167.4879 4.080137
-166.5046 4.08673
-165.4996 4.101567
-164.4713 4.11324
-163.4505 4.123758
-162.4256 4.133809
-161.4218 4.138265
-160.4205 4.144351
-159.4324 4.146791
-158.4415 4.150878
-157.4047 4.156133
-156.3943 4.150765
-155.4119 4.144907
-154.4155 4.138642
-153.4549 4.125449
-152.4723 4.119274
-151.447 4.11386
-150.4487 4.102289
-149.4319 4.091485
-148.4394 4.077987
-147.4397 4.062943
-146.4309 4.048832
-145.4493 4.033104
-144.4361 4.020944
-143.4313 4.003559
-142.4459 3.985813
-141.4454 3.970643
-140.4488 3.948469
-139.4575 3.929956
-138.4437 3.912193
-137.4389 3.88786
-136.4317 3.866161
-135.435 3.843369
-134.4448 3.819605
-133.4393 3.798827
-132.4516 3.778125
-131.4501 3.758484
-130.4349 3.736311
-129.4569 3.711694
-128.4675 3.688295
-127.4822 3.661664
-126.4974 3.635835
-125.4767 3.613035
-124.4675 3.586324
-123.4816 3.561496
-122.468 3.538964
-121.486 3.512977
-120.4786 3.492532
-119.442 3.471377
-118.439 3.448112
-117.419 3.425503
-116.4229 3.399598
-115.4259 3.374983
-114.4472 3.35102
-113.4476 3.327491
-112.4528 3.304672
-111.4704 3.280397
-110.4402 3.257264
-109.4392 3.235869
-108.4404 3.214088
-107.4056 3.193263
-106.406 3.173539
-105.3847 3.150012
-104.3573 3.128277
-103.3691 3.106972
-102.3627 3.084131
-101.3765 3.063248
-100.381 3.042195
-99.3658 3.02066
-98.38412 3
-97.3863 2.980373
-96.40337 2.961555
-95.41715 2.941714
-94.40337 2.922537
-93.39253 2.904579
-92.38257 2.885293
-91.39718 2.868725
-90.4072 2.852526
-89.43632 2.833311
-88.45143 2.816042
-87.44298 2.798263
-86.43087 2.779667
-85.40741 2.763222
-84.3984 2.747432
-83.39645 2.73089
-82.40465 2.715812
-81.41156 2.701599
-80.3909 2.688269
-79.38406 2.673789
-78.38918 2.659439
-77.39117 2.645069
-76.40958 2.628305
-75.44707 2.614505
-74.46185 2.600589
-73.47746 2.585227
-72.4847 2.572659
-71.4501 2.560438
-70.4463 2.547943
-69.4201 2.537591
-68.41462 2.52654
-67.39403 2.514435
-66.39441 2.50298
-65.40167 2.49174
-64.40041 2.480156
-63.43433 2.468411
-62.42412 2.456834
-61.42045 2.445641
-60.41729 2.434689
-59.42051 2.424662
-58.40631 2.415198
-57.41844 2.404829
-56.42156 2.395272
-55.39621 2.386302
-54.41434 2.377186
-53.40061 2.36919
-52.39712 2.361266
-51.40553 2.352085
-50.39559 2.342985
-49.40339 2.333809
-48.40209 2.324388
-47.41739 2.316051
-46.4276 2.307656
-45.42858 2.300016
-44.43988 2.292069
-43.42529 2.284869
-42.41312 2.279467
-41.41347 2.272392
-40.38632 2.266784
-39.38499 2.260051
-38.39297 2.252611
-37.39524 2.246015
-36.42532 2.23917
-35.4201 2.233421
-34.4183 2.227456
-33.42042 2.222296
-32.41128 2.218573
-31.42583 2.213398
-30.41837 2.209184
-29.4038 2.205669
-28.39772 2.199728
-27.3919 2.195329
-26.3973 2.190805
-25.41191 2.18408
-24.41143 2.180151
-23.42755 2.176004
-22.42771 2.17203
-21.42542 2.170288
-20.43845 2.166382
-19.41718 2.164364
-18.4267 2.161664
-17.42409 2.157895
-16.41369 2.156666
-15.41668 2.152863
-14.40182 2.149813
-13.41246 2.147228
-12.40701 2.143649
-11.40059 2.141626
-10.38878 2.139863
-9.35697 2.137554
-8.352715 2.136175
-7.369117 2.134827
-6.362869 2.132743
-5.358764 2.131606
-4.345985 2.130026
-3.335449 2.128404
-2.376396 2.127532
-1.417293 2.125608
-.4694231 2.123391
.4981554 2.12082
1.484097 2.119077
2.493486 2.119148
3.48403 2.117744
4.493718 2.117282
5.489481 2.116478
6.464421 2.114678
7.465751 2.115022
8.459535 2.116305
9.463873 2.117088
10.47492 2.117361
11.47381 2.117249
12.49133 2.115858
13.48508 2.114346
14.48129 2.11409
15.48607 2.114302
16.44495 2.114447
17.45153 2.114876
18.45359 2.116725
19.45536 2.117075
20.46726 2.118303
21.48493 2.120449
22.49789 2.12038
23.50256 2.120714
24.5057 2.120481
25.49156 2.119384
26.46688 2.118942
27.45567 2.119962
28.4698 2.12164
29.45722 2.123651
30.4533 2.125582
31.45068 2.127496
32.43559 2.129097
33.43727 2.130638
34.43589 2.134391
35.42725 2.135913
36.43022 2.1362
37.44232 2.136833
38.43782 2.135302
39.44375 2.136413
40.4326 2.13854
41.42107 2.141298
42.43463 2.144072
43.45631 2.145096
44.44003 2.146919
45.43105 2.148851
46.42457 2.152012
47.42394 2.156465
48.46864 2.158634
49.49205 2.158941
50.5214 2.159141
51.51052 2.158588
52.49298 2.159919
53.48331 2.162462
54.46912 2.164128
55.45121 2.166193
56.43458 2.16871
57.42758 2.171083
58.41892 2.174502
59.44338 2.177873
60.4631 2.180604
61.46849 2.182928
62.45586 2.183972
63.43878 2.185007
64.4206 2.186205
65.40947 2.188608
66.41191 2.192136
67.40976 2.194973
68.41325 2.199013
69.43145 2.202419
70.43747 2.205165
71.45759 2.209593
72.48546 2.213017
73.48277 2.215224
74.4691 2.21764
75.45932 2.218482
76.43235 2.219667
77.40641 2.222107
78.41113 2.226002
79.40714 2.230577
80.39755 2.234661
81.40598 2.238511
82.40772 2.241698
83.40503 2.24456
84.40184 2.249473
85.4163 2.254294
86.43408 2.25656
87.42255 2.259055
88.44475 2.260369
89.43834 2.262002
90.43166 2.265612
91.45654 2.270133
92.45261 2.273973
93.46615 2.277496
94.45631 2.280588
95.44456 2.284277
96.44305 2.288845
97.4452 2.294375
98.46018 2.299995
99.05608 2.26869
99.13054 2.223066
98.70214 2.166279
97.78432 2.098997
96.79945 2.058622
95.79418 2.024095
94.80685 1.992205
93.80434 1.963441
92.78425 1.936811
91.79151 1.911903
90.7834 1.888363
89.78398 1.866439
88.80061 1.845402
87.8131 1.82321
86.79556 1.802535
85.77948 1.783708
84.7433 1.76337
83.7209 1.744482
82.71468 1.725526
81.71138 1.705323
80.70992 1.686406
79.72278 1.668768
78.72904 1.653518
77.73064 1.637624
76.74719 1.623717
75.74196 1.609414
74.74239 1.592096
73.7373 1.57693
72.74286 1.561769
71.74461 1.545869
70.74783 1.533848
69.76499 1.520247
68.75997 1.506843
67.76225 1.495433
66.77383 1.482239
65.7757 1.469661
64.77536 1.457611
63.78325 1.444908
62.78293 1.431565
61.7667 1.418731
60.75138 1.406277
59.76052 1.394254
58.75312 1.383124
57.78429 1.372159
56.79554 1.360908
55.77887 1.349247
54.77903 1.337865
53.76052 1.32708
52.77154 1.315842
51.7998 1.306353
50.83498 1.297239
49.84748 1.287396
48.85486 1.278033
47.81411 1.267171
46.79124 1.256115
45.77265 1.245647
44.74116 1.234961
43.76502 1.224764
42.75901 1.214422
41.75286 1.204887
40.78285 1.196706
39.78576 1.187977
38.80155 1.179826
37.82328 1.171715
36.8224 1.161623
35.82421 1.152313
34.81408 1.143113
33.81564 1.133458
32.80504 1.125724
31.80806 1.118985
30.80311 1.110399
29.802 1.101435
28.81019 1.092448
27.80705 1.082743
26.80803 1.074236
25.82063 1.066325
24.83891 1.058053
23.84236 1.049181
22.83503 1.040892
21.83748 1.034202
20.82179 1.026773
19.80753 1.019875
18.81968 1.013682
17.79116 1.005523
16.78146 .9978181
15.78872 .9899421
14.78151 .9816301
13.7914 .9750168
12.80552 .9697226
11.82385 .9641842
10.84452 .9573946
9.859363 .9486683
8.874901 .9394475
7.862753 .930963
6.852334 .9226985
5.84906 .916314
4.830065 .9085998
3.830913 .9016674
2.836147 .8963225
1.840834 .8892528
.8541113 .8838876
-.1125365 .8779042
-1.083555 .8724576
-2.036211 .8665135
-3.006348 .8593873
-3.993818 .8529733
-4.98855 .8460407
-6.022799 .8406576
-7.031807 .8363338
-8.036842 .8297051
-9.057033 .821951
-10.04633 .8144254
-11.04527 .8068308
-12.05208 .8002509
-13.02995 .7939628
-14.03031 .7869137
-15.04181 .779788
-16.04387 .7737107
-17.0737 .7673988
-18.08533 .7621608
-19.07812 .7563931
-20.0677 .7501067
-21.05531 .7446978
-22.0444 .7385468
-23.0618 .7338852
-24.07548 .729627
-25.06782 .725144
-26.05989 .7205765
-27.03621 .71338
-28.03295 .706391
-29.04705 .6990951
-30.05394 .6918512
-31.05547 .6865604
-32.04908 .6807494
-33.02863 .674759
-34.02824 .6691067
-35.03887 .6623616
-36.04588 .6564776
-37.05268 .6506612
-38.04485 .6455773
-39.03518 .6413594
-40.04827 .6354262
-41.06062 .6300814
-42.07108 .6242955
-43.0702 .6184874
-44.06576 .6137151
-45.04035 .6083546
-46.04673 .6015508
-47.04495 .5948849
-48.03847 .5883206
-49.03925 .5822305
-50.02878 .5774816
-51.03997 .5721245
-52.04876 .5664482
-53.04035 .5591539
-54.0413 .5515313
-55.0303 .5449128
-56.01105 .5377741
-57.03375 .5322672
-58.03028 .5281665
-59.03952 .5215763
-60.03106 .5156671
-61.03285 .5101199
-62.02913 .5024095
-63.01756 .4964755
-64.01579 .490095
-65.01021 .4820433
-66.03343 .4745616
-67.05859 .4663124
-68.08613 .4587822
-69.10204 .4516677
-70.09558 .4442492
-71.07383 .4379506
-72.08704 .4303185
-73.08312 .4214323
-74.08106 .4143972
-75.10858 .405058
-76.092 .3970338
-77.0675 .3909607
-78.06237 .3831865
-79.07487 .3760982
-80.07759 .3670492
-81.09833 .3566948
-82.10041 .3471685
-83.07259 .3368762
-84.07271 .3281201
-85.0804 .3185832
-86.09135 .3080284
-87.09151 .2980534
-88.08839 .2875931
-89.08295 .2784215
-90.07498 .2683418
-91.07404 .2583934
-92.07813 .2468015
-93.08052 .2334428
-94.08308 .220047
-95.07758 .2068365
-96.05721 .1945138
-97.03887 .1823958
-98.03035 .1706072
-99.03996 .1570342
-100.0411 .143143
-101.0576 .1285856
-102.0283 .1130521
-103.0236 9.811667E-02
-104.0267 8.069422E-02
-105.0172 6.324635E-02
-106.0553 4.694596E-02
-107.0418 2.811806E-02
-108.0629 1.037604E-02
-109.0614 -7.280535E-03
-110.0536 -.0285785
-111.0776 -4.810115E-02
-112.0759 -6.808215E-02
-113.1034 -8.892653E-02
-114.1128 -.107205
-115.1034 -.1277685
-116.1059 -.1487314
-117.0836 -.1716433
-118.1049 -.197788
-119.1102 -.2233024
-120.1194 -.2499689
-121.1396 -.2756485
-122.1043 -.2993616
-123.1017 -.3267113
-124.097 -.3538514
-125.067 -.3817525
-126.0811 -.4120929
-127.0862 -.4399771
-128.0721 -.4695027
-129.0856 -.5021198
-130.0795 -.5355397
-131.087 -.5721742
-132.1004 -.6081796
-133.1137 -.6425113
-134.119 -.676484
-135.112 -.7095102
-136.1004 -.7477363
-137.1017 -.7877272
-138.1104 -.8276011
-139.119 -.872487
-140.1275 -.9134607
-141.1053 -.9538026
-142.0977 -1.000221
-143.0881 -1.043489
-144.0535 -1.088774
-145.0519 -1.137625
-146.063 -1.185277
-147.0613 -1.231287
-148.0811 -1.280959
-149.114 -1.331799
-150.1137 -1.381982
-151.1114 -1.434297
-152.1319 -1.487101
-153.0967 -1.536873
-154.0687 -1.585047
-155.0543 -1.643588
-156.0254 -1.702275
-157.0388 -1.763404
-158.0477 -1.830943
-159.0493 -1.892736
-160.0542 -1.952318
-161.0325 -2.015957
-162.0199 -2.076153
-163.0393 -2.137692
-164.0422 -2.199173
-165.0635 -2.25993
-166.0845 -2.322191
-167.0522 -2.38432
-168.0545 -2.454462
-169.0654 -2.526495
-170.0636 -2.593791
-171.087 -2.665124
-172.08 -2.729579
-173.0656 -2.789336
-174.0682 -2.858016
-175.0564 -2.924623
-176.0704 -2.992406
-177.086 -3.063327
-178.077 -3.129246
-179.072 -3.195856
-180.053 -3.26226
-181.0269 -3.332232
-182.024 -3.403505
-183.0276 -3.468448
-184.0253 -3.536925
-185.0288 -3.600868
-186.0143 -3.658663
-187.01 -3.727865
-188.0257 -3.794882
-189.0219 -3.859758
-190.045 -3.928302
-191.0555 -3.986029
-192.0661 -4.041057
-193.0587 -4.099595
-194.0411 -4.157455
-195.0447 -4.219818
-196.0173 -4.279964
-197.0306 -4.336728
-198.0451 -4.393651
-199.0338 -4.443368
-200.0572 -4.496043
-201.0566 -4.54742
-202.0465 -4.590326
-203.0318 -4.637487
-204.0068 -4.677101
-204.9944 -4.711821
-206.0016 -4.756381
-207.0048 -4.797874
-208.0048 -4.842445
-209.0158 -4.88858
-210.0138 -4.924488
-211.0346 -4.958744
-212.0359 -4.990441
-213.0165 -5.019688
-213.9876 -5.050683
-214.9867 -5.074996
-215.9901 -5.098938
-217.0051 -5.120059
-218.0374 -5.137149
-219.0291 -5.162905
-220.0542 -5.184204
-221.0476 -5.202888
-222.0474 -5.222461
-223.0399 -5.230299
-224.0313 -5.235093
-225.0435 -5.242898
-226.0283 -5.246989
-227.0403 -5.256993
-228.0346 -5.264249
-229.039 -5.267293
-230.0506 -5.269204
-231.0555 -5.263624
-232.0518 -5.265078
-233.0628 -5.264652
-234.0589 -5.26036
-235.0571 -5.259953
-236.0601 -5.252059
-237.0444 -5.242052
-238.0555 -5.236302
-239.0709 -5.225826
-240.0811 -5.216069
-241.0732 -5.206748
-242.0726 -5.193922
-243.053 -5.180824
-244.0627 -5.167346
-245.0764 -5.154643
-246.0671 -5.141637
-247.0604 -5.125217
-248.0496 -5.108218
-249.0486 -5.089354
-250.0436 -5.069205
-251.0598 -5.053546
-252.0603 -5.036413
-253.056 -5.01883
-254.0736 -5.003413
-255.0529 -4.982726
-256.0272 -4.961313
-257.0179 -4.94178
-257.9966 -4.91972
-259.0055 -4.900172
-260.0306 -4.880631
-261.0458 -4.859171
-262.0721 -4.838751
-263.0664 -4.816951
-264.0527 -4.795962
-265.0429 -4.773985
-266.024 -4.750293
-267.0358 -4.729491
-268.0433 -4.706658
-269.051 -4.68363
-270.0563 -4.666226
-271.0675 -4.644609
-272.0742 -4.624798
-273.0819 -4.606355
-274.0884 -4.583909
-275.0817 -4.56182
-276.0898 -4.539548
-277.0959 -4.516754
-278.0934 -4.493708
-279.0837 -4.469923
-280.0731 -4.448063
-281.0493 -4.425204
-282.0369 -4.401237
-283.0417 -4.382931
-284.0195 -4.36078
-285.0094 -4.340003
-286.0428 -4.322338
-287.0536 -4.300356
-288.0795 -4.280167
-289.1007 -4.260219
-290.062 -4.24004
-291.0498 -4.220047
-292.0443 -4.200241
-293.0431 -4.181134
-294.046 -4.161182
-295.037 -4.140577
-296.029 -4.122861
-297.047 -4.103568
-298.0462 -4.083067
-299.0385 -4.064947
-300.0489 -4.04375
-301.0286 -4.022243
-302.0401 -4.004219
-303.0677 -3.984705
-304.0654 -3.966471
-305.0795 -3.949171
-306.0628 -3.930545
-307.036 -3.912686
-308.0026 -3.894835
-308.9798 -3.877914
-309.9951 -3.862452
-311.0077 -3.845169
-312.0463 -3.828372
-313.0585 -3.811474
-314.0502 -3.793046
-315.0587 -3.777237
-316.0534 -3.760946
-317.0444 -3.743465
-318.0478 -3.726798
-319.0513 -3.708166
-320.0419 -3.68985
-321.0508 -3.674658
-322.0522 -3.659007
-323.0634 -3.645044
-324.0791 -3.630928
-325.0907 -3.615655
-326.1083 -3.600973
-327.0822 -3.584967
-328.0926 -3.570524
-329.0785 -3.554454
-330.0616 -3.538115
-331.085 -3.523862
-332.0736 -3.508255
-333.073 -3.493768
-334.0861 -3.481245
-335.0627 -3.466444
-336.0515 -3.452772
-337.0547 -3.439187
-338.0376 -3.423459
-339.05 -3.409795
-340.0578 -3.395524
-341.0424 -3.381886
-342.0651 -3.370084
-343.0591 -3.357733
-344.0578 -3.346151
-345.0823 -3.333657
-346.0587 -3.320658
-347.0663 -3.308907
-348.0542 -3.29533
-349.0496 -3.283308
-350.0551 -3.270747
-351.0429 -3.256584
-352.0372 -3.244779
-353.0259 -3.232725
-354.0396 -3.221033
-355.0456 -3.209939
-356.0643 -3.197782
-357.0682 -3.183856
-358.0453 -3.171432
-359.0231 -3.159395
-359.9972 -3.149147
-361.006 -3.141297
-362.0103 -3.131912
-363.0302 -3.123484
-364.0549 -3.11359
-365.0414 -3.101931
-366.076 -3.092338
-367.0858 -3.08107
-368.0879 -3.069158
-369.0945 -3.057913
-370.062 -3.046031
-371.0399 -3.034477
-372.0227 -3.024961
-373.0251 -3.016841
-374.0306 -3.009153
-375.0399 -2.999019
-376.0641 -2.989253
-377.0743 -2.978282
-378.0792 -2.96664
-379.0817 -2.959874
-380.079 -2.953262
-381.0757 -2.944714
-382.085 -2.93819
-383.0782 -2.929741
-384.0641 -2.920146
-385.0462 -2.912748
-386.0286 -2.904137
-387.0313 -2.893838
-388.0466 -2.885431
-389.046 -2.87652
-390.0404 -2.867791
-391.0361 -2.860674
-392.006 -2.852664
-393.0085 -2.844717
-394.0233 -2.835748
-395.0373 -2.827826
-396.0429 -2.818983
-397.044 -2.811648
-398.0307 -2.80573
-399.0196 -2.79867
-400.0348 -2.792827
-401.0283 -2.786647
-402.0289 -2.778861
-403.0521 -2.772933
-404.0479 -2.765611
-405.0544 -2.75798
-406.0567 -2.752282
-407.0403 -2.744933
-408.0305 -2.738178
-409.0084 -2.731684
-409.9743 -2.724384
-410.9493 -2.717628
-411.9326 -2.71184
-412.9453 -2.705073
-413.9805 -2.698612
-414.995 -2.692198
-416.0107 -2.685804
-417.0328 -2.681243
-418.032 -2.676399
-419.0465 -2.672183
-420.0533 -2.666794
-421.0523 -2.660248
-422.05 -2.654702
-423.0412 -2.648041
-424.0469 -2.643076
-425.0245 -2.639499
-426.0321 -2.633846
-427.0456 -2.629524
-428.0459 -2.624184
-429.0469 -2.617097
-430.053 -2.61252
-431.0569 -2.606701
-432.0713 -2.60127
-433.0972 -2.595815
-434.0876 -2.590826
-435.0745 -2.585811
-436.0549 -2.581367
-437.0424 -2.579082
-438.0349 -2.574845
-439.0386 -2.570755
-440.0328 -2.566488
-441.0146 -2.560395
-442.0107 -2.555173
-443.0109 -2.551481
-444.043 -2.547757
-445.0365 -2.543995
-446.0725 -2.540834
-447.0694 -2.536356
-448.0402 -2.53137
-449.0587 -2.527793
-450.0343 -2.523361
-451.0346 -2.519545
-452.0443 -2.516775
-453.0439 -2.513515
-454.0537 -2.51037
-455.0471 -2.506875
-456.0669 -2.503181
-457.0609 -2.500103
-458.0515 -2.496006
-459.0587 -2.492004
-460.0332 -2.488208
-461.0387 -2.483612
-462.0296 -2.481099
-463.0184 -2.479647
-464.0166 -2.477302
-465.0344 -2.475227
-466.0381 -2.471979
-467.037 -2.467782
-468.0377 -2.463657
-469.016 -2.460243
-470.0212 -2.457867
-471.0194 -2.455269
-472.031 -2.454215
-473.034 -2.452817
-474.0425 -2.450323
-475.08 -2.448959
-476.1017 -2.4468
-477.1056 -2.443954
-478.0897 -2.441455
-479.0688 -2.438088
-480.0521 -2.434424
-481.0497 -2.432475
-482.0568 -2.430234
-483.0571 -2.429349
-484.0587 -2.42779
-485.053 -2.42568
-486.0474 -2.423767
-487.037 -2.419421
-488.0102 -2.417843
-489.0198 -2.416716
-490.0303 -2.416063
-491.0354 -2.417041
-492.0557 -2.416088
-493.053 -2.414433
-494.061 -2.414052
-495.0552 -2.412649
-496.045 -2.411479
-497.0635 -2.411199
-498.0366 -2.408646
-499.0525 -2.406871
-500.054 -2.406038
-501.0301 -2.404346
-502.045 -2.404329
-503.0347 -2.40423
-504.0458 -2.403644
-505.0458 -2.40196
-506.0313 -2.399522
-507.0169 -2.397962
-508.0078 -2.397198
-509.0254 -2.397896
-510.039 -2.399117
-511.0356 -2.39957
-511.9984 -2.399543
-512.9927 -2.399817
-513.9884 -2.400334
-515.0051 -2.401404
-516.0352 -2.401673
-517.03 -2.401094
-518.0085 -2.400476
-519.0123 -2.399518
-520 -2.399337
-521.0151 -2.399794
-522.0419 -2.399767
-523.0221 -2.400193
-524.0369 -2.399113
-525.0034 -2.397589
-526.0098 -2.397972
-527.0331 -2.398141
-528.0399 -2.400994
-529.0712 -2.403511
-530.0585 -2.404908
-531.0737 -2.406173
-532.0587 -2.405783
-533.0502 -2.406943
-534.0676 -2.407544
-535.0623 -2.407453
-536.0719 -2.409111
-537.0554 -2.40822
-538.021 -2.408274
-538.9908 -2.409167
-539.9939 -2.409096
-541.0137 -2.410356
-542.0458 -2.411304
-543.0625 -2.411101
-544.0675 -2.410337
-545.0816 -2.411163
-546.0601 -2.411287
-547.0646 -2.412541
-548.0704 -2.415105
-549.0746 -2.416282
-550.0853 -2.418466
-551.0909 -2.419425
-552.0804 -2.419334
-553.0686 -2.419434
-554.0787 -2.419751
-555.0732 -2.420718
-556.0709 -2.420984
-557.0494 -2.421142
-558.0341 -2.421336
-559.0315 -2.422124
-560.0323 -2.422754
-561.0333 -2.423041
-562.038 -2.421495
-563.0276 -2.42162
-564.0057 -2.422702
-565.0106 -2.424916
-566.0219 -2.428256
-567.0303 -2.42942
-568.0475 -2.430903
-569.0615 -2.431911
-570.0593 -2.431973
-571.0549 -2.433336
-572.0512 -2.433783
-573.0202 -2.433251
-574.0164 -2.433999
-575.0112 -2.433761
-576.0118 -2.433906
-577.0337 -2.435729
-578.0302 -2.437177
-579.0539 -2.438273
-580.0674 -2.43803
-581.0691 -2.437101
-582.0835 -2.436991
-583.0689 -2.437642
-584.0684 -2.440856
-585.0956 -2.443461
-586.067 -2.445243
-587.0675 -2.446938
-588.0674 -2.447852
-589.0244 -2.448533
-590.026 -2.449859
-591.0313 -2.450489
-592.0114 -2.451159
-593.0368 -2.451847
-594.0444 -2.45216
-595.052 -2.45277
-596.0635 -2.453172
-597.052 -2.454673
