-504.7119 1.345275
-503.2238 .716893
-501.4853 4.863724E-02
-499.4985 -.6377832
-497.2589 -1.334295
-496.2662 -1.409343
-495.2711 -1.448805
-494.2794 -1.472928
-493.2929 -1.487803
-492.2987 -1.496822
-491.3073 -1.50428
-490.2988 -1.510648
-489.2894 -1.515561
-488.2881 -1.52075
-487.2904 -1.522604
-486.3207 -1.523838
-485.3358 -1.524959
-484.3449 -1.524654
-483.3354 -1.524213
-482.3218 -1.523426
-481.3051 -1.522463
-480.2969 -1.520914
-479.3078 -1.52011
-478.3036 -1.517595
-477.3005 -1.514921
-476.29 -1.514579
-475.2808 -1.51233
-474.273 -1.510571
-473.2847 -1.509137
-472.2842 -1.505772
-471.2893 -1.502081
-470.2891 -1.499088
-469.2824 -1.495231
-468.294 -1.492489
-467.2993 -1.48976
-466.3088 -1.486828
-465.3039 -1.484403
-464.2746 -1.48122
-463.2719 -1.479505
-462.2626 -1.476951
-461.2532 -1.474564
-460.2851 -1.471831
-459.2878 -1.467428
-458.2849 -1.464117
-457.2871 -1.461623
-456.2852 -1.458272
-455.2743 -1.456176
-454.2868 -1.452613
-453.3223 -1.449041
-452.3261 -1.446137
-451.323 -1.444262
-450.317 -1.441497
-449.2745 -1.437783
-448.2716 -1.434635
-447.2856 -1.43047
-446.2847 -1.428477
-445.2857 -1.425752
-444.2696 -1.423417
-443.2679 -1.420564
-442.2689 -1.41502
-441.2969 -1.411976
-440.2943 -1.408708
-439.273 -1.406095
-438.2592 -1.40545
-437.2445 -1.403189
-436.2574 -1.400409
-435.2659 -1.397812
-434.2701 -1.395476
-433.2696 -1.392163
-432.2601 -1.388664
-431.2586 -1.384952
-430.2619 -1.380859
-429.2629 -1.377668
-428.2791 -1.375165
-427.2926 -1.372741
-426.2945 -1.370201
-425.2916 -1.368808
-424.2789 -1.366295
-423.2884 -1.363138
-422.3113 -1.36055
-421.3215 -1.355862
-420.3216 -1.352393
-419.2983 -1.349915
-418.2855 -1.346709
-417.2708 -1.343953
-416.2643 -1.340828
-415.2646 -1.337448
-414.2453 -1.33481
-413.2462 -1.332335
-412.2353 -1.330098
-411.2332 -1.327341
-410.2232 -1.324369
-409.2221 -1.321882
-408.2274 -1.318582
-407.2278 -1.315405
-406.2579 -1.313287
-405.2684 -1.309237
-404.29 -1.305757
-403.3007 -1.303296
-402.2948 -1.299487
-401.295 -1.297444
-400.2723 -1.295385
-399.2469 -1.292775
-398.2396 -1.290364
-397.2331 -1.286747
-396.2587 -1.284835
-395.2869 -1.282276
-394.2924 -1.279407
-393.2901 -1.277848
-392.2801 -1.272888
-391.273 -1.269544
-390.2667 -1.266966
-389.279 -1.263992
-388.2919 -1.263062
-387.2756 -1.260443
-386.2845 -1.258778
-385.2807 -1.256701
-384.2843 -1.253278
-383.3258 -1.250759
-382.3335 -1.247154
-381.3398 -1.242275
-380.3252 -1.23945
-379.3192 -1.236711
-378.3168 -1.232677
-377.3322 -1.232244
-376.3523 -1.230444
-375.3282 -1.227026
-374.3596 -1.224893
-373.3388 -1.22171
-372.3215 -1.218046
-371.3362 -1.214311
-370.3066 -1.211069
-369.3293 -1.206538
-368.3334 -1.202595
-367.3251 -1.200766
-366.3198 -1.196738
-365.3062 -1.192982
-364.3064 -1.19105
-363.3123 -1.187665
-362.2893 -1.185842
-361.2747 -1.184106
-360.2605 -1.180198
-359.249 -1.177005
-358.2946 -1.173571
-357.3028 -1.169981
-356.3097 -1.167581
-355.3325 -1.163423
-354.3232 -1.158731
-353.3237 -1.155004
-352.3421 -1.151224
-351.334 -1.148351
-350.324 -1.146594
-349.325 -1.142749
-348.3185 -1.13931
-347.3022 -1.135656
-346.3203 -1.132547
-345.34 -1.13054
-344.3441 -1.126486
-343.3575 -1.123656
-342.3495 -1.118041
-341.335 -1.112643
-340.326 -1.109423
-339.3086 -1.105132
-338.2966 -1.101925
-337.2859 -1.098424
-336.2715 -1.094046
-335.2872 -1.090593
-334.2997 -1.086669
-333.3268 -1.082166
-332.3445 -1.078063
-331.361 -1.072221
-330.3548 -1.06652
-329.3377 -1.062073
-328.3409 -1.057123
-327.3409 -1.052966
-326.357 -1.050594
-325.3611 -1.045746
-324.368 -1.041192
-323.3361 -1.035201
-322.317 -1.028953
-321.3325 -1.02295
-320.3207 -1.015839
-319.3275 -1.010711
-318.3329 -1.003897
-317.2878 -.9965683
-316.2909 -.991973
-315.2855 -.9849517
-314.2846 -.9784383
-313.2965 -.9749756
-312.2657 -.9680104
-311.2679 -.9607636
-310.232 -.9544517
-309.2489 -.9468089
-308.2563 -.9392362
-307.2599 -.9334822
-306.2902 -.9274944
-305.2886 -.9201401
-304.2999 -.9119778
-303.3191 -.9036292
-302.3155 -.8950751
-301.2933 -.8840868
-300.3156 -.8766932
-299.3177 -.8677571
-298.3146 -.8567814
-297.3351 -.850372
-296.3253 -.8407582
-295.3188 -.831727
-294.3216 -.8228633
-293.3141 -.8111825
-292.3257 -.7993959
-291.3042 -.7861216
-290.2893 -.774749
-289.3098 -.7635736
-288.2824 -.7528427
-287.3 -.7416951
-286.3089 -.7296342
-285.2897 -.7150888
-284.3098 -.7028158
-283.2975 -.6905799
-282.3048 -.6759141
-281.308 -.6629136
-280.2987 -.6458801
-279.3079 -.6285203
-278.3097 -.6122579
-277.3153 -.5955911
-276.3071 -.5806446
-275.3329 -.5648919
-274.3352 -.5476152
-273.3301 -.5290066
-272.3301 -.5068753
-271.3061 -.4863849
-270.3156 -.4657461
-269.3153 -.4440214
-268.3384 -.4267873
-267.3234 -.4048132
-266.3173 -.3814231
-265.3261 -.3595147
-264.3252 -.3337241
-263.3372 -.3103293
-262.3283 -.2874021
-261.3061 -.259446
-260.2765 -.2308539
-259.2683 -.2002914
-258.2633 -.1713413
-257.2767 -.1448408
-256.2818 -.1181803
-255.3072 -9.252369E-02
-254.3216 -6.069786E-02
-253.3168 -2.469119E-02
-252.3198 6.756853E-03
-251.3002 4.219188E-02
-250.297 7.601449E-02
-249.3118 .10657
-248.3193 .1450967
-247.3166 .1835384
-246.3179 .2215892
-245.2974 .2617985
-244.3018 .2991247
-243.306 .3375886
-242.3097 .3788187
-241.3192 .4229289
-240.3211 .4709497
-239.3052 .5153404
-238.2977 .5600762
-237.2929 .6075959
-236.2935 .6490315
-235.3199 .6974719
-234.3057 .750039
-233.3134 .7961457
-232.3136 .8484966
-231.2968 .9020619
-230.3237 .9508758
-229.3359 1.006761
-228.3392 1.061754
-227.3403 1.116677
-226.3301 1.170315
-225.3227 1.222891
-224.3371 1.279987
-223.369 1.334497
-222.3692 1.395785
-221.3503 1.465349
-220.3207 1.525455
-219.2867 1.588561
-218.2777 1.651127
-217.295 1.704126
-216.3072 1.765795
-215.3139 1.830066
-214.3266 1.892166
-213.3316 1.957551
-212.3253 2.021067
-211.3248 2.085816
-210.2884 2.151698
-209.2579 2.218573
-208.2371 2.290267
-207.2377 2.350845
-206.2689 2.408142
-205.2762 2.469388
-204.3086 2.522482
-203.322 2.585402
-202.3074 2.653455
-201.339 2.713622
-200.3203 2.777408
-199.305 2.838017
-198.3181 2.895439
-197.2966 2.956514
-196.3019 3.014505
-195.302 3.075004
-194.2934 3.131667
-193.3146 3.18456
-192.3241 3.241148
-191.3416 3.293115
-190.3491 3.347654
-189.3196 3.407485
-188.3221 3.455384
-187.3229 3.504059
-186.3265 3.551034
-185.353 3.588753
-184.3401 3.637944
-183.3308 3.684629
-182.3382 3.728142
-181.3184 3.774539
-180.3254 3.81171
-179.3463 3.846561
-178.3383 3.881221
-177.3492 3.911797
-176.3459 3.944647
-175.3342 3.971011
-174.3577 3.996201
-173.3652 4.02472
-172.3813 4.046438
-171.3584 4.075655
-170.3273 4.105677
-169.3247 4.124911
-168.3104 4.146991
-167.3201 4.161291
-166.3305 4.168519
-165.3392 4.180813
-164.3399 4.190397
-163.3554 4.198403
-162.371 4.205902
-161.3698 4.208539
-160.3687 4.214343
-159.3545 4.216045
-158.3451 4.22122
-157.3207 4.229049
-156.3038 4.223937
-155.3068 4.219523
-154.2852 4.212913
-153.2978 4.198388
-152.3181 4.190398
-151.3313 4.184384
-150.3629 4.17281
-149.3612 4.1623
-148.3561 4.148971
-147.3461 4.134403
-146.3425 4.12082
-145.3439 4.105412
-144.3592 4.094782
-143.3746 4.075951
-142.3713 4.056622
-141.3678 4.042479
-140.3715 4.020122
-139.3492 4.002542
-138.3266 3.98529
-137.3272 3.959921
-136.3167 3.938407
-135.3336 3.915818
-134.3551 3.891234
-133.3584 3.869508
-132.3487 3.84777
-131.3397 3.826691
-130.327 3.804905
-129.3498 3.779887
-128.3636 3.755835
-127.3817 3.729507
-126.3904 3.704048
-125.369 3.681255
-124.3784 3.654585
-123.3677 3.629743
-122.3818 3.606206
-121.3993 3.580396
-120.3831 3.55974
-119.3764 3.538225
-118.3552 3.51525
-117.3463 3.492918
-116.3571 3.467778
-115.3615 3.443268
-114.3603 3.418678
-113.3638 3.39398
-112.3422 3.371184
-111.3436 3.346099
-110.3341 3.323022
-109.3095 3.301266
-108.3019 3.278404
-107.2869 3.257973
-106.2778 3.236831
-105.2658 3.213446
-104.2723 3.191764
-103.278 3.171439
-102.2886 3.149994
-101.3176 3.130063
-100.3193 3.109525
-99.32137 3.087621
-98.32256 3.065974
-97.32227 3.044792
-96.31973 3.024818
-95.31723 3.004605
-94.32486 2.985984
-93.30813 2.968771
-92.30635 2.950326
-91.30066 2.934039
-90.29008 2.917415
-89.30376 2.898023
-88.32735 2.88072
-87.32264 2.862887
-86.339 2.845386
-85.34679 2.828972
-84.34501 2.812718
-83.36127 2.796293
-82.36845 2.780057
-81.35898 2.765986
-80.33046 2.752003
-79.32383 2.736976
-78.31044 2.722998
-77.31024 2.708246
-76.32584 2.69208
-75.33907 2.678003
-74.34045 2.664185
-73.35355 2.6495
-72.3649 2.637171
-71.34223 2.624674
-70.3425 2.611821
-69.32352 2.600619
-68.31357 2.589699
-67.31506 2.578712
-66.32741 2.56732
-65.3403 2.556717
-64.3595 2.54541
-63.37099 2.533643
-62.36544 2.522593
-61.34386 2.51251
-60.31915 2.501434
-59.32471 2.491407
-58.30838 2.482293
-57.33585 2.471061
-56.33211 2.462129
-55.30157 2.453029
-54.29653 2.443728
-53.27697 2.437049
-52.29935 2.428555
-51.32508 2.41987
-50.34057 2.411264
-49.35733 2.400573
-48.32919 2.392595
-47.32908 2.384491
-46.34175 2.376243
-45.32775 2.369768
-44.34454 2.361654
-43.34529 2.355105
-42.3187 2.349951
-41.32402 2.343656
-40.31154 2.337993
-39.31468 2.331144
-38.32137 2.323741
-37.32156 2.317558
-36.35165 2.310524
-35.35476 2.304813
-34.37668 2.299464
-33.37766 2.293794
-32.35273 2.289807
-31.34986 2.285273
-30.32681 2.281459
-29.30376 2.278575
-28.29016 2.274366
-27.27764 2.270475
-26.26554 2.265442
-25.28247 2.259072
-24.32479 2.25446
-23.3198 2.250395
-22.34107 2.246232
-21.35398 2.244071
-20.33573 2.241711
-19.35051 2.239025
-18.36468 2.237195
-17.35193 2.234407
-16.32789 2.232893
-15.32312 2.231434
-14.32162 2.229688
-13.31338 2.226953
-12.32707 2.222692
-11.31468 2.219092
-10.29297 2.216789
-9.297112 2.215428
-8.287107 2.214656
-7.286875 2.213726
-6.274246 2.211763
-5.255966 2.210178
-4.247856 2.209057
-3.28518 2.206659
-2.331461 2.204678
-1.385669 2.202688
-.4275791 2.200096
.5681335 2.198691
1.565375 2.197405
2.563497 2.198178
3.561686 2.196688
4.557332 2.195561
5.564261 2.195566
6.562101 2.193325
7.551831 2.195064
8.566771 2.196429
9.563398 2.196121
10.57435 2.195885
11.56712 2.195132
12.55157 2.193782
13.53344 2.193551
14.5188 2.192442
15.53039 2.192539
16.53043 2.19271
17.53413 2.193077
18.54058 2.195621
19.50749 2.195599
20.51426 2.196935
21.52722 2.198795
22.52893 2.198311
23.55924 2.19844
24.55698 2.197998
25.53973 2.196692
26.52095 2.197226
27.50523 2.197323
28.4953 2.199229
29.50508 2.201027
30.52051 2.202314
31.53531 2.204949
32.54492 2.205625
33.5333 2.207447
34.53068 2.209944
35.5285 2.210162
36.506 2.210718
37.50567 2.210625
38.50365 2.209472
39.49752 2.211159
40.51813 2.213064
41.51178 2.214737
42.50303 2.216961
43.50987 2.218114
44.48468 2.218845
45.51562 2.221084
46.52995 2.224225
47.54169 2.227413
48.57643 2.229809
49.57411 2.229999
50.57425 2.230025
51.56491 2.229544
52.56685 2.230957
53.57445 2.234353
54.56017 2.235119
55.54111 2.237453
56.52385 2.239267
57.48233 2.240211
58.49581 2.244789
59.49767 2.247584
60.50711 2.249945
61.53616 2.251505
62.51273 2.25173
63.51649 2.253245
64.49564 2.254547
65.47893 2.25702
66.51086 2.259696
67.51529 2.261306
68.53629 2.26456
69.54806 2.267517
70.53292 2.269537
71.5192 2.273257
72.51974 2.275809
73.49901 2.277196
74.50435 2.280014
75.50749 2.281328
76.50616 2.282793
77.5334 2.286101
78.52848 2.288986
79.5335 2.29318
80.51954 2.296369
81.50801 2.299574
82.50234 2.303132
83.49986 2.305741
84.49892 2.310517
85.50102 2.314078
86.51192 2.315813
87.52087 2.31761
88.5204 2.319126
89.53691 2.321468
90.53024 2.325541
91.52985 2.330585
92.54411 2.334714
93.52162 2.33834
94.52104 2.341064
95.52383 2.34473
96.52805 2.349483
97.53184 2.353616
98.56707 2.359095
99.12276 2.32483
99.15947 2.276188
98.71233 2.218044
97.72483 2.148401
96.70863 2.108682
95.69118 2.07358
94.68716 2.041192
93.67644 2.012391
92.64401 1.984595
91.65269 1.960057
90.65446 1.936779
89.64063 1.913826
88.66644 1.893075
87.66415 1.871406
86.65549 1.850907
85.67444 1.833026
84.66692 1.812962
83.65472 1.794001
82.64433 1.775217
81.6534 1.754391
80.66131 1.736325
79.67297 1.719365
78.67075 1.703
77.65601 1.688033
76.6713 1.672967
75.67716 1.657208
74.68617 1.641203
73.69127 1.625425
72.68936 1.611027
71.68483 1.596874
70.68029 1.584237
69.68835 1.572079
68.69023 1.558123
67.69919 1.546089
66.70593 1.532698
65.69945 1.519735
64.67735 1.507891
63.65799 1.495066
62.66581 1.482346
61.64968 1.470103
60.6535 1.457845
59.65691 1.446692
58.65073 1.4362
57.67193 1.425327
56.67332 1.415003
55.68452 1.402738
54.67605 1.390875
53.69308 1.379199
52.67906 1.367701
51.68549 1.357406
50.71808 1.348562
49.70887 1.338264
48.73907 1.327906
47.73647 1.31874
46.72188 1.307247
45.71563 1.298483
44.68843 1.289179
43.6911 1.27944
42.67709 1.270659
41.64128 1.260035
40.65961 1.250859
39.64197 1.242927
38.65009 1.234493
37.67971 1.226258
36.69114 1.21672
35.69189 1.206023
34.67513 1.197571
33.66413 1.188863
32.63457 1.181145
31.65009 1.173538
30.64361 1.165714
29.66038 1.158474
28.66325 1.150162
27.66156 1.142374
26.68358 1.132427
25.69053 1.123824
24.7261 1.116126
23.72055 1.107096
22.71342 1.099105
21.7121 1.090716
20.67323 1.081349
19.66846 1.073515
18.68547 1.066318
17.67791 1.057809
16.69513 1.051466
15.70387 1.0445
14.6928 1.03756
13.70939 1.031259
12.73107 1.024145
11.73966 1.017148
10.74656 1.009294
9.72813 1.001567
8.70937 .9941239
7.699565 .9867212
6.700378 .9790441
5.725189 .9736205
4.733432 .9665173
3.732601 .9597617
2.731338 .9542438
1.706926 .9464272
.7227633 .9392937
-.2642083 .9324693
-1.238384 .9264408
-2.177562 .9195043
-3.150708 .9138172
-4.114714 .9080406
-5.092163 .9003212
-6.126945 .8942428
-7.140804 .8877372
-8.138227 .8803287
-9.14888 .8733941
-10.12723 .8670746
-11.12242 .8604903
-12.14516 .854266
-13.15799 .8487608
-14.17813 .842603
-15.18591 .8367817
-16.19639 .8315228
-17.18055 .825565
-18.16387 .819594
-19.16492 .8134738
-20.15554 .8068819
-21.17291 .8002521
-22.19131 .7941089
-23.18469 .790179
-24.17738 .7847513
-25.16751 .7797505
-26.12445 .7739805
-27.12311 .7652087
-28.12425 .7579968
-29.13052 .7512904
-30.16927 .744662
-31.17421 .7394497
-32.17331 .7344995
-33.17349 .7290013
-34.15812 .72384
-35.16732 .718351
-36.17274 .7132753
-37.17258 .7086513
-38.18153 .7032417
-39.17093 .6973851
-40.14783 .690821
-41.16171 .6848632
-42.1527 .6805806
-43.16684 .6761473
-44.18641 .6704909
-45.16331 .6639699
-46.17103 .6553255
-47.15666 .6480535
-48.14867 .6427722
-49.15955 .6361907
-50.15593 .6315693
-51.16533 .6259354
-52.15422 .6198499
-53.1539 .6142514
-54.15518 .608045
-55.15546 .6019808
-56.17623 .5956396
-57.17728 .5901228
-58.1754 .5842398
-59.17981 .5776859
-60.17964 .5717547
-61.1878 .5667781
-62.21394 .5600445
-63.2215 .5540093
-64.21741 .5465736
-65.20649 .5373993
-66.20123 .5298946
-67.19406 .5224168
-68.20248 .5147001
-69.2166 .5073751
-70.20663 .499965
-71.20214 .4924266
-72.20435 .4852523
-73.19558 .4782614
-74.18584 .4718871
-75.17932 .4641627
-76.18649 .4569167
-77.1657 .4494894
-78.16306 .4400728
-79.16866 .432012
-80.15338 .4233506
-81.17784 .4131963
-82.18722 .4041134
-83.18587 .3942659
-84.17987 .3839575
-85.18489 .3737734
-86.2007 .3630057
-87.19536 .3532887
-88.19599 .3427314
-89.18597 .3320091
-90.16107 .32241
-91.15704 .3092993
-92.17431 .2975677
-93.17081 .2867621
-94.19508 .2745177
-95.2014 .2638041
-96.19089 .2515536
-97.19045 .2372803
-98.17375 .2237055
-99.18519 .208987
-100.1971 .1955014
-101.1939 .1817614
-102.1916 .1663054
-103.1739 .151294
-104.1539 .1334731
-105.1464 .1165715
-106.1426 .1001463
-107.1655 8.200711E-02
-108.1687 6.602429E-02
-109.1775 4.861017E-02
-110.1965 .0280962
-111.1904 8.216256E-03
-112.2054 -1.393902E-02
-113.2265 -3.429251E-02
-114.2334 -5.325121E-02
-115.2249 -7.363923E-02
-116.2209 -9.280829E-02
-117.2172 -.1182588
-118.2167 -.1421584
-119.2268 -.1663038
-120.2257 -.1938581
-121.2283 -.2174121
-122.2011 -.2422881
-123.2109 -.2706635
-124.214 -.2972239
-125.1949 -.3242896
-126.205 -.3543766
-127.2005 -.3815284
-128.1817 -.4112356
-129.1872 -.4446242
-130.1861 -.4780658
-131.1555 -.5141749
-132.1738 -.5498636
-133.1682 -.5840969
-134.1811 -.6177901
-135.1911 -.6521013
-136.1938 -.6897012
-137.2017 -.729758
-138.1781 -.7698433
-139.1987 -.8139989
-140.188 -.8552687
-141.1811 -.8951464
-142.1943 -.9411805
-143.1682 -.9842747
-144.1758 -1.029038
-145.195 -1.077355
-146.1985 -1.121314
-147.2128 -1.16835
-148.2026 -1.21744
-149.2039 -1.269327
-150.2164 -1.323835
-151.2138 -1.375347
-152.2236 -1.428434
-153.1955 -1.477635
-154.1766 -1.524649
-155.1801 -1.583757
-156.1625 -1.642848
-157.18 -1.703651
-158.1896 -1.771309
-159.2002 -1.831227
-160.2224 -1.890733
-161.2321 -1.954254
-162.2275 -2.014026
-163.2278 -2.075438
-164.2334 -2.135728
-165.2288 -2.196138
-166.2527 -2.257396
-167.2278 -2.318491
-168.2166 -2.388971
-169.2085 -2.459502
-170.1975 -2.525766
-171.2113 -2.597504
-172.2097 -2.660899
-173.2127 -2.720489
-174.1918 -2.78885
-175.1965 -2.853569
-176.2052 -2.92091
-177.196 -2.991487
-178.2104 -3.057356
-179.1991 -3.124717
-180.1804 -3.190916
-181.1772 -3.260894
-182.1635 -3.331803
-183.1836 -3.395953
-184.175 -3.462819
-185.1748 -3.525594
-186.1665 -3.58311
-187.1498 -3.651684
-188.1689 -3.718247
-189.1791 -3.781192
-190.1916 -3.848342
-191.1783 -3.905699
-192.1577 -3.959948
-193.1541 -4.019531
-194.131 -4.076596
-195.1509 -4.136592
-196.1575 -4.194975
-197.1532 -4.249446
-198.1698 -4.304602
-199.1483 -4.354292
-200.1538 -4.407425
-201.1449 -4.45758
-202.1376 -4.499003
-203.1578 -4.544723
-204.137 -4.582973
-205.1275 -4.617317
-206.1293 -4.662868
-207.1001 -4.703936
-208.1064 -4.747173
-209.1236 -4.79213
-210.1345 -4.826832
-211.1563 -4.860146
-212.1621 -4.890407
-213.1566 -4.918644
-214.1471 -4.94751
-215.1378 -4.970046
-216.1495 -4.994136
-217.1576 -5.014247
-218.1505 -5.030911
-219.1327 -5.05699
-220.1369 -5.076074
-221.1285 -5.093113
-222.1461 -5.111291
-223.182 -5.116259
-224.1914 -5.119899
-225.1932 -5.126997
-226.2056 -5.129835
-227.1957 -5.136497
-228.1877 -5.142257
-229.1895 -5.143759
-230.1889 -5.144605
-231.1774 -5.139927
-232.1733 -5.141136
-233.1995 -5.139199
-234.1781 -5.133328
-235.181 -5.133355
-236.1706 -5.124538
-237.1429 -5.114198
-238.1559 -5.111042
-239.1611 -5.100742
-240.1849 -5.090799
-241.1767 -5.081638
-242.1596 -5.065128
-243.1644 -5.047662
-244.1448 -5.031188
-245.1617 -5.015451
-246.184 -5.001474
-247.1894 -4.985831
-248.2043 -4.971783
-249.2008 -4.954955
-250.18 -4.934207
-251.1844 -4.920064
-252.1736 -4.900463
-253.179 -4.879123
-254.2067 -4.862746
-255.1982 -4.838728
-256.1918 -4.815543
-257.1799 -4.796074
-258.1595 -4.775204
-259.1706 -4.756697
-260.1684 -4.737683
-261.1912 -4.717692
-262.2037 -4.696241
-263.1915 -4.67195
-264.1839 -4.650953
-265.1671 -4.627693
-266.1541 -4.60384
-267.1698 -4.584596
-268.19 -4.561424
-269.1776 -4.537364
-270.2008 -4.519486
-271.1839 -4.496622
-272.1799 -4.47512
-273.2066 -4.454434
-274.1897 -4.427669
-275.1911 -4.40393
-276.1872 -4.380308
-277.1674 -4.358536
-278.1649 -4.338749
-279.1618 -4.316437
-280.1775 -4.295445
-281.1732 -4.273448
-282.167 -4.247809
-283.1749 -4.226613
-284.1778 -4.205017
-285.1815 -4.184061
-286.1938 -4.167241
-287.2008 -4.146721
-288.1791 -4.126414
-289.183 -4.106349
-290.1736 -4.085714
-291.1644 -4.066324
-292.1491 -4.046018
-293.164 -4.025438
-294.1694 -4.003467
-295.1533 -3.981052
-296.1792 -3.961289
-297.1681 -3.941652
-298.1577 -3.922973
-299.1582 -3.906181
-300.1587 -3.885808
-301.1481 -3.864654
-302.1492 -3.845267
-303.1721 -3.823917
-304.1509 -3.805557
-305.1564 -3.789505
-306.1468 -3.771854
-307.1123 -3.754801
-308.1081 -3.738542
-309.1033 -3.721911
-310.1106 -3.706229
-311.1243 -3.689667
-312.1513 -3.672482
-313.1725 -3.653933
-314.1807 -3.635234
-315.1954 -3.618634
-316.1925 -3.600542
-317.19 -3.582966
-318.2179 -3.567501
-319.2145 -3.5499
-320.2155 -3.53261
-321.2079 -3.516629
-322.19 -3.499698
-323.1914 -3.48454
-324.1961 -3.47053
-325.2159 -3.456553
-326.2146 -3.442754
-327.2112 -3.427019
-328.213 -3.412926
-329.201 -3.398897
-330.2023 -3.383405
-331.1927 -3.370343
-332.1793 -3.354989
-333.1532 -3.339034
-334.1406 -3.326022
-335.1558 -3.311966
-336.169 -3.298394
-337.1933 -3.285321
-338.2095 -3.270635
-339.2092 -3.25475
-340.2114 -3.240186
-341.21 -3.227026
-342.2319 -3.214343
-343.2228 -3.202597
-344.2098 -3.191401
-345.207 -3.177978
-346.1632 -3.164662
-347.1686 -3.15359
-348.1793 -3.141121
-349.1773 -3.129352
-350.1918 -3.119061
-351.1921 -3.106223
-352.1843 -3.094221
-353.1813 -3.082838
-354.1791 -3.069868
-355.1732 -3.058172
-356.162 -3.046941
-357.1583 -3.035762
-358.145 -3.024752
-359.157 -3.012902
-360.1715 -3.002542
-361.191 -2.992161
-362.2025 -2.982441
-363.1964 -2.974447
-364.1966 -2.963276
-365.1828 -2.951642
-366.1817 -2.940742
-367.1862 -2.928816
-368.1721 -2.919122
-369.1726 -2.910583
-370.1716 -2.901253
-371.1656 -2.89219
-372.1719 -2.882457
-373.1811 -2.872498
-374.1939 -2.863161
-375.1934 -2.85309
-376.2075 -2.843796
-377.2053 -2.835009
-378.1961 -2.825979
-379.2077 -2.818332
-380.1919 -2.810155
-381.1867 -2.80185
-382.1989 -2.793886
-383.1797 -2.785673
-384.17 -2.776761
-385.1392 -2.768181
-386.1247 -2.759426
-387.1119 -2.750475
-388.1162 -2.74298
-389.1448 -2.734986
-390.1348 -2.727284
-391.142 -2.719069
-392.1592 -2.711465
-393.1624 -2.703094
-394.1655 -2.693947
-395.1715 -2.687373
-396.1672 -2.679449
-397.1295 -2.671905
-398.1119 -2.667503
-399.1212 -2.661264
-400.1217 -2.655203
-401.1538 -2.650528
-402.1683 -2.642633
-403.1654 -2.634981
-404.1673 -2.628417
-405.1705 -2.621132
-406.1808 -2.614275
-407.1664 -2.607284
-408.143 -2.600534
-409.1258 -2.593254
-410.0928 -2.586945
-411.1028 -2.582533
-412.1021 -2.575138
-413.093 -2.569093
-414.1112 -2.563852
-415.0996 -2.556484
-416.0991 -2.552423
-417.1215 -2.548262
-418.1346 -2.541812
-419.1493 -2.536839
-420.1623 -2.530639
-421.1683 -2.523819
-422.1793 -2.518575
-423.1747 -2.513237
-424.1786 -2.50648
-425.1851 -2.501397
-426.1728 -2.496436
-427.1743 -2.491219
-428.1728 -2.487207
-429.1527 -2.482491
-430.145 -2.476842
-431.1509 -2.470518
-432.149 -2.464759
-433.1627 -2.459372
-434.1605 -2.456254
-435.1605 -2.453494
-436.1367 -2.45014
-437.1199 -2.446986
-438.131 -2.442535
-439.1228 -2.437642
-440.1434 -2.434398
-441.1689 -2.430422
-442.1638 -2.424877
-443.1705 -2.421451
-444.1895 -2.416524
-445.1697 -2.410864
-446.1658 -2.407661
-447.1797 -2.402698
-448.1467 -2.397854
-449.1476 -2.394157
-450.1536 -2.389301
-451.1292 -2.384444
-452.1527 -2.381727
-453.148 -2.379059
-454.1548 -2.376334
-455.1764 -2.37448
-456.172 -2.371934
-457.1862 -2.368427
-458.1645 -2.365154
-459.1604 -2.362192
-460.1501 -2.3581
-461.1322 -2.35466
-462.1429 -2.352383
-463.1329 -2.349648
-464.1353 -2.346541
-465.1533 -2.344455
-466.1518 -2.340829
-467.161 -2.337428
-468.189 -2.334836
-469.1779 -2.330417
-470.208 -2.327811
-471.2117 -2.325289
-472.1993 -2.323152
-473.2097 -2.322043
-474.1765 -2.319614
-475.1749 -2.317451
-476.1678 -2.315315
-477.155 -2.313042
-478.1842 -2.311182
-479.182 -2.309428
-480.1783 -2.307051
-481.1875 -2.30507
-482.169 -2.303817
-483.1719 -2.301964
-484.1749 -2.300013
-485.1646 -2.298648
-486.1779 -2.296128
-487.1601 -2.29376
-488.1741 -2.292837
-489.1748 -2.291369
-490.1631 -2.290339
-491.1787 -2.289886
-492.1638 -2.288858
-493.1852 -2.287683
-494.184 -2.286929
-495.1648 -2.28534
-496.1757 -2.283673
-497.1653 -2.282516
-498.1539 -2.280909
-498.7307 -2.26209
-498.7924 -2.238479
-498.357 -2.210242
-497.4278 -2.178135
-496.4147 -2.159413
-495.4116 -2.144674
-494.4028 -2.131592
-493.3891 -2.120371
-492.3834 -2.111373
-491.3768 -2.100518
-490.3576 -2.089053
-489.3788 -2.079402
-488.3892 -2.068857
-487.3902 -2.059464
-486.4194 -2.051847
-485.4276 -2.042419
-484.428 -2.033798
-483.4238 -2.025564
-482.4225 -2.017124
-481.4089 -2.010335
-480.4083 -2.003473
-479.4307 -1.996698
-478.4468 -1.989383
-477.4425 -1.981136
-476.4432 -1.973512
-475.4297 -1.965326
-474.4282 -1.957299
-473.4379 -1.950177
-472.4651 -1.943065
-471.463 -1.936135
-470.4434 -1.92948
-469.4682 -1.923159
-468.4495 -1.917313
-467.4616 -1.911918
-466.4597 -1.906395
-465.4358 -1.900695
-464.4245 -1.893754
-463.3978 -1.887145
-462.409 -1.882
-461.3968 -1.875278
-460.4155 -1.870527
-459.4323 -1.864393
-458.4076 -1.856453
-457.4289 -1.850775
-456.4117 -1.845555
-455.4171 -1.84045
-454.4421 -1.83723
-453.4266 -1.832627
-452.4385 -1.826187
-451.4206 -1.820665
-450.4245 -1.815617
-449.4345 -1.810341
-448.4298 -1.80539
-447.4583 -1.801433
-446.4526 -1.793962
-445.4317 -1.789065
-444.4342 -1.784748
-443.4231 -1.780121
-442.4166 -1.77733
-441.4315 -1.773781
-440.4485 -1.768755
-439.4289 -1.762425
-438.4295 -1.758881
-437.4031 -1.753108
-436.396 -1.748594
-435.4113 -1.745882
-434.4167 -1.738936
-433.4479 -1.732922
-432.4282 -1.728264
-431.4412 -1.72418
-430.446 -1.72089
-429.4398 -1.717842
-428.4532 -1.713885
-427.4338 -1.707209
-426.4242 -1.701526
-425.407 -1.696428
-424.4014 -1.691066
-423.3927 -1.68805
-422.3908 -1.683267
-421.4095 -1.678866
-420.404 -1.674245
-419.4204 -1.669713
-418.4196 -1.667098
-417.4215 -1.663985
-416.4277 -1.661306
-415.4081 -1.657044
-414.3922 -1.653722
-413.3619 -1.648289
-412.3306 -1.644179
-411.3368 -1.640219
-410.3358 -1.634511
-409.3607 -1.630897
-408.3833 -1.625325
-407.3685 -1.620438
-406.3865 -1.617971
-405.3906 -1.615581
-404.3934 -1.613261
-403.4114 -1.609887
-402.4072 -1.606042
-401.4008 -1.600652
-400.3808 -1.59543
-399.3694 -1.591671
-398.361 -1.586806
-397.3603 -1.582498
-396.3751 -1.579642
-395.3973 -1.574094
-394.4148 -1.5701
-393.4178 -1.56803
-392.4378 -1.564662
-391.4302 -1.562602
-390.4115 -1.55935
-389.413 -1.554451
-388.3979 -1.548909
-387.3739 -1.544855
-386.3835 -1.540932
-385.3846 -1.53763
-384.3802 -1.534179
-383.4017 -1.529646
-382.4051 -1.524263
-381.4008 -1.519765
-380.4078 -1.517108
-379.3973 -1.514475
-378.3949 -1.512397
-377.4153 -1.508577
-376.3996 -1.504555
-375.4104 -1.500867
-374.3985 -1.49621
-373.3816 -1.492769
-372.3945 -1.489299
-371.405 -1.484525
-370.4108 -1.481039
-369.4319 -1.477295
-368.4378 -1.472166
-367.427 -1.469635
-366.4371 -1.467363
-365.4134 -1.46302
-364.4178 -1.46042
-363.4269 -1.45566
-362.418 -1.449213
-361.4229 -1.44514
-360.4174 -1.439918
-359.3895 -1.435316
-358.4027 -1.431502
-357.4053 -1.42758
-356.4065 -1.424163
-355.4344 -1.420111
-354.4555 -1.417712
-353.4608 -1.414124
-352.4582 -1.409338
-351.4522 -1.405307
-350.4219 -1.399545
-349.4027 -1.393418
-348.3994 -1.38909
-347.4022 -1.384073
-346.4136 -1.379101
-345.4311 -1.374391
-344.4382 -1.369587
-343.4389 -1.365028
-342.4304 -1.361574
-341.4363 -1.358254
-340.4552 -1.354248
-339.4552 -1.350023
-338.4547 -1.344468
-337.434 -1.338893
-336.4062 -1.333751
-335.3915 -1.329592
-334.4001 -1.325233
-333.4221 -1.318617
-332.4343 -1.312615
-331.4581 -1.305977
-330.4587 -1.29993
-329.4454 -1.29727
-328.4539 -1.293267
-327.4473 -1.288346
-326.4526 -1.28374
-325.4669 -1.277025
-324.4607 -1.270646
-323.4451 -1.264341
-322.4366 -1.257527
-321.4215 -1.250683
-320.4165 -1.24346
-319.4309 -1.237315
-318.4272 -1.231331
-317.4253 -1.224774
-316.4246 -1.220758
-315.4337 -1.214381
-314.4496 -1.207358
-313.4618 -1.201406
-312.4632 -1.192347
-311.4395 -1.183559
-310.4175 -1.174996
-309.4012 -1.166925
-308.3851 -1.158674
-307.3893 -1.151981
-306.3932 -1.145403
-305.4033 -1.137361
-304.4212 -1.129362
-303.4297 -1.121457
-302.439 -1.112429
-301.4406 -1.101956
-300.4558 -1.092821
-299.4479 -1.081867
-298.4346 -1.070315
-297.4167 -1.060949
-296.4024 -1.050363
-295.4208 -1.038496
-294.4364 -1.02839
-293.4575 -1.016954
-292.4647 -1.005708
-291.455 -.9952281
-290.4417 -.9833903
-289.4244 -.9733688
-288.4075 -.9606096
-287.4178 -.9483095
-286.441 -.9351493
-285.4363 -.9189621
-284.4301 -.9054706
-283.4227 -.8903419
-282.4042 -.8744234
-281.4283 -.86037
-280.4333 -.8436904
-279.4474 -.8285845
-278.457 -.8138866
-277.4546 -.7989826
-276.4578 -.7827687
-275.4651 -.7647183
-274.4832 -.745454
-273.4885 -.7245908
-272.4933 -.7029389
-271.4723 -.6829081
-270.4484 -.6621358
-269.4464 -.6402606
-268.4534 -.6205313
-267.4568 -.5965112
-266.4457 -.5723968
-265.4447 -.549785
-264.4479 -.5258304
-263.4325 -.5025086
-262.4566 -.4789205
-261.4221 -.4498147
-260.4133 -.4229647
-259.4135 -.3912333
-258.3907 -.3623329
-257.4174 -.3339555
-256.4112 -.3028875
-255.4041 -.2768925
-254.4223 -.2457777
-253.4204 -.2118784
-252.4197 -.1812921
-251.4554 -.1460845
-250.4532 -.1090245
-249.4714 -7.583389E-02
-248.4797 -3.632842E-02
-247.4821 2.782356E-03
-246.4609 3.949852E-02
-245.4499 8.062942E-02
-244.4676 .1201479
-243.4527 .1601896
-242.4831 .2014402
-241.4833 .2438642
-240.4654 .291171
-239.4833 .3354034
-238.4629 .381115
-237.4528 .4303145
-236.4471 .4722029
-235.4285 .5210326
-234.4078 .5729881
-233.4145 .6204846
-232.4203 .6744666
-231.4242 .7267081
-230.4471 .7764302
-229.4479 .8303151
-228.4484 .8835503
-227.4467 .9394664
-226.4552 .9945872
-225.4565 1.048187
-224.4658 1.105171
-223.4696 1.159953
-222.4586 1.221916
-221.4414 1.290954
-220.4385 1.353707
-219.4173 1.417556
-218.4214 1.479865
-217.4469 1.534328
-216.4387 1.594295
-215.4447 1.65635
-214.4446 1.717267
-213.4056 1.781862
-212.3915 1.845339
-211.4029 1.91195
-210.3941 1.979723
-209.405 2.047792
-208.3829 2.120098
-207.3466 2.182144
-206.3423 2.240122
-205.3449 2.301713
-204.3747 2.353788
-203.4039 2.413978
-202.4012 2.479502
-201.4118 2.538199
-200.428 2.604084
-199.4126 2.66785
-198.4191 2.726853
-197.4362 2.78987
-196.4284 2.848128
-195.4397 2.90904
-194.4384 2.967837
-193.4437 3.021337
-192.4446 3.077383
-191.4432 3.127276
-190.4671 3.180753
-189.4501 3.239305
-188.4543 3.289289
-187.4625 3.339778
-186.4495 3.387582
-185.4539 3.426826
-184.4471 3.472844
-183.426 3.520687
-182.4146 3.565052
-181.4014 3.61043
-180.4176 3.649987
-179.4374 3.68361
-178.4604 3.716234
-177.4757 3.747577
-176.4759 3.78005
-175.4861 3.807039
-174.4876 3.833568
-173.485 3.862674
-172.4836 3.884307
-171.4724 3.912557
-170.4617 3.942907
-169.4591 3.961979
-168.4491 3.983711
-167.4531 3.999556
-166.4587 4.005166
-165.463 4.015998
-164.4668 4.026085
-163.4724 4.036168
-162.4715 4.046488
-161.4721 4.054794
-160.4661 4.06293
-159.4679 4.066085
-158.4479 4.07074
-157.4221 4.075534
-156.4052 4.069861
-155.4005 4.063926
-154.4245 4.056489
-153.446 4.040474
-152.4654 4.033205
-151.4506 4.027131
-150.4425 4.01788
-149.4342 4.010576
-148.4397 3.999552
-147.4482 3.985405
-146.4586 3.969918
-145.4656 3.9556
-144.4575 3.944192
-143.4695 3.926858
-142.4556 3.909701
-141.4547 3.893231
-140.4486 3.869056
-139.4511 3.850138
-138.4477 3.833095
-137.4447 3.810111
-136.442 3.789304
-135.4344 3.767417
-134.448 3.743165
-133.4471 3.722349
-132.4564 3.701662
-131.4472 3.682643
-130.4223 3.659364
-129.4452 3.633285
-128.4438 3.608552
-127.4392 3.581973
-126.4626 3.558441
-125.4425 3.53731
-124.4533 3.51308
-123.4838 3.488475
-122.4891 3.465699
-121.5047 3.440431
-120.503 3.417175
-119.4648 3.394429
-118.4425 3.370258
-117.435 3.346476
-116.4359 3.322591
-115.4568 3.298261
-114.476 3.274755
-113.4731 3.250705
-112.4538 3.229929
-111.4427 3.207163
-110.4237 3.185173
-109.4099 3.16439
-108.4321 3.141294
-107.4207 3.120293
-106.421 3.099409
-105.4195 3.076556
-104.3884 3.054093
-103.3956 3.031783
-102.4134 3.008387
-101.4144 2.987753
-100.4307 2.968425
-99.41943 2.949352
-98.40277 2.930792
-97.41357 2.911013
-96.3961 2.892051
-95.40341 2.872085
-94.41389 2.854745
-93.40839 2.837128
-92.41064 2.818048
-91.43062 2.800026
-90.43816 2.781062
-89.43983 2.76171
-88.4667 2.744861
-87.43564 2.728537
-86.41694 2.711195
-85.42517 2.695442
-84.40819 2.678913
-83.42593 2.662688
-82.44056 2.64855
-81.42326 2.63462
-80.42097 2.620236
-79.41217 2.604536
-78.41166 2.588145
-77.40559 2.572158
-76.41969 2.556399
-75.44067 2.542699
-74.42529 2.529931
-73.43549 2.516214
-72.4321 2.504102
-71.42756 2.491874
-70.44344 2.479069
-69.44166 2.467609
-68.44218 2.455369
-67.43024 2.443607
-66.42507 2.430769
-65.42781 2.417148
-64.43727 2.405068
-63.45271 2.392407
-62.46244 2.381774
-61.44649 2.372689
-60.4325 2.362775
-59.42031 2.353349
-58.42323 2.343947
-57.42976 2.333857
-56.43848 2.324687
-55.43047 2.315595
-54.4028 2.305771
-53.41331 2.295216
-52.39777 2.284296
-51.41259 2.274901
-50.41892 2.266446
-49.41651 2.25916
-48.40727 2.252634
-47.4052 2.244236
-46.42474 2.234968
-45.44064 2.227788
-44.449 2.22053
-43.45108 2.214008
-42.43227 2.207942
-41.41827 2.200119
-40.42321 2.192134
-39.42813 2.184964
-38.41669 2.178174
-37.42751 2.17213
-36.42658 2.165876
-35.40186 2.158968
-34.41954 2.152153
-33.41914 2.1454
-32.41749 2.140429
-31.42688 2.136036
-30.4149 2.130844
-29.39559 2.126033
-28.37096 2.119524
-27.38015 2.113061
-26.38063 2.1085
-25.38491 2.102854
-24.42396 2.098299
-23.41867 2.094597
-22.41354 2.090169
-21.42103 2.087365
-20.3989 2.083944
-19.39768 2.080986
-18.40363 2.077365
-17.40602 2.072728
-16.40026 2.069339
-15.38856 2.063573
-14.39228 2.060229
-13.37148 2.057895
-12.38763 2.05394
-11.39511 2.052559
-10.38941 2.050878
-9.39092 2.047282
-8.383326 2.046042
-7.388162 2.044159
-6.378324 2.041968
-5.400609 2.040387
-4.383691 2.038349
-3.382628 2.03339
-2.423491 2.029294
-1.449747 2.026801
-.4923558 2.024149
.4965934 2.02454
1.482252 2.024257
2.514408 2.02337
3.493585 2.021183
4.477017 2.020286
5.482235 2.020889
6.443715 2.019223
7.448368 2.018765
8.459702 2.017361
9.480889 2.014573
10.49194 2.013741
11.50543 2.01299
12.4724 2.012911
13.44981 2.011962
14.42971 2.012431
15.42361 2.013645
16.42911 2.013371
17.43029 2.014108
18.45355 2.012996
19.44079 2.01127
20.448 2.010257
21.46279 2.009744
22.45613 2.009404
23.47876 2.011763
24.48976 2.013363
25.46911 2.015291
26.45698 2.019472
27.42868 2.019475
28.42466 2.02044
29.41776 2.020354
30.41643 2.017919
31.41724 2.018172
32.38316 2.017413
33.39241 2.018532
34.40365 2.021136
35.40317 2.020948
36.41713 2.023331
37.39755 2.025175
38.38947 2.026169
39.39243 2.030155
40.40961 2.0323
41.42386 2.033377
42.42623 2.035296
43.43692 2.036034
44.42873 2.037225
45.43585 2.038653
46.45362 2.039821
47.45779 2.041919
48.46489 2.043846
49.4559 2.045006
50.44315 2.047273
51.43777 2.04706
52.43855 2.04706
53.43449 2.05029
54.43197 2.051889
55.41483 2.056086
56.39032 2.059895
57.39662 2.060099
58.40162 2.061849
59.42073 2.062872
60.43713 2.065055
61.44421 2.06851
62.41478 2.071832
63.40925 2.076248
64.41415 2.084074
65.39294 2.086338
66.41887 2.094167
67.39439 2.09845
68.38982 2.099295
69.41115 2.102328
70.4092 2.096166
71.42238 2.108732
72.4326 2.118114
73.42702 2.126405
74.4282 2.135027
75.42575 2.127274
76.41224 2.124848
77.38568 2.127018
78.38166 2.132612
79.39265 2.139357
80.39211 2.140733
81.40365 2.142518
82.41676 2.141534
83.38977 2.134746
84.36335 2.133369
85.38715 2.133637
86.37156 2.135388
87.40657 2.142456
88.43483 2.147501
89.40967 2.150121
90.39572 2.153965
91.39569 2.158106
92.40145 2.162373
93.41969 2.166359
94.42738 2.170085
95.42058 2.172857
96.40588 2.17139
97.38911 2.170901
98.43275 2.172731
99.03419 2.142946
99.137 2.105591
98.73003 2.058697
97.78402 2.000206
96.75465 1.966926
95.74784 1.936646
94.73571 1.905863
93.72777 1.876982
92.71973 1.848086
91.71127 1.821747
90.70131 1.798148
89.72017 1.77541
88.72722 1.753299
87.72911 1.729242
86.73744 1.706851
85.70655 1.687047
84.71024 1.666618
83.70041 1.649307
82.71078 1.633111
81.71324 1.615621
80.72649 1.601215
79.72655 1.586435
78.75275 1.571656
77.76237 1.557837
76.75268 1.54331
75.77096 1.529099
74.74395 1.5147
73.75519 1.501288
72.7571 1.489012
71.75124 1.47526
70.75761 1.462249
69.73646 1.449628
68.74048 1.434268
67.74182 1.42175
66.73322 1.417176
65.74393 1.4072
64.74362 1.395554
63.75385 1.38431
62.76838 1.365324
61.76648 1.351276
60.77282 1.342812
59.75588 1.332574
58.73923 1.322922
57.74096 1.312695
56.75598 1.301593
55.75359 1.291475
54.7788 1.282241
53.79128 1.273059
52.77805 1.26215
51.79874 1.251832
50.80788 1.240336
49.82092 1.228768
48.83279 1.219402
47.83917 1.210345
46.8189 1.20019
45.79437 1.191545
44.77657 1.18259
43.75898 1.173121
42.73652 1.165027
41.7392 1.156498
40.74629 1.148391
39.77041 1.140373
38.78287 1.132946
37.79075 1.124919
36.76746 1.116593
35.73172 1.108771
34.72987 1.100017
33.73292 1.090804
32.75385 1.082004
31.7619 1.073204
30.7775 1.064753
29.77828 1.057619
28.75031 1.049476
27.75645 1.041863
26.76394 1.03484
25.76195 1.027717
24.80404 1.0207
23.79572 1.012285
22.78189 1.004214
21.77318 .9965917
20.74812 .9897
19.74646 .9840702
18.77012 .9774215
17.77569 .9687145
16.79048 .9604268
15.81203 .9526467
14.78147 .9450083
13.77968 .9392316
12.7884 .9328644
11.78239 .9260865
10.7952 .9193977
9.79442 .912349
8.789917 .9057959
7.801781 .8976409
6.833472 .8929615
5.85363 .8869375
4.846833 .8802445
3.848378 .8750065
2.813082 .8672425
1.796314 .8605049
.8176515 .8561044
-.1834618 .8513252
-1.137297 .8467597
-2.073634 .8415543
-3.056916 .8339717
-4.022434 .8265119
-5.028201 .817673
-6.048291 .8106095
-7.054274 .804361
-8.054025 .7976117
-9.064993 .7914963
-10.06345 .7859312
-11.06669 .7796723
-12.07488 .77376
-13.07236 .7689756
-14.09417 .7639508
-15.08106 .7591242
-16.10426 .7539602
-17.09954 .7485447
-18.06964 .7415127
-19.07912 .7365898
-20.08507 .7314662
-21.08936 .7249751
-22.12181 .7192276
-23.12673 .7122821
-24.10532 .7061453
-25.07236 .7010083
-26.05077 .6964476
-27.02616 .6906134
-28.02942 .6849318
-29.04942 .6787505
-30.09778 .672648
-31.12063 .6673269
-32.11799 .6620221
-33.13279 .6569812
-34.09449 .6517244
-35.09407 .6461768
-36.10652 .6415587
-37.09284 .6367227
-38.08254 .6308195
-39.08984 .6253273
-40.07016 .6190768
-41.08479 .6123179
-42.10492 .6067865
-43.10635 .600648
-44.123 .5951021
-45.11822 .5904698
-46.11877 .5853351
-47.09532 .5811291
-48.09198 .5759093
-49.09178 .5696692
-50.09373 .5639932
-51.1067 .5581792
-52.11069 .5520503
-53.09208 .5465205
-54.08101 .5409366
-55.09901 .5353473
-56.10081 .5298979
-57.11494 .5242085
-58.08658 .5184088
-59.08352 .5104245
-60.07177 .5027107
-61.07427 .4957995
-62.10107 .4879424
-63.08463 .482654
-64.09057 .4777032
-65.10778 .4722031
-66.11194 .4671896
-67.11694 .4605994
-68.11374 .4537177
-69.12427 .445821
-70.13213 .4381221
-71.1359 .4312541
-72.14197 .4238085
-73.11404 .4179693
-74.09329 .4119742
-75.0854 .4038215
-76.08549 .3960342
-77.08026 .3864888
-78.07814 .3760161
-79.09058 .3664925
-80.08754 .3566647
-81.10365 .3476609
-82.11981 .3394686
-83.11034 .3312798
-84.08607 .3232734
-85.08057 .3143371
-86.07147 .3046515
-87.07571 .2954106
-88.10107 .2849927
-89.10008 .2742362
-90.09396 .2644029
-91.07998 .2533978
-92.07246 .2438489
-93.08009 .2342538
-94.106 .2221467
-95.11589 .2090706
-96.11396 .1950205
-97.10419 .180553
-98.08434 .166652
-99.07291 .1525921
-100.0757 .1380895
-101.0668 .1237803
-102.0647 .10965
-103.0698 9.621799E-02
-104.0737 8.089434E-02
-105.0824 6.478834E-02
-106.0714 4.911685E-02
-107.0825 3.141707E-02
-108.0828 1.356679E-02
-109.0785 -3.981349E-03
-110.087 -2.339642E-02
-111.1004 -4.164426E-02
-112.1023 -6.106818E-02
-113.1342 -.0818828
-114.1704 -.1021738
-115.1614 -.1245292
-116.1553 -.1464742
-117.1257 -.169609
-118.1037 -.1943408
-119.1086 -.2198067
-120.1215 -.2449625
-121.1346 -.2706122
-122.1219 -.2937203
-123.0943 -.3205182
-124.0739 -.3474277
-125.0692 -.3736221
-126.0851 -.4047765
-127.1056 -.4322007
-128.1101 -.4604459
-129.1169 -.4927194
-130.1298 -.5235621
-131.1356 -.5585197
-132.1405 -.5946071
-133.1204 -.6305461
-134.1161 -.6667719
-135.1263 -.7004862
-136.1265 -.7396113
-137.1461 -.7773283
-138.1373 -.8155473
-139.1211 -.8595165
-140.1288 -.8982971
-141.1053 -.937431
-142.1151 -.9821187
-143.106 -1.02596
-144.0939 -1.072444
-145.1005 -1.120568
-146.0771 -1.164708
-147.0687 -1.209665
-148.0742 -1.256529
-149.0688 -1.308177
-150.083 -1.361612
-151.0807 -1.413355
-152.0788 -1.467376
-153.0799 -1.519168
-154.0812 -1.567411
-155.0851 -1.625548
-156.0923 -1.683222
-157.1027 -1.741152
-158.0819 -1.806662
-159.0882 -1.867661
-160.0794 -1.927259
-161.0708 -1.990387
-162.0887 -2.051764
-163.0953 -2.113683
-164.0983 -2.172919
-165.1012 -2.232857
-166.0929 -2.294024
-167.0814 -2.353165
-168.08 -2.422715
-169.098 -2.493678
-170.0814 -2.560624
-171.0917 -2.633106
-172.0825 -2.699497
-173.0526 -2.76166
-174.0707 -2.828445
-175.0609 -2.891936
-176.0645 -2.956853
-177.0772 -3.02387
-178.0966 -3.088454
-179.0999 -3.155688
-180.09 -3.222248
-181.0931 -3.291921
-182.0826 -3.364368
-183.0744 -3.430836
-184.0928 -3.497622
-185.0907 -3.561174
-186.0645 -3.619087
-187.0737 -3.685498
-188.0671 -3.752647
-189.0452 -3.81659
-190.0685 -3.884565
-191.0684 -3.943765
-192.0562 -3.999233
-193.0748 -4.058273
-194.0762 -4.112361
-195.077 -4.169332
-196.0955 -4.225923
-197.0763 -4.278358
-198.0554 -4.33275
-199.0413 -4.384173
-200.0295 -4.437302
-201.0528 -4.488935
-202.0641 -4.53252
-203.0742 -4.577433
-204.0789 -4.615752
-205.0434 -4.650726
-206.0314 -4.697108
-207.0204 -4.738098
-208.0115 -4.782316
-209.0386 -4.829224
-210.0426 -4.865972
-211.0607 -4.901259
-212.089 -4.9315
-213.0761 -4.958949
-214.0799 -4.984294
-215.0792 -5.005949
-216.0511 -5.028957
-217.0577 -5.04805
-218.0558 -5.064384
-219.0814 -5.090246
-220.089 -5.110844
-221.1169 -5.127337
-222.1282 -5.14619
-223.11 -5.151598
-224.1076 -5.155243
-225.0889 -5.163242
-226.0716 -5.1689
-227.0551 -5.176207
-228.0584 -5.182878
-229.0695 -5.186347
-230.0873 -5.187786
-231.097 -5.184009
-232.104 -5.18441
-233.1013 -5.181661
-234.0974 -5.174167
-235.1029 -5.172863
-236.0868 -5.16463
-237.0563 -5.154001
-238.0555 -5.150396
-239.0648 -5.141096
-240.0815 -5.130051
-241.121 -5.119385
-242.1033 -5.104144
-243.0845 -5.088113
-244.0612 -5.073086
-245.0582 -5.060824
-246.0798 -5.048374
-247.0721 -5.032783
-248.0864 -5.019039
-249.0676 -5.001807
-250.0735 -4.980359
-251.0949 -4.964394
-252.0928 -4.94533
-253.0983 -4.923442
-254.0875 -4.905129
-255.062 -4.881799
-256.0375 -4.858511
-257.0307 -4.839142
-258.0278 -4.819893
-259.035 -4.801695
-260.0662 -4.781865
-261.0847 -4.761002
-262.0811 -4.740281
-263.0871 -4.716881
-264.0845 -4.69659
-265.0741 -4.67609
-266.0803 -4.652128
-267.0718 -4.632014
-268.0719 -4.609451
-269.0579 -4.584895
-270.0595 -4.566839
-271.0746 -4.545364
-272.1026 -4.524455
-273.1183 -4.503175
-274.1357 -4.477526
-275.1314 -4.453234
-276.1108 -4.429276
-277.1075 -4.40757
-278.0994 -4.390382
-279.0973 -4.369136
-280.0879 -4.348433
-281.0751 -4.327104
-282.0593 -4.299993
-283.0845 -4.280498
-284.1045 -4.259964
-285.1112 -4.237852
-286.1306 -4.218297
-287.1194 -4.196984
-288.1202 -4.175336
-289.144 -4.157879
-290.1396 -4.138709
-291.1384 -4.118459
-292.1202 -4.099086
-293.1141 -4.076918
-294.1069 -4.057608
-295.1015 -4.035023
-296.1087 -4.015628
-297.0897 -3.99756
-298.0772 -3.976057
-299.0631 -3.959033
-300.0478 -3.938497
-301.0531 -3.91763
-302.0472 -3.900963
-303.0462 -3.882531
-304.0534 -3.864939
-305.0598 -3.847424
-306.0668 -3.828773
-307.0553 -3.809884
-308.0571 -3.790933
-309.0403 -3.77276
-310.0429 -3.75568
-311.0623 -3.738207
-312.0699 -3.722162
-313.0764 -3.705164
-314.0763 -3.68649
-315.0797 -3.668888
-316.069 -3.65118
-317.0752 -3.634151
-318.0947 -3.61909
-319.0872 -3.603649
-320.0744 -3.588155
-321.067 -3.573368
-322.061 -3.557976
-323.0512 -3.543287
-324.0794 -3.529321
-325.1019 -3.514026
-326.1017 -3.498286
-327.1098 -3.482209
-328.0999 -3.465944
-329.0825 -3.449064
-330.059 -3.433402
-331.0628 -3.418679
-332.0583 -3.403242
-333.0508 -3.388682
-334.0775 -3.374943
-335.0792 -3.361004
-336.0783 -3.347899
-337.0871 -3.335926
-338.0701 -3.323375
-339.0749 -3.310314
-340.0763 -3.297125
-341.0805 -3.284517
-342.0849 -3.271638
-343.0798 -3.25795
-344.0787 -3.245815
-345.0783 -3.232697
-346.0508 -3.218784
-347.0509 -3.207689
-348.0688 -3.194994
-349.0737 -3.181581
-350.1126 -3.170042
-351.0976 -3.156355
-352.0716 -3.143541
-353.0541 -3.132618
-354.0557 -3.121374
-355.0785 -3.110767
-356.0623 -3.099885
-357.0667 -3.088965
-358.0374 -3.078343
-358.9999 -3.066582
-360.0164 -3.056905
-361.0084 -3.046736
-362.0186 -3.034931
-363.0443 -3.025701
-364.0445 -3.015187
-365.0291 -3.004174
-366.0313 -2.995627
-367.0309 -2.984919
-368.0457 -2.973646
-369.0804 -2.963263
-370.079 -2.951922
-371.0738 -2.941327
-372.0375 -2.932371
-373.0473 -2.92373
-374.0701 -2.915438
-375.075 -2.907248
-376.102 -2.898994
-377.0808 -2.889487
-378.046 -2.880353
-379.0618 -2.871455
-380.0697 -2.861409
-381.0715 -2.851748
-382.0858 -2.843033
-383.0627 -2.833345
-384.0411 -2.825056
-385.0398 -2.817882
-386.0526 -2.809002
-387.0694 -2.801622
-388.0655 -2.792392
-389.065 -2.783758
-390.03 -2.776572
-391.0266 -2.76889
-392.0308 -2.76287
-393.0248 -2.756119
-394.0429 -2.748841
-395.037 -2.742154
-396.0316 -2.735252
-397.0141 -2.727332
-398.0127 -2.720084
-398.9947 -2.711435
-400.0068 -2.703302
-401.0376 -2.696331
-402.0277 -2.688646
-403.037 -2.682321
-404.0244 -2.675701
-405.0258 -2.669494
-406.0313 -2.663315
-407.0168 -2.655494
-408.0321 -2.647182
-409.0001 -2.639797
-410.0058 -2.63331
-411.002 -2.629586
-411.984 -2.625918
-413.0125 -2.621225
-414.0134 -2.617113
-415.0386 -2.610839
-416.061 -2.604761
-417.0631 -2.599437
-418.0674 -2.592784
-419.0479 -2.586851
-420.045 -2.580878
-421.0177 -2.574325
-422.0149 -2.56741
-423.023 -2.562111
-424.0125 -2.557326
-425.0426 -2.551707
-426.0404 -2.546004
-427.0564 -2.540055
-428.0707 -2.533789
-429.0488 -2.528872
-430.0564 -2.525511
-431.0436 -2.521556
-432.0297 -2.517681
-433.0511 -2.514013
-434.0435 -2.508851
-435.0545 -2.503859
-436.0576 -2.499163
-437.0573 -2.495216
-438.0517 -2.491714
-439.0476 -2.487373
-440.0527 -2.483271
-441.0488 -2.478021
-442.0551 -2.473761
-443.0552 -2.469893
-444.0473 -2.465644
-445.0417 -2.460403
-446.0406 -2.455914
-447.0436 -2.451611
-448.0475 -2.446981
-449.0411 -2.443538
-450.0446 -2.439834
-451.0672 -2.435516
-452.0849 -2.433089
-453.1085 -2.430762
-454.1065 -2.427676
-455.0769 -2.424667
-456.0691 -2.421415
-457.0812 -2.41741
-458.0634 -2.413133
-459.0497 -2.409428
-460.032 -2.4053
-460.9745 -2.400995
-461.9927 -2.398067
-462.9924 -2.396186
-463.9951 -2.39195
-465.0146 -2.389797
-466.0211 -2.387953
-467.05 -2.384948
-468.0564 -2.384509
-469.0561 -2.383085
-470.0521 -2.380137
-471.0316 -2.377213
-472.0452 -2.37428
-473.0677 -2.370788
-474.0676 -2.367627
-475.0598 -2.366144
-476.0583 -2.363734
-477.0498 -2.361298
-478.0608 -2.359318
-479.0783 -2.35641
-480.0564 -2.353594
-481.0377 -2.352011
-482.0259 -2.35007
-483.0276 -2.34851
-484.0574 -2.347022
-485.0716 -2.345308
-486.0645 -2.344225
-487.0429 -2.343434
-488.0143 -2.34315
-489.0067 -2.342315
-490.0046 -2.340637
-491.0092 -2.339164
-492.0388 -2.337129
-493.0329 -2.335593
-494.0245 -2.335037
-495.0406 -2.333514
-496.0266 -2.332929
-497.0349 -2.331715
