P_ads	n_ads	esp_ads	v_asd	p_des	n_ads	esp_des	V_des
0.001594	1.232	341.358	0.703196153	0.911233	1.37	339.002	39.41948135
0.001581	1.2352	341.436	1.639245047	0.870501	1.3699	338.53	39.39267349
0.021063	1.2421	342.475	3.651568754	0.827325	1.3689	338.45	39.12449407
0.083613	1.2472	343.296	5.133621381	0.784196	1.3689	337.726	39.12449407
0.143758	1.2525	344.137	6.668984985	0.742604	1.3681	337.408	38.90981861
0.199885	1.2593	344.19	8.631679047	0.703472	1.3673	337.005	38.69502591
0.247739	1.2664	344.371	10.67228288	0.661741	1.367	336.266	38.61444843
0.289871	1.2777	343.232	13.90162457	0.623455	1.366	335.83	38.34573776
0.330141	1.2992	338.736	19.9831535	0.584566	1.3652	335.257	38.13063736
0.371818	1.3309	334.88	28.79821773	0.544045	1.3646	334.556	37.96923516
0.408009	1.3542	332.681	35.1611299	0.509772	1.3635	333.977	37.67315993
0.44426	1.3615	332.438	37.13427387	0.467774	1.3622	333.333	37.32296727
0.480827	1.3629	332.952	37.51157098	0.429336	1.3612	332.486	37.05337782
0.516623	1.3636	333.639	37.70008501	0.389677	1.3596	331.724	36.62165411
0.556381	1.3645	334.175	37.94232838	0.349745	1.3538	331.49	35.05273086
0.59333	1.3657	334.588	38.26508884	0.30996	1.3275	333.885	27.86146192
0.628715	1.3665	335.096	38.48011599	0.269899	1.2716	343.537	12.16116233
0.665214	1.3669	335.766	38.5875856	0.228516	1.2627	343.928	9.609978376
0.703092	1.3676	336.267	38.77558691	0.186627	1.2563	343.874	7.766785076
0.739308	1.3682	336.785	38.93665946	0.141554	1.2508	343.683	6.177044861
0.777468	1.3686	337.39	39.04400451	0.094113	1.2461	343.116	4.814346257
0.81749	1.3692	337.868	39.20496713	0.042255	1.2417	342.111	3.535137891
0.863527	1.3695	338.444	39.28542371	0.001623	1.2345	341.443	1.434635521
0.909943	1.37	338.903	39.41948135	0.001551	1.2297	340.733	0.029319653
0.911233	1.37	339.002	39.41948135	0.001552	1.2296	340.597	0
