-599.5234 -3.694053
-599.2936 -3.6824
-598.7967 -3.664674
-598.0693 -3.642647
-597.0633 -3.615942
-596.0508 -3.596711
-595.0278 -3.578535
-593.9985 -3.56067
-592.9951 -3.542949
-591.9874 -3.525887
-591.0048 -3.511202
-590.0426 -3.496006
-589.059 -3.480738
-588.0836 -3.465698
-587.0999 -3.448587
-586.0647 -3.430629
-585.0618 -3.414219
-584.0711 -3.397868
-583.0795 -3.382246
-582.1088 -3.368309
-581.1248 -3.352264
-580.1199 -3.337169
-579.1064 -3.323092
-578.0909 -3.309751
-577.0702 -3.297418
-576.0416 -3.282816
-575.0579 -3.267509
-574.0494 -3.251991
-573.0275 -3.236033
-572.0537 -3.222969
-571.0699 -3.210369
-570.0732 -3.195873
-569.1202 -3.180749
-568.1022 -3.166374
-567.0676 -3.151917
-566.0701 -3.139999
-565.0287 -3.129056
-564.0208 -3.117003
-563.0276 -3.103791
-562.0376 -3.090009
-561.071 -3.07791
-560.0825 -3.064328
-559.0833 -3.052261
-558.0896 -3.039033
-557.0691 -3.023354
-556.0781 -3.010525
-555.0765 -2.997507
-554.0608 -2.985208
-553.0735 -2.975785
-552.0707 -2.964052
-551.0876 -2.952529
-550.1152 -2.94192
-549.1158 -2.92946
-548.1158 -2.917886
-547.1104 -2.904901
-546.1001 -2.891316
-545.1136 -2.878476
-544.1083 -2.864815
-543.1027 -2.853199
-542.0909 -2.842698
-541.0538 -2.831838
-540.0724 -2.822598
-539.0774 -2.811933
-538.0889 -2.800731
-537.1155 -2.789453
-536.0953 -2.777101
-535.1017 -2.765163
-534.1035 -2.753122
-533.1028 -2.742364
-532.111 -2.73131
-531.1057 -2.718763
-530.1149 -2.708334
-529.1293 -2.698224
-528.1354 -2.688266
-527.1418 -2.680808
-526.1189 -2.670393
-525.0957 -2.658684
-524.0812 -2.647835
-523.0774 -2.636166
-522.0698 -2.625978
-521.0945 -2.616988
-520.101 -2.607255
-519.0834 -2.596241
-518.1058 -2.585688
-517.0938 -2.574953
-516.0837 -2.566036
-515.0569 -2.558097
-514.0377 -2.549688
-513.0332 -2.540765
-512.0368 -2.530075
-511.0811 -2.521352
-510.1033 -2.51219
-509.093 -2.502952
-508.1166 -2.494607
-507.11 -2.483738
-506.094 -2.473901
-505.087 -2.466228
-504.0858 -2.458306
-503.0751 -2.451779
-502.0839 -2.444428
-501.1124 -2.435842
-500.1129 -2.426953
-499.1308 -2.417999
-498.1191 -2.409389
-497.1209 -2.399576
-496.1117 -2.389343
-495.0983 -2.380063
-494.1164 -2.371189
-493.1066 -2.36269
-492.0988 -2.35631
-491.1114 -2.349444
-490.0873 -2.340253
-489.0975 -2.333036
-488.1095 -2.324087
-487.1226 -2.314182
-486.1628 -2.306087
-485.1664 -2.297863
-484.1782 -2.288833
-483.1641 -2.280823
-482.1694 -2.272462
-481.1659 -2.262395
-480.1636 -2.255022
-479.1677 -2.247882
-478.1461 -2.240928
-477.1311 -2.232961
-476.1138 -2.22601
-475.1045 -2.215518
-474.1044 -2.206376
-473.1192 -2.198774
-472.1241 -2.190186
-471.1328 -2.184157
-470.136 -2.176223
-469.1204 -2.168543
-468.1157 -2.16003
-467.1002 -2.152404
-466.0868 -2.146316
-465.0948 -2.139944
-464.0824 -2.132448
-463.0954 -2.125175
-462.1001 -2.116924
-461.0864 -2.106078
-460.1015 -2.097396
-459.1035 -2.088195
-458.1053 -2.078961
-457.1269 -2.073344
-456.1211 -2.064414
-455.1004 -2.056284
-454.0986 -2.049212
-453.0927 -2.040928
-452.0959 -2.0345
-451.0956 -2.025354
-450.0715 -2.015576
-449.0867 -2.005395
-448.0672 -1.994764
-447.0851 -1.985856
-446.1326 -1.977827
-445.1253 -1.968135
-444.1567 -1.958066
-443.1796 -1.946593
-442.1733 -1.935206
-441.1612 -1.926422
-440.1677 -1.917686
-439.1359 -1.909426
-438.1052 -1.899377
-437.11 -1.889079
-436.1082 -1.879594
-435.1383 -1.869218
-434.1507 -1.858697
-433.1492 -1.846774
-432.1593 -1.832175
-431.1358 -1.818999
-430.1354 -1.805682
-429.1382 -1.792616
-428.1277 -1.782268
-427.1317 -1.770091
-426.1152 -1.754782
-425.1226 -1.739583
-424.1217 -1.723612
-423.1246 -1.709413
-422.1451 -1.699654
-421.1387 -1.688369
-420.122 -1.676449
-419.1182 -1.663565
-418.118 -1.648794
-417.1081 -1.635253
-416.1027 -1.620632
-415.0845 -1.603037
-414.0709 -1.58575
-413.0511 -1.567648
-412.0583 -1.549679
-411.0708 -1.533604
-410.0629 -1.52027
-409.1175 -1.505881
-408.1388 -1.490452
-407.1449 -1.476816
-406.1566 -1.459816
-405.1444 -1.44276
-404.1443 -1.427113
-403.1516 -1.40685
-402.1755 -1.382117
-401.1607 -1.35515
-400.1386 -1.328772
-399.1263 -1.306355
-398.1167 -1.286966
-397.1155 -1.267389
-396.1308 -1.245317
-395.1373 -1.216855
-394.1297 -1.187237
-393.1539 -1.160548
-392.1593 -1.1361
-391.1695 -1.114958
-390.1948 -1.094073
-389.1823 -1.067425
-388.166 -1.036817
-387.1674 -1.004387
-386.1534 -.9713542
-385.1641 -.9405497
-384.1788 -.908033
-383.1815 -.8760077
-382.1947 -.8413221
-381.196 -.8041124
-380.1989 -.7697096
-379.1984 -.7333173
-378.1981 -.6960216
-377.1961 -.6623925
-376.2033 -.6250986
-375.1974 -.58658
-374.2188 -.5491715
-373.2152 -.5074321
-372.228 -.4646954
-371.2423 -.4159036
-370.1987 -.3670474
-369.2175 -.3192102
-368.1899 -.2734782
-367.1908 -.2364343
-366.2012 -.1980597
-365.1866 -.1547941
-364.1963 -.1088943
-363.1887 -5.624766E-02
-362.19 -7.761978E-04
-361.1725 5.165683E-02
-360.1851 .1044062
-359.1992 .1545934
-358.2144 .2033735
-357.2198 .2545592
-356.2251 .3074622
-355.1926 .3628627
-354.1836 .4179807
-353.2026 .4727779
-352.1885 .5293055
-351.2221 .5856867
-350.222 .6462517
-349.1887 .7114559
-348.2078 .7729775
-347.1895 .836006
-346.198 .8982121
-345.2345 .958545
-344.2267 1.024823
-343.2483 1.094458
-342.2537 1.164172
-341.2471 1.234097
-340.2474 1.300486
-339.2322 1.364649
-338.2241 1.427382
-337.218 1.494833
-336.204 1.564308
-335.1968 1.63045
-334.2031 1.699464
-333.2121 1.768113
-332.2193 1.833358
-331.2373 1.903799
-330.2406 1.976426
-329.2355 2.046059
-328.2487 2.118039
-327.2575 2.189759
-326.2863 2.257049
-325.2947 2.327534
-324.2914 2.398695
-323.2814 2.470061
-322.2363 2.544279
-321.2504 2.613915
-320.238 2.684369
-319.2412 2.750592
-318.2628 2.815965
-317.2429 2.88811
-316.2577 2.951768
-315.2485 3.017329
-314.2414 3.08314
-313.2429 3.140601
-312.217 3.206994
-311.1888 3.274311
-310.1559 3.338689
-309.1524 3.401773
-308.1722 3.458377
-307.2118 3.509911
-306.2492 3.558842
-305.2523 3.60829
-304.2352 3.657684
-303.2267 3.702722
-302.2314 3.748028
-301.236 3.794645
-300.2626 3.835549
-299.2623 3.879361
-298.2302 3.922445
-297.2259 3.954898
-296.2035 3.987514
-295.2054 4.016482
-294.2446 4.039956
-293.236 4.06878
-292.2493 4.095189
-291.2469 4.120022
-290.2335 4.141147
-289.246 4.155945
-288.2402 4.169482
-287.2641 4.177018
-286.2602 4.184223
-285.2498 4.19451
-284.2685 4.195869
-283.2385 4.196354
-282.233 4.196735
-281.2507 4.187342
-280.2416 4.18193
-279.2432 4.173649
-278.2365 4.158874
-277.2441 4.141234
-276.2339 4.118226
-275.2407 4.093657
-274.269 4.067681
-273.2761 4.042149
-272.2725 4.021275
-271.2587 3.995059
-270.2446 3.964107
-269.2266 3.933325
-268.2446 3.890933
-267.2869 3.849169
-266.2827 3.80874
-265.2717 3.759994
-264.2774 3.712807
-263.2497 3.664535
-262.2569 3.615034
-261.2745 3.569182
-260.2515 3.522923
-259.2402 3.474624
-258.2386 3.421021
-257.2237 3.361
-256.2396 3.301307
-255.2597 3.240327
-254.2567 3.179074
-253.2638 3.122745
-252.2619 3.061309
-251.2519 2.999837
-250.2716 2.941142
-249.2757 2.877417
-248.2705 2.818645
-247.2817 2.758791
-246.2583 2.696508
-245.2543 2.635963
-244.2647 2.572413
-243.2675 2.511627
-242.2744 2.452608
-241.2962 2.39277
-240.278 2.336843
-239.2702 2.276796
-238.2855 2.215734
-237.2698 2.160231
-236.2928 2.099091
-235.2911 2.044043
-234.2722 1.992519
-233.2714 1.935678
-232.2422 1.886025
-231.2177 1.835616
-230.2185 1.783399
-229.2141 1.733987
-228.2411 1.683189
-227.2712 1.631734
-226.2798 1.581642
-225.3138 1.532773
-224.3156 1.487449
-223.3242 1.442499
-222.3416 1.403182
-221.2863 1.368502
-220.2814 1.328768
-219.2724 1.291969
-218.257 1.253542
-217.2901 1.211318
-216.3027 1.17419
-215.2879 1.138271
-214.2817 1.101464
-213.2744 1.067031
-212.2581 1.035145
-211.2639 1.00285
-210.246 .9740487
-209.2393 .9465627
-208.2328 .920311
-207.2364 .8910477
-206.27 .8623276
-205.2646 .8381482
-204.2604 .8091333
-203.2633 .7861794
-202.2349 .7645388
-201.2564 .7359427
-200.2679 .7139898
-199.2749 .6922626
-198.303 .6688275
-197.2946 .649555
-196.2904 .6301073
-195.2926 .6126992
-194.2711 .5959495
-193.2891 .581596
-192.2912 .5685239
-191.2846 .5516512
-190.3094 .5367033
-189.2815 .5230228
-188.2977 .5041223
-187.3102 .4898364
-186.2925 .4768267
-185.3348 .4608398
-184.3468 .451726
-183.3342 .4434662
-182.3475 .4344972
-181.3291 .42507
-180.3132 .4141059
-179.3205 .4023
-178.3306 .3925171
-177.3465 .3858279
-176.3391 .378114
-175.3439 .3713836
-174.3348 .3653919
-173.2996 .3612031
-172.3031 .3534037
-171.2956 .3461992
-170.3021 .3395071
-169.3131 .3308347
-168.3211 .3287128
-167.3388 .326196
-166.3413 .321125
-165.3393 .3184075
-164.3344 .3135894
-163.3031 .3096851
-162.313 .3035659
-161.3364 .2981966
-160.3167 .2948009
-159.3407 .2910208
-158.329 .291693
-157.2952 .294272
-156.3131 .2938527
-155.2964 .2940754
-154.2846 .2937595
-153.3032 .2869295
-152.3195 .2829038
-151.3374 .2796822
-150.3541 .2753888
-149.3823 .2748391
-148.3694 .2737759
-147.3698 .2745352
-146.375 .2760082
-145.3499 .277462
-144.3419 .2811651
-143.3411 .2797279
-142.3243 .2794457
-141.3164 .2803036
-140.3364 .2765856
-139.3373 .2763843
-138.3412 .2766076
-137.3575 .2753376
-136.3507 .2772516
-135.3249 .2788385
-134.3401 .2788329
-133.3258 .2805846
-132.3352 .2797227
-131.3624 .2804324
-130.3536 .2822811
-129.3708 .2827553
-128.3655 .2851859
-127.3746 .2849814
-126.366 .2845466
-125.3468 .2855734
-124.3508 .2858903
-123.3343 .2874579
-122.3483 .2879194
-121.3666 .2863486
-120.3833 .287972
-119.3839 .2896405
-118.371 .2933999
-117.366 .2975049
-116.3495 .297555
-115.3558 .2982652
-114.3525 .2974066
-113.3598 .2976047
-112.3498 .2990608
-111.3467 .2989333
-110.3525 .3002291
-109.3345 .3029637
-108.3403 .3041354
-107.3276 .3104496
-106.2946 .3154132
-105.2843 .3156603
-104.2716 .3176726
-103.2644 .3144938
-102.2943 .3105768
-101.3225 .3111345
-100.3268 .310794
-99.3345 .3131543
-98.35112 .3153909
-97.34904 .3184426
-96.35305 .3225502
-95.37736 .3245713
-94.34929 .3282599
-93.32777 .332495
-92.32963 .3318083
-91.33159 .3334203
-90.3372 .3351893
-89.35515 .3304212
-88.37363 .3330299
-87.3559 .3356804
-86.36136 .3362569
-85.36913 .3402557
-84.36221 .3421027
-83.37422 .3433996
-82.38574 .3446493
-81.36621 .3470685
-80.34575 .3535383
-79.30986 .3547548
-78.33046 .3570529
-77.3363 .3614456
-76.3555 .3584388
-75.37682 .3618436
-74.34889 .3664806
-73.34838 .364496
-72.35291 .3676755
-71.3816 .3694939
-70.39328 .3706413
-69.39336 .3773296
-68.38823 .3838382
-67.37813 .3907657
-66.36292 .394895
-65.36417 .396861
-64.35868 .3980808
-63.37191 .3970827
-62.3739 .4019735
-61.38344 .4095566
-60.37569 .4125966
-59.37101 .418276
-58.36975 .423016
-57.3591 .4256424
-56.34758 .4337394
-55.31807 .4407672
-54.30949 .4443673
-53.30675 .4474189
-52.30753 .4466994
-51.33091 .4474273
-50.35527 .449519
-49.36525 .4528835
-48.38233 .4604607
-47.3745 .4659167
-46.37254 .4709617
-45.34926 .477379
-44.36694 .4793746
-43.35439 .4827543
-42.34408 .4885296
-41.37339 .4907556
-40.36784 .4940668
-39.37841 .4955201
-38.41302 .4945492
-37.41259 .4986082
-36.4015 .502143
-35.40009 .5064577
-34.38211 .5106725
-33.37403 .5106203
-32.38452 .5112365
-31.40048 .5117193
-30.39197 .5147308
-29.36742 .5219429
-28.34914 .5249127
-27.34053 .5291975
-26.33008 .5311592
-25.36044 .52686
-24.37483 .5308932
-23.36822 .5328172
-22.38404 .5348883
-21.38592 .5399504
-20.38836 .5421255
-19.39871 .5457193
-18.41242 .5491799
-17.41041 .5528045
-16.39627 .5602368
-15.39767 .5608623
-14.38989 .562749
-13.39489 .565818
-12.38751 .565075
-11.39589 .5713687
-10.38273 .5782162
-9.363284 .5811114
-8.375134 .5867943
-7.354743 .5925329
-6.349641 .5969068
-5.353563 .6044629
-4.337493 .6097035
-3.338474 .6078691
-2.370015 .6076638
-1.404281 .6079642
-.8890089 .5284974
-.847863 .4364302
-1.271221 .3336119
-2.203536 .2161734
-3.197022 .167436
-4.192153 .1285082
-5.188796 9.124453E-02
-6.199215 5.904346E-02
-7.195427 3.180161E-02
-8.21379 5.619102E-03
-9.224907 -1.808032E-02
-10.21223 -3.657781E-02
-11.23087 -5.453435E-02
-12.21643 -6.912413E-02
-13.19229 -8.455066E-02
-14.19858 -.1051292
-15.19347 -.1231318
-16.19187 -.141133
-17.22677 -.1592359
-18.2402 -.171577
-19.24611 -.1846949
-20.27702 -.197458
-21.27828 -.2079913
-22.26092 -.2185826
-23.22511 -.2278465
-24.20463 -.2386955
-25.19589 -.2475061
-26.1806 -.2560908
-27.19004 -.2712404
-28.16972 -.2815625
-29.18851 -.2908145
-30.20483 -.301644
-31.20548 -.3060483
-32.2252 -.3138509
-33.21347 -.3254899
-34.22127 -.3369442
-35.24154 -.3479674
-36.24736 -.3571005
-37.23428 -.3666285
-38.21155 -.3744338
-39.18967 -.3810267
-40.1924 -.3910407
-41.19662 -.3975963
-42.20239 -.4014805
-43.20852 -.4104096
-44.20505 -.4158215
-45.19845 -.4208121
-46.20101 -.4318509
-47.21111 -.4386619
-48.21058 -.4440351
-49.23016 -.4510689
-50.21688 -.4561852
-51.21204 -.4627074
-52.20897 -.4711503
-53.19119 -.4818829
-54.20895 -.4930179
-55.20536 -.501192
-56.20415 -.5114616
-57.20235 -.5196361
-58.18742 -.5242996
-59.1955 -.5337458
-60.19896 -.5397573
-61.18376 -.5446581
-62.21909 -.5505593
-63.20418 -.5543117
-64.20821 -.5594791
-65.23848 -.5678442
-66.2322 -.5766411
-67.25865 -.5845555
-68.25701 -.5921782
-69.26353 -.5982873
-70.27024 -.605746
-71.25656 -.6129138
-72.25841 -.6214746
-73.25911 -.6298556
-74.23393 -.6356152
-75.23164 -.6450475
-76.20925 -.652009
-77.17319 -.6596667
-78.18726 -.6715357
-79.16388 -.6800421
-80.16131 -.6900539
-81.1936 -.6984234
-82.17475 -.7034136
-83.18371 -.7103094
-84.17241 -.7168458
-85.14449 -.7254463
-86.15067 -.7357427
-87.16922 -.7438499
-88.19475 -.7534259
-89.19962 -.7611287
-90.20914 -.7680831
-91.2047 -.7799894
-92.18876 -.7879013
-93.18591 -.796077
-94.18708 -.8072717
-95.1826 -.8130113
-96.19873 -.8222436
-97.19675 -.8347923
-98.17603 -.8444177
-99.16351 -.8555042
-100.1568 -.8654956
-101.1669 -.8730467
-102.1714 -.8793743
-103.1687 -.8869693
-104.1566 -.8989264
-105.1447 -.9113606
-106.1493 -.9245517
-107.1799 -.9399558
-108.1952 -.9505319
-109.2052 -.9595691
-110.1945 -.9726745
-111.1763 -.9808842
-112.1655 -.9904279
-113.1872 -1.000303
-114.1881 -1.00861
-115.1953 -1.018626
-116.1977 -1.030809
-117.1699 -1.045638
-118.1882 -1.059612
-119.1962 -1.072057
-120.2136 -1.085496
-121.242 -1.094496
-122.2315 -1.103085
-123.2076 -1.11662
-124.2098 -1.125814
-125.1998 -1.138935
-126.2233 -1.156969
-127.2562 -1.168384
-128.2514 -1.181479
-129.2381 -1.194857
-130.2296 -1.203874
-131.2263 -1.217353
-132.2228 -1.230623
-133.2399 -1.243181
-134.2298 -1.25751
-135.1996 -1.267632
-136.1903 -1.282506
-137.1692 -1.297252
-138.1647 -1.307141
-139.1737 -1.324239
-140.1769 -1.337852
-141.1742 -1.347207
-142.1939 -1.363674
-143.1862 -1.377296
-144.1753 -1.391326
-145.1796 -1.409408
-146.1561 -1.424345
-147.1674 -1.439916
-148.1578 -1.454525
-149.1671 -1.469489
-150.1745 -1.485278
-151.1598 -1.497097
-152.1731 -1.509407
-153.1545 -1.521392
-154.1327 -1.532325
-155.1365 -1.550185
-156.1431 -1.5675
-157.1466 -1.586535
-158.1579 -1.604279
-159.1441 -1.616576
-160.1436 -1.629382
-161.1462 -1.642404
-162.1557 -1.657394
-163.1786 -1.675873
-164.1629 -1.692854
-165.166 -1.709334
-166.1625 -1.725278
-167.1464 -1.740635
-168.1744 -1.758874
-169.184 -1.775479
-170.186 -1.790511
-171.2074 -1.807351
-172.178 -1.819214
-173.1665 -1.83134
-174.1604 -1.848279
-175.1524 -1.86091
-176.1848 -1.877517
-177.2015 -1.895263
-178.2 -1.907491
-179.1869 -1.921928
-180.1514 -1.937577
-181.1113 -1.954324
-182.0919 -1.973945
-183.0868 -1.992141
-184.0922 -2.010368
-185.1116 -2.02639
-186.1471 -2.040469
-187.1525 -2.059853
-188.1804 -2.076463
-189.1822 -2.092054
-190.1616 -2.110833
-191.172 -2.123029
-192.157 -2.135536
-193.1518 -2.150906
-194.1649 -2.165133
-195.1508 -2.18196
-196.149 -2.19958
-197.1586 -2.215998
-198.1474 -2.231891
-199.1536 -2.247089
-200.1552 -2.265297
-201.1573 -2.283817
-202.1497 -2.298749
-203.1369 -2.316923
-204.0972 -2.331649
-205.0565 -2.34449
-206.0341 -2.364722
-207.0206 -2.383949
-208.0482 -2.403804
-209.0692 -2.425579
-210.0914 -2.44357
-211.1182 -2.459806
-212.0998 -2.474572
-213.1126 -2.490883
-214.1162 -2.507833
-215.0988 -2.523999
-216.1084 -2.543918
-217.1073 -2.563069
-218.0951 -2.580408
-219.1116 -2.602916
-220.1348 -2.623857
-221.1426 -2.643566
-222.1446 -2.664139
-223.1319 -2.680748
-224.1109 -2.697402
-225.1021 -2.715769
-226.1185 -2.73539
-227.1307 -2.759534
-228.1227 -2.781919
-229.1306 -2.803575
-230.1197 -2.825356
-231.1031 -2.841959
-232.1082 -2.861623
-233.0883 -2.883238
-234.1004 -2.904077
-235.1068 -2.929035
-236.1055 -2.954075
-237.1064 -2.97799
-238.1117 -3.005768
-239.1189 -3.030534
-240.1313 -3.055911
-241.1315 -3.081031
-242.1128 -3.100375
-243.087 -3.122171
-244.0725 -3.144172
-245.0766 -3.168129
-246.083 -3.1968
-247.0947 -3.226171
-248.094 -3.256374
-249.1017 -3.284902
-250.102 -3.309939
-251.1208 -3.336547
-252.1105 -3.360388
-253.0854 -3.385559
-254.0651 -3.415976
-255.0437 -3.443222
-256.0528 -3.471717
-257.0568 -3.505486
-258.0663 -3.537603
-259.0801 -3.57244
-260.0841 -3.60838
-261.1039 -3.63965
-262.1013 -3.668806
-263.0974 -3.695309
-264.1082 -3.725223
-265.0963 -3.754981
-266.0992 -3.785575
-267.1102 -3.823349
-268.1058 -3.856958
-269.095 -3.888195
-270.1096 -3.923896
-271.1162 -3.953017
-272.1168 -3.984022
-273.1231 -4.02008
-274.1191 -4.055527
-275.111 -4.092695
-276.1092 -4.128604
-277.1445 -4.164865
-278.1484 -4.199178
-279.1456 -4.23083
-280.1578 -4.264539
-281.1097 -4.294039
-282.0874 -4.319149
-283.082 -4.352825
-284.065 -4.384452
-285.0583 -4.418343
-286.0879 -4.459108
-287.0843 -4.493062
-288.0696 -4.52492
-289.0998 -4.559535
-290.0869 -4.589871
-291.0913 -4.620953
-292.1094 -4.655177
-293.1019 -4.685822
-294.1072 -4.715583
-295.1005 -4.742548
-296.0796 -4.772143
-297.0815 -4.804012
-298.0556 -4.834851
-299.063 -4.869073
-300.078 -4.898962
-301.0588 -4.923143
-302.0783 -4.949683
-303.0547 -4.973652
-304.047 -4.997517
-305.0583 -5.023695
-306.0477 -5.048063
-307.0382 -5.072506
-308.0436 -5.096264
-309.0432 -5.121521
-310.0317 -5.1502
-311.0474 -5.176067
-312.0512 -5.201926
-313.0512 -5.224609
-314.0574 -5.241715
-315.0549 -5.26253
-316.0624 -5.282677
-317.0577 -5.303546
-318.059 -5.32575
-319.0745 -5.343519
-320.071 -5.358755
-321.0864 -5.373236
-322.098 -5.384721
-323.088 -5.398042
-324.0862 -5.410553
-325.0806 -5.421309
-326.0799 -5.433851
-327.0971 -5.441902
-328.0916 -5.453364
-329.0976 -5.464179
-330.0819 -5.472527
-331.0706 -5.483489
-332.0521 -5.487839
-333.0239 -5.489412
-334.0223 -5.495351
-335.0361 -5.498396
-336.0551 -5.503994
-337.08 -5.512424
-338.0845 -5.515294
-339.0813 -5.517186
-340.0764 -5.517928
-341.0751 -5.516502
-342.0837 -5.51411
-343.0562 -5.50992
-344.0475 -5.506884
-345.0297 -5.500796
-346.0268 -5.494994
-347.047 -5.492671
-348.0626 -5.488501
-349.0868 -5.484572
-350.0831 -5.482085
-351.0823 -5.4749
-352.0677 -5.464248
-353.0466 -5.45421
-354.0576 -5.4416
-355.032 -5.430163
-356.0318 -5.420135
-357.0329 -5.410099
-358.0136 -5.399894
-359.0266 -5.387846
-360.0291 -5.377793
-361.0398 -5.365581
-362.034 -5.350234
-363.0375 -5.336739
-364.0337 -5.320736
-365.0107 -5.304211
-366.0258 -5.291837
-367.049 -5.276964
-368.0664 -5.261749
-369.0912 -5.246583
-370.0736 -5.229779
-371.0578 -5.211872
-372.0424 -5.19277
-373.0188 -5.173264
-374.0289 -5.154458
-375.0087 -5.134179
-376.0113 -5.116819
-377.027 -5.099147
-378.0208 -5.07882
-379.037 -5.061685
-380.0377 -5.041592
-381.0329 -5.018606
-382.0458 -4.998248
-383.0354 -4.975894
-384.0248 -4.953873
-385.0003 -4.93632
-385.9729 -4.917049
-386.9819 -4.898334
-387.998 -4.879105
-389.0295 -4.857307
-390.0527 -4.835812
-391.0351 -4.81297
-392.0215 -4.79079
-393.0199 -4.768349
-394.0099 -4.744486
-395.0151 -4.722772
-396.0081 -4.700475
-396.9742 -4.678763
-397.9682 -4.659399
-398.9639 -4.637014
-399.9838 -4.61385
-401.0117 -4.590245
-402.0084 -4.567711
-403.0024 -4.546905
-403.9954 -4.527288
-404.9802 -4.508185
-405.9749 -4.487789
-406.9737 -4.466664
-407.9449 -4.445887
-408.9375 -4.425412
-409.9389 -4.403037
-410.9578 -4.382797
-411.9695 -4.361396
-412.976 -4.339422
-413.9994 -4.31891
-414.9851 -4.297108
-415.9918 -4.276223
-416.9801 -4.256334
-417.966 -4.234993
-418.955 -4.212401
-419.942 -4.190319
-420.9514 -4.169021
-421.9438 -4.150652
-422.9537 -4.133217
-423.9594 -4.116755
-424.9678 -4.098154
-425.975 -4.078846
-427.0002 -4.060814
-428.0219 -4.041781
-429.0261 -4.021834
-430.033 -4.003343
-431.0159 -3.983089
-432.0106 -3.963475
-433.0106 -3.944701
-434.0161 -3.925829
-435.0203 -3.908025
-436.0135 -3.890795
-437.018 -3.874033
-438.0045 -3.856668
-439.0123 -3.839015
-440.0254 -3.821414
-441.0313 -3.804967
-442.0262 -3.787563
-443.0273 -3.773282
-444.024 -3.756689
-445.0131 -3.741777
-446.0264 -3.725231
-447.019 -3.706627
-448.0081 -3.690717
-449.0052 -3.674005
-450.0131 -3.660156
-450.9962 -3.645124
-452.0015 -3.629319
-453.0038 -3.613793
-453.986 -3.597904
-454.9714 -3.583062
-455.9562 -3.569091
-456.9531 -3.55371
-457.9558 -3.538856
-458.9785 -3.525494
-459.9849 -3.512418
-460.9702 -3.50019
-461.9611 -3.488913
-462.9494 -3.476059
-463.9689 -3.463806
-464.975 -3.451089
-465.989 -3.437954
-467.0054 -3.42646
-467.9951 -3.413306
-469.002 -3.401929
-470.0191 -3.389796
-471.0219 -3.377036
-472.0185 -3.364291
-473.0174 -3.351601
-473.9778 -3.339359
-474.9736 -3.328348
-475.9732 -3.318682
-476.9835 -3.308341
-478.0088 -3.29981
-479.0131 -3.289407
-480.025 -3.279403
-481.0106 -3.270194
-482.0022 -3.25919
-482.9862 -3.249832
-483.9694 -3.239322
-484.9858 -3.228955
-485.9783 -3.219693
-486.9739 -3.210423
-487.986 -3.202639
-488.9587 -3.194878
-489.9728 -3.185964
-490.9697 -3.178236
-491.9495 -3.168699
-492.9493 -3.159293
-493.9423 -3.151897
-494.9594 -3.143083
-495.9751 -3.137048
-496.984 -3.130485
-497.9747 -3.123972
-498.9505 -3.117285
-499.933 -3.110104
-500.9282 -3.103768
-501.9391 -3.096003
-502.9489 -3.0886
-503.961 -3.080967
-504.9688 -3.073553
-505.9529 -3.066779
-506.9461 -3.062748
-507.9407 -3.057774
-508.9318 -3.052135
-509.9343 -3.047078
-510.9362 -3.038767
-511.915 -3.032022
-512.9377 -3.028041
-513.9251 -3.024074
-514.9316 -3.021444
-515.9609 -3.018992
-516.954 -3.015023
-517.9875 -3.011404
-518.9813 -3.006948
-519.9717 -3.003076
-520.9748 -2.99773
-521.9628 -2.991686
-522.9651 -2.986903
-523.962 -2.981214
-524.941 -2.976038
-525.9277 -2.973636
-526.9285 -2.971007
-527.9359 -2.969047
-528.9363 -2.966675
-529.9423 -2.960937
-530.9658 -2.954806
-531.9448 -2.95047
-532.9429 -2.948564
-533.9562 -2.948703
-534.9572 -2.94862
-535.9753 -2.947365
-536.9803 -2.945696
-537.9587 -2.943232
-538.9401 -2.941814
-539.9503 -2.939878
-540.9477 -2.936994
-541.954 -2.933862
-542.9529 -2.930788
-543.9508 -2.927341
-544.9494 -2.924732
-545.9551 -2.922761
-546.9587 -2.92186
-547.9607 -2.91914
-548.9696 -2.915685
-549.9812 -2.912966
-550.9744 -2.909968
-551.9628 -2.910682
-552.9718 -2.911812
-553.9375 -2.912067
-554.9489 -2.912377
-555.9441 -2.910511
-556.9103 -2.909345
-557.9401 -2.909383
-558.9604 -2.907473
-559.965 -2.906893
-560.9841 -2.905636
-561.963 -2.902771
-562.8982 -2.901299
-563.8755 -2.899764
-564.8808 -2.898889
-565.885 -2.898785
-566.9141 -2.896923
-567.9349 -2.894051
-568.9604 -2.891704
-569.9641 -2.890784
-570.9643 -2.891871
-571.9645 -2.894069
-572.9177 -2.894143
-573.9201 -2.894101
-574.897 -2.892453
-575.8936 -2.890627
-576.9156 -2.890619
-577.9142 -2.889283
-578.9311 -2.889956
-579.9291 -2.889935
-580.9364 -2.889138
-581.9444 -2.887807
-582.9397 -2.887136
-583.9534 -2.88617
-584.9453 -2.885737
-585.938 -2.88442
-586.9555 -2.882362
-587.9517 -2.880842
-588.9263 -2.879695
-589.9146 -2.880589
-590.9138 -2.881453
-591.8991 -2.880034
-592.9187 -2.881034
-593.9279 -2.880117
-594.9233 -2.877265
-595.9312 -2.877401
-596.9285 -2.874995
-597.9284 -2.874558
-598.4938 -2.855899
-598.5516 -2.830546
-598.112 -2.79847
-597.1606 -2.761845
-596.1525 -2.738747
-595.137 -2.717597
-594.1382 -2.698051
-593.1597 -2.678549
-592.1539 -2.660925
-591.1722 -2.644013
-590.1835 -2.627238
-589.1815 -2.610026
-588.1894 -2.593474
-587.197 -2.57616
-586.1627 -2.55907
-585.1592 -2.542964
-584.1674 -2.526355
-583.1729 -2.511015
-582.2018 -2.496806
-581.2091 -2.482405
-580.2156 -2.468779
-579.2045 -2.454238
-578.2134 -2.439559
-577.1888 -2.425017
-576.1769 -2.409723
-575.1807 -2.395678
-574.1777 -2.381183
-573.1639 -2.366759
-572.1624 -2.352326
-571.1539 -2.337008
-570.1392 -2.323232
-569.181 -2.311191
-568.1846 -2.299431
-567.176 -2.287879
-566.1574 -2.275084
-565.1287 -2.261475
-564.1367 -2.248763
-563.1322 -2.235789
-562.1583 -2.224362
-561.1871 -2.212738
-560.1802 -2.199203
-559.1934 -2.185871
-558.2125 -2.172266
-557.1914 -2.159955
-556.2103 -2.150226
-555.2244 -2.140875
-554.1877 -2.130219
-553.1909 -2.118958
-552.1764 -2.107047
-551.1661 -2.095744
-550.1899 -2.085289
-549.2142 -2.074258
-548.2104 -2.063305
-547.2087 -2.051314
-546.1987 -2.040512
-545.1942 -2.031046
-544.1991 -2.021381
-543.2037 -2.012712
-542.2003 -2.003543
-541.1835 -1.99266
-538.6511 -1.966614
-537.6984 -1.957157
-536.7604 -1.944797
-535.6403 -1.933743
-534.7321 -1.92501
-533.7149 -1.91351
-532.7098 -1.905066
-531.6399 -1.896884
-530.7514 -1.891279
-529.8251 -1.878711
-528.7264 -1.875264
-527.756 -1.863683
-526.7188 -1.851356
-525.7037 -1.843458
-524.7578 -1.83545
-523.7277 -1.825714
