1 -154.2995 -399.9909 -1.73017 0.4362838
2 -169.4472 -399.9162 -1.682196 0.5448691
3 -183.5151 -305.8979 -1.770418 0.6433192
4 -186.6411 -303.8161 -1.884585 0.7401517
5 -195.6983 -317.7214 -1.991948 0.8288072
6 -204.7881 -313.5904 -2.09423 0.9255877
7 -206.8752 -312.509 -2.203856 1.014827
8 -209.9649 -310.3714 -2.305607 1.102321
9 -211.061 -313.313 -2.408462 1.186947
10 -215.1992 -318.2023 -2.528475 1.287446
11 -221.2938 -318.1301 -2.633509 1.381722
12 -221.4377 -316.017 -2.740863 1.477544
13 -221.4564 -323.8918 -2.853956 1.588574
14 -224.6096 -323.8374 -2.978993 1.695821
15 -227.6612 -318.7617 -3.107617 1.80558
16 -231.7776 -320.5877 -3.24009 1.926775
17 -232.9044 -318.5078 -3.374417 2.041851
18 -233.9922 -325.4562 -3.522695 2.165818
19 -235.1093 -326.3406 -3.665047 2.286609
20 -240.2143 -321.2539 -3.820381 2.412195
21 -240.3071 -325.1445 -3.971656 2.540139
22 -242.4503 -324.0108 -4.114628 2.662977
23 -245.5094 -325.9151 -4.28119 2.803089
24 -245.5826 -323.8356 -4.433273 2.946042
25 -244.6918 -327.7202 -4.586213 3.094988
26 -244.8167 -325.6306 -4.755547 3.269847
27 -244.9038 -327.4948 -4.923359 3.443962
28 -247.9517 -324.387 -5.091343 3.634365
29 -250.0423 -324.2905 -5.266547 3.833361
30 -250.191 -328.1885 -5.459595 4.056653
31 -245.3136 -325.1047 -5.645345 4.283181
32 -248.3896 -328.0064 -5.851759 4.532878
33 -247.5146 -328.9122 -6.049247 4.774185
34 -250.5805 -324.8183 -6.259806 5.031323
35 -250.733 -324.6944 -6.476574 5.291982
36 -246.8043 -325.5691 -6.686883 5.54926
37 -250.905 -325.5277 -6.919482 5.814545
38 -251.0027 -326.474 -7.145005 6.08759
39 -250.077 -324.2823 -7.361115 6.345843
40 -253.1319 -326.2294 -7.604182 6.596912
41 -250.2992 -325.1364 -7.814402 6.857872
42 -250.3913 -325.9936 -8.016873 7.112974
43 -250.5275 -325.8977 -8.238592 7.362017
44 -250.6261 -324.8273 -8.451283 7.591836
45 -250.697 -325.6916 -8.644149 7.830435
46 -250.1781 -324.9778 -8.751849 8.435559
47 -250.3047 -323.908 -9.072676 8.334335
48 -250.3971 -323.784 -9.281168 8.534306
49 -250.5093 -320.659 -9.468161 8.734228
50 -250.5781 -320.5691 -9.645293 8.918993
51 -250.7284 -323.4622 -9.812579 9.094794
52 -249.8194 -321.3671 -9.976961 9.258147
53 -249.8816 -318.2545 -10.13369 9.412058
54 -250.0064 -318.178 -10.27874 9.572249
55 -251.1281 -319.114 -10.44592 9.709355
56 -252.204 -318.9771 -10.5577 9.852116
57 -250.3285 -317.9242 -10.70665 9.976367
58 -250.4036 -317.8041 -10.82282 10.11542
59 -252.4954 -318.7091 -10.95285 10.23213
60 -250.5931 -317.5656 -11.04815 10.34331
61 -250.689 -315.4757 -11.16135 10.46146
62 -252.7968 -315.3795 -11.2633 10.55179
63 -252.9063 -316.3156 -11.36178 10.65451
64 -250.0046 -318.1859 -11.44705 10.74738
65 -251.1057 -318.0887 -11.54911 10.84028
66 -251.2071 -318.007 -11.62363 10.90656
67 -250.3172 -312.8914 -11.69977 10.99189
68 -253.4013 -317.7767 -11.76617 11.0414
69 -251.481 -312.6787 -11.83067 11.1266
70 -250.5976 -313.5751 -11.89156 11.18774
71 -252.7239 -315.4464 -11.95091 11.26702
72 -250.7979 -315.4029 -12.00545 11.30764
73 -250.8931 -312.2691 -12.06922 11.37073
74 -253.0035 -313.1931 -12.10381 11.43194
75 -251.0802 -313.0958 -12.16319 11.48221
76 -251.2065 -311.9525 -12.17761 11.53895
77 -253.3049 -311.9045 -12.23445 11.57512
78 -253.4039 -312.8052 -12.26532 11.60662
79 -252.4418 -312.6487 -12.27606 11.67015
80 -250.5998 -311.5415 -12.30652 11.70573
81 -252.6998 -311.4479 -12.34327 11.7295
82 -252.7807 -311.3505 -12.36789 11.7653
83 -250.9004 -310.2165 -12.36757 11.78468
84 -252.9967 -307.1552 -12.39209 11.82187
85 -253.067 -307.0491 -12.41074 11.86462
86 -250.2394 -306.9568 -12.42182 11.87203
87 -250.2888 -305.8421 -12.43381 11.89549
88 -250.3793 -309.7725 -12.44971 11.9159
89 -250.5072 -304.6589 -12.45683 11.95067
90 -252.608 -308.5403 -12.46449 11.95997
91 -253.1935 -309.9541 -12.10271 12.35064
92 -250.3306 -304.8881 -12.39808 11.93379
93 -250.3961 -305.7534 -12.45354 11.96272
94 -252.4854 -304.6399 -12.46776 11.99101
95 -252.583 -304.5836 -12.48591 12.0014
96 -250.719 -305.4335 -12.50254 12.02288
97 -250.7992 -305.294 -12.49836 12.02463
98 -252.8725 -304.2451 -12.51417 12.02729
99 -252.9782 -302.1351 -12.50404 12.0443
100 -250.0762 -305.0659 -12.53894 12.06566
101 -253.1693 -302.9936 -12.54215 12.06384
102 -250.2657 -301.8967 -12.5303 12.07812
103 -250.3976 -304.767 -12.53199 12.06986
104 -250.4902 -302.6786 -12.53209 12.0831
105 -252.6116 -304.5633 -12.5271 12.08125
106 -251.7165 -302.5066 -12.54714 12.08624
107 -250.8438 -299.3782 -12.53293 12.07508
108 -251.9084 -300.3174 -12.55028 12.09293
109 -250.9948 -302.1375 -12.54814 12.08869
110 -250.0882 -302.053 -12.55863 12.0917
111 -253.2112 -299.9471 -12.55112 12.07531
112 -250.3194 -299.8935 -12.55566 12.09553
113 -250.3921 -299.822 -12.54782 12.06813
114 -250.5229 -299.6974 -12.54395 12.07295
115 -250.5868 -299.6057 -12.54196 12.06441
116 -249.691 -302.4848 -12.54979 12.06092
117 -250.7953 -301.3387 -12.53401 12.06952
118 -250.8974 -299.2687 -12.53536 12.06768
119 -250.002 -299.1859 -12.53828 12.05978
120 -250.1035 -302.0896 -12.55533 12.03919
121 -250.2048 -301.975 -12.53472 12.05476
122 -250.3186 -298.8993 -12.52874 12.03474
123 -247.3999 -298.7975 -12.54988 12.03333
124 -250.4956 -301.6571 -12.54724 12.04314
125 -250.6176 -301.5662 -12.53608 12.03857
126 -250.6772 -298.4708 -12.54267 12.03633
127 -249.789 -298.4181 -12.54383 12.02451
128 -249.9033 -302.2651 -12.52897 12.01634
129 -250.0011 -299.2292 -12.5541 12.01828
130 -250.0956 -299.0663 -12.56273 12.01571
131 -250.1874 -301.9567 -12.5296 12.01136
132 -250.3124 -298.9106 -12.54946 11.99689
133 -250.3688 -301.8007 -12.51151 12.01131
134 -250.4617 -298.6797 -12.5485 11.99376
135 -250.5827 -299.612 -12.54578 12.0052
136 -250.1872 -299.9828 -12.07732 12.3803
137 -250.3223 -298.8959 -12.41096 11.90133
138 -250.3994 -296.7989 -12.46723 11.93077
139 -250.5045 -299.6823 -12.49686 11.95592
140 -250.6309 -299.5916 -12.52229 11.94137
141 -250.7477 -299.4983 -12.52828 11.94313
142 -250.7967 -300.3629 -12.53169 11.96207
143 -250.8781 -297.3321 -12.54454 11.96061
144 -250.0018 -297.1848 -12.5394 11.94609
145 -253.0929 -299.0736 -12.54861 11.94481
146 -250.2287 -298.9858 -12.54072 11.93995
147 -250.3157 -298.9206 -12.54144 11.94628
148 -251.3602 -297.8358 -12.54243 11.94087
149 -250.4909 -299.701 -12.53262 11.93832
150 -251.5943 -298.6054 -12.53165 11.93587
151 -250.6853 -298.4686 -12.53822 11.92259
152 -249.8088 -299.3952 -12.52101 11.91016
153 -250.8873 -299.3333 -12.54262 11.91924
154 -250.9674 -297.2234 -12.5401 11.91955
155 -250.1127 -297.076 -12.54037 11.901
156 -252.2272 -298.976 -12.53399 11.90325
157 -250.3417 -299.8936 -12.53157 11.89663
158 -252.3589 -298.8036 -12.52627 11.8817
159 -250.5177 -296.6514 -12.52272 11.89716
160 -252.5635 -298.5729 -12.52034 11.89177
161 -250.6991 -296.4935 -12.52137 11.88682
162 -252.8021 -294.4114 -12.5182 11.87146
163 -250.8492 -298.2858 -12.52854 11.88033
164 -250.9875 -297.2265 -12.5399 11.87876
165 -250.1073 -297.1093 -12.53178 11.86855
166 -250.18 -299.0154 -12.52021 11.85701
167 -252.2921 -299.9077 -12.51573 11.85436
168 -252.3957 -297.8014 -12.52081 11.84836
169 -250.5359 -298.6482 -12.50814 11.83387
170 -252.5997 -299.5848 -12.52132 11.84335
171 -252.6701 -296.494 -12.51651 11.83617
172 -252.8319 -299.4095 -12.51834 11.81101
173 -252.8844 -294.295 -12.50111 11.81981
174 -250.9781 -297.2466 -12.5085 11.82555
175 -252.0894 -297.0369 -12.52374 11.8184
176 -252.1701 -298.9847 -12.50566 11.81196
177 -250.2908 -298.9023 -12.51387 11.80467
178 -251.3603 -293.8091 -12.49818 11.80638
179 -250.5152 -298.7142 -12.50665 11.80073
180 -252.5869 -299.5602 -12.49073 11.7895
181 -250.2041 -299.0109 -12.08224 12.24869
182 -252.3187 -296.8692 -12.38918 11.72162
183 -252.3862 -296.7662 -12.46114 11.75074
184 -251.4755 -299.6837 -12.46904 11.76854
185 -250.6162 -296.5896 -12.49919 11.76128
186 -252.6868 -299.495 -12.49709 11.77301
187 -250.8152 -299.4147 -12.49577 11.76482
188 -249.8941 -296.2837 -12.51377 11.74773
189 -250.0176 -299.1953 -12.51268 11.75699
190 -253.1103 -294.0995 -12.50935 11.7475
191 -251.1855 -299.0316 -12.53251 11.76156
192 -253.2673 -293.8919 -12.50982 11.75314
193 -253.4264 -293.7876 -12.51578 11.72984
194 -251.4617 -299.7041 -12.50875 11.7511
195 -253.5516 -298.5802 -12.52413 11.74339
196 -252.6826 -299.4714 -12.51962 11.73837
197 -252.7962 -298.4037 -12.53353 11.74305
198 -252.8916 -297.2809 -12.53781 11.73784
199 -253.0102 -297.1762 -12.53583 11.71891
200 -251.0954 -299.0873 -12.54624 11.72356
201 -253.1962 -297.0043 -12.53053 11.73241
202 -250.2723 -293.9094 -12.54516 11.72342
203 -250.3843 -298.8066 -12.54667 11.72333
204 -251.555 -295.6721 -12.59044 11.70923
205 -250.6283 -296.5904 -12.54585 11.70924
206 -250.6835 -299.4825 -12.55292 11.70977
207 -252.785 -296.3705 -12.5498 11.71767
208 -252.8997 -299.3085 -12.55232 11.71817
209 -252.9644 -296.2031 -12.56041 11.72288
210 -251.1216 -297.1255 -12.57094 11.69703
211 -253.1732 -294.03 -12.55901 11.71341
212 -253.2941 -298.9349 -12.5727 11.70772
213 -250.3818 -298.8283 -12.57695 11.69803
214 -253.5471 -293.7585 -12.56973 11.69285
215 -252.6158 -298.6058 -12.57794 11.69307
216 -253.7125 -298.524 -12.58109 11.68855
217 -252.7989 -294.3814 -12.57441 11.69615
218 -253.9069 -298.3046 -12.577 11.68522
219 -251.9924 -297.1981 -12.59668 11.68432
220 -253.1286 -294.108 -12.59804 11.68606
221 -253.2222 -294.0253 -12.58665 11.6694
222 -253.3569 -297.8746 -12.59903 11.68203
223 -256.3781 -294.8179 -12.58898 11.67595
224 -252.5382 -296.6842 -12.58969 11.6741
225 -253.5634 -298.6235 -12.60091 11.68818
226 -253.1541 -297.032 -12.11692 12.00559
227 -256.2778 -296.9171 -12.44618 11.58366
228 -253.4004 -296.7851 -12.52007 11.63452
229 -256.47 -295.673 -12.54784 11.62366
230 -252.5862 -293.6202 -12.56209 11.63941
231 -255.6873 -297.4689 -12.57153 11.64379
232 -252.7996 -294.4055 -12.57889 11.64675
233 -252.8737 -297.3 -12.58986 11.64513
234 -255.9836 -293.24 -12.58125 11.63547
235 -256.0963 -297.1112 -12.60115 11.64329
236 -253.1837 -294.0086 -12.58496 11.63775
237 -256.2707 -293.9057 -12.57865 11.64259
238 -256.3539 -296.8136 -12.59871 11.64115
239 -256.4514 -293.7267 -12.58554 11.64073
240 -256.5741 -293.6071 -12.58712 11.62242
241 -252.6784 -296.5079 -12.59125 11.63262
242 -253.7717 -294.3887 -12.58417 11.63143
243 -252.8899 -297.3174 -12.59572 11.61602
244 -256.9544 -294.2041 -12.59633 11.61414
245 -256.0977 -297.1031 -12.61235 11.63512
246 -256.1501 -297.0 -12.60181 11.61706
247 -257.2699 -298.8882 -12.59819 11.60792
248 -256.3706 -297.7539 -12.60681 11.62038
249 -256.471 -297.6979 -12.613 11.61432
250 -253.59 -293.6105 -12.60025 11.60622
251 -253.7324 -297.4601 -12.61046 11.59282
252 -256.7881 -298.3871 -12.62028 11.61222
253 -253.9037 -296.2834 -12.6144 11.595
254 -252.9809 -293.2087 -12.60798 11.59021
255 -253.0761 -297.0994 -12.62846 11.59298
256 -256.2101 -297.0051 -12.61887 11.59908
257 -256.3028 -298.9007 -12.62653 11.58132
258 -256.3672 -297.7931 -12.62471 11.5847
259 -253.4851 -297.6918 -12.62569 11.58217
260 -256.6477 -297.6043 -12.62876 11.58969
261 -256.6727 -299.4898 -12.61927 11.59344
262 -256.8102 -293.381 -12.62127 11.57961
263 -256.8834 -293.3107 -12.62689 11.58596
264 -256.9764 -297.2267 -12.63434 11.58536
265 -256.0944 -297.1318 -12.63856 11.56844
266 -256.1565 -299.028 -12.63231 11.5721
267 -256.2909 -293.8893 -12.63437 11.5898
268 -256.3908 -292.8083 -12.62931 11.55202
269 -257.4938 -293.7213 -12.63972 11.55471
270 -256.5735 -298.5762 -12.641 11.57695
271 -256.1694 -298.9937 -12.24205 11.90108
272 -257.2958 -298.886 -12.51978 11.49461
273 -258.3732 -298.7819 -12.59716 11.52873
274 -257.4685 -298.7028 -12.62284 11.53751
275 -257.5369 -295.5896 -12.62245 11.53414
276 -257.6782 -296.5298 -12.64243 11.53773
277 -257.7733 -294.4514 -12.63278 11.54141
278 -256.9048 -299.2973 -12.64904 11.53842
279 -256.9704 -299.2148 -12.65739 11.55165
280 -258.0757 -294.1287 -12.66241 11.54344
281 -256.1399 -293.0269 -12.65052 11.54668
282 -256.2953 -298.8857 -12.65337 11.54746
283 -256.4006 -299.773 -12.64892 11.54184
284 -256.4626 -296.7147 -12.66717 11.53772
285 -257.5552 -294.5843 -12.66292 11.53083
286 -258.6513 -293.507 -12.65946 11.52961
287 -257.7817 -296.4271 -12.6756 11.54456
288 -256.924 -296.2811 -12.67718 11.52176
289 -256.9794 -299.1815 -12.66825 11.51147
290 -257.0817 -294.0873 -12.67941 11.5218
291 -258.1629 -295.9917 -12.66733 11.52398
292 -258.3071 -296.8701 -12.67302 11.51054
293 -258.3544 -296.8001 -12.6836 11.50805
294 -258.4728 -297.6946 -12.68118 11.50801
295 -258.5845 -296.6071 -12.67671 11.49313
296 -258.6563 -297.4995 -12.67526 11.48168
297 -256.7603 -293.406 -12.66572 11.49019
298 -257.8906 -294.326 -12.68328 11.48688
299 -257.9935 -293.1729 -12.68574 11.46864
300 -258.0575 -293.0497 -12.69741 11.45296
301 -258.1674 -293.0045 -12.69214 11.43422
302 -258.2867 -298.8611 -12.71131 11.41766
303 -258.3237 -297.7692 -12.71824 11.39875
304 -257.4617 -298.6935 -12.7465 11.3794
305 -258.565 -298.6152 -12.75939 11.36064
306 -257.6811 -296.4714 -12.77559 11.31775
307 -256.7591 -299.374 -12.78825 11.2936
308 -258.8396 -299.3094 -12.80944 11.28277
309 -257.9238 -296.2041 -12.83688 11.24761
310 -258.0634 -294.0923 -12.8593 11.23125
311 -258.1735 -294.0032 -12.86842 11.19793
312 -258.2501 -293.9155 -12.89806 11.18301
313 -258.3683 -294.7958 -12.91201 11.16687
314 -258.4548 -298.6779 -12.92266 11.1333
315 -258.5627 -293.6072 -12.96566 11.11145
316 -258.1669 -299.0074 -12.60629 11.27814
317 -258.2867 -292.8694 -12.87597 10.99476
318 -258.3471 -298.7811 -12.94386 11.0223
319 -257.4879 -294.6984 -12.98956 10.99567
320 -258.5496 -294.6045 -13.00902 11.01179
321 -258.6368 -296.4846 -13.02222 11.00254
322 -257.7059 -297.3895 -13.0188 11.00056
323 -257.847 -299.318 -13.0167 11.00016
324 -258.9916 -299.2024 -13.01873 11.00481
325 -258.0668 -297.0901 -13.02271 10.99755
326 -258.1816 -299.007 -12.99292 11.00686
327 -257.2906 -295.9 -12.98827 10.99507
328 -258.3428 -292.7922 -12.97167 11.02337
329 -258.4595 -291.7029 -12.95617 11.03345
330 -258.5175 -292.6027 -12.95574 11.03879
331 -258.6324 -292.5173 -12.93861 11.05358
332 -257.7712 -296.3328 -12.9188 11.06143
333 -258.8742 -296.3106 -12.90887 11.04923
334 -257.9686 -294.2043 -12.89033 11.07669
335 -259.0306 -299.0765 -12.87332 11.08399
336 -258.1927 -293.9814 -12.85385 11.07979
337 -258.2387 -293.9222 -12.84035 11.08695
338 -258.3532 -293.7971 -12.82465 11.08443
339 -258.4807 -294.688 -12.80759 11.08972
340 -258.5397 -298.5749 -12.78035 11.08615
341 -257.6351 -293.5024 -12.7672 11.09723
342 -257.7503 -293.3925 -12.75581 11.09213
343 -258.8459 -297.3101 -12.74287 11.09674
344 -258.0276 -296.1895 -12.72585 11.0789
345 -259.0592 -297.0906 -12.70803 11.0835
346 -258.1783 -293.0015 -12.68933 11.09106
347 -258.2631 -292.9212 -12.67614 11.08891
348 -258.3736 -296.779 -12.66355 11.07708
349 -257.4646 -296.6769 -12.64651 11.08316
350 -258.5517 -293.576 -12.64363 11.06477
351 -257.6746 -296.5104 -12.61728 11.06733
352 -258.767 -296.3796 -12.60667 11.05732
353 -258.8788 -293.3143 -12.60784 11.05116
354 -258.9767 -292.2028 -12.59174 11.05613
355 -258.0562 -294.0804 -12.57837 11.04375
356 -258.1725 -292.0454 -12.5579 11.03451
357 -259.2798 -291.8626 -12.53976 11.03059
358 -258.3598 -291.8073 -12.53646 11.04821
359 -258.4719 -291.7209 -12.51091 11.02479
360 -258.5889 -293.5845 -12.51667 11.02042
361 -259.1448 -295.9648 -12.15656 11.1584
362 -258.2513 -293.8788 -12.38569 10.9614
363 -258.3733 -293.7873 -12.4328 10.96581
364 -258.4756 -291.7047 -12.43488 10.97067
365 -257.5506 -296.5623 -12.4406 10.96974
366 -258.667 -296.5029 -12.43403 10.9728
367 -257.7267 -296.3633 -12.41636 10.96974
368 -258.8975 -291.3182 -12.406 10.95376
369 -257.959 -293.2133 -12.43084 10.95483
370 -259.1171 -293.1135 -12.42648 10.95976
371 -258.1564 -291.0028 -12.39175 10.94641
372 -259.2816 -293.8951 -12.39745 10.9444
373 -258.3522 -296.7866 -12.37426 10.93318
374 -257.457 -291.7288 -12.36873 10.9336
375 -258.5907 -292.5865 -12.3738 10.92509
376 -258.6443 -296.497 -12.35239 10.92537
377 -258.7567 -291.3807 -12.34217 10.90769
378 -257.8513 -297.3311 -12.33886 10.91314
379 -257.9708 -293.2302 -12.34389 10.90644
380 -258.0604 -294.0917 -12.34705 10.90136
381 -258.1185 -296.9724 -12.32322 10.90308
382 -258.2795 -292.9043 -12.32547 10.88563
383 -259.3867 -291.8286 -12.30888 10.87176
384 -258.4604 -296.7056 -12.30015 10.8856
385 -258.5761 -291.6347 -12.29499 10.86891
386 -258.6981 -292.5381 -12.30092 10.8653
387 -257.7724 -293.3988 -12.28664 10.87349
388 -258.8936 -292.3039 -12.28142 10.83904
389 -257.9336 -292.187 -12.27493 10.85746
390 -259.0451 -294.0918 -12.27615 10.85306
391 -258.2043 -293.0223 -12.2705 10.83464
392 -259.2888 -291.8948 -12.25404 10.82442
393 -258.3919 -293.7963 -12.25572 10.82494
394 -258.4884 -291.6773 -12.24199 10.82009
395 -258.5767 -295.5924 -12.23695 10.82347
396 -258.6641 -291.5256 -12.23142 10.82302
397 -257.8087 -293.4287 -12.23609 10.79655
398 -258.8821 -294.2705 -12.22333 10.81479
399 -257.9641 -291.1993 -12.21336 10.79578
400 -259.0756 -294.0962 -12.22496 10.79891
401 -258.1558 -293.9708 -12.20411 10.77987
402 -259.2654 -291.8966 -12.18995 10.78188
403 -259.3403 -296.7972 -12.1798 10.77617
404 -259.4871 -293.6898 -12.19598 10.76914
405 -259.5474 -293.5705 -12.18694 10.75584
406 -259.142 -291.9948 -11.84173 10.84063
407 -258.2491 -293.9271 -12.06855 10.69367
408 -258.3835 -293.8031 -12.11436 10.71363
409 -258.4717 -291.7165 -12.12521 10.69768
410 -258.5579 -293.6065 -12.12515 10.70974
411 -258.6759 -293.5313 -12.123 10.70821
412 -258.7625 -292.4157 -12.11748 10.70051
413 -258.8556 -297.2594 -12.11457 10.69701
414 -258.9784 -293.2154 -12.11297 10.69481
415 -259.1038 -293.1078 -12.12125 10.67924
416 -258.1445 -291.0197 -12.09201 10.66299
417 -258.2751 -291.9402 -12.08068 10.67526
418 -259.3574 -293.8425 -12.09053 10.66806
419 -259.445 -293.721 -12.0839 10.66176
420 -258.5754 -291.6077 -12.05894 10.63989
421 -257.7141 -291.4773 -12.05348 10.63908
422 -257.7793 -293.3999 -12.06128 10.63405
423 -257.8384 -297.3062 -12.04332 10.63168
424 -257.9857 -293.2221 -12.06497 10.62891
425 -259.0525 -294.1043 -12.03962 10.61477
426 -258.1588 -296.0138 -12.03576 10.60916
427 -258.256 -291.9198 -12.0195 10.60875
428 -258.3969 -292.8003 -12.0315 10.59836
429 -259.4523 -292.7216 -12.01964 10.58578
430 -258.562 -290.5925 -12.01122 10.58165
431 -258.641 -291.4586 -11.99992 10.58197
432 -257.7736 -291.4018 -12.00094 10.56271
433 -258.8535 -294.2982 -12.00687 10.56515
434 -258.9594 -291.2102 -11.99827 10.54538
435 -259.0636 -292.1169 -12.01317 10.53292
436 -258.1648 -295.9866 -11.98847 10.54749
437 -258.2628 -292.8649 -12.00064 10.52504
438 -258.3564 -296.7654 -11.98208 10.52795
439 -258.4676 -291.6872 -11.97272 10.5165
440 -258.5521 -291.5783 -11.97592 10.51137
441 -257.6575 -292.4763 -11.9854 10.50815
442 -257.7772 -292.402 -11.98845 10.50435
443 -259.869 -291.3103 -11.97412 10.48269
444 -258.9373 -291.2119 -11.97825 10.48419
445 -258.0497 -291.1106 -11.98098 10.47412
446 -258.1361 -293.9905 -11.98418 10.46363
447 -258.2342 -291.8863 -11.98528 10.47581
448 -258.3513 -291.8046 -11.98123 10.44968
449 -258.4854 -291.6865 -11.97181 10.44512
450 -257.5733 -291.5934 -11.9693 10.44574
451 -259.1509 -294.0217 -11.65789 10.51074
452 -258.2745 -293.8936 -11.87275 10.39536
453 -258.4035 -293.8171 -11.92564 10.40162
454 -258.4705 -296.7312 -11.93398 10.41837
455 -259.5784 -291.608 -11.94767 10.40823
456 -258.6837 -291.5272 -11.94979 10.4058
457 -258.7825 -292.399 -11.94337 10.4215
458 -258.8659 -291.3088 -11.94385 10.42471
459 -258.9946 -293.1957 -11.96081 10.41938
460 -259.061 -294.1041 -11.96366 10.4186
461 -258.1808 -296.0278 -11.94581 10.40777
462 -258.2369 -291.9064 -11.9612 10.43051
463 -258.3569 -292.7922 -11.96072 10.43168
464 -259.4751 -296.7194 -11.94419 10.42132
465 -258.5286 -296.6055 -11.94252 10.433
466 -258.6507 -292.5352 -11.95342 10.43396
467 -258.76 -292.3622 -11.93893 10.43692
468 -258.8489 -296.2975 -11.94231 10.44561
469 -259.0193 -292.2089 -11.94827 10.44245
470 -259.0926 -292.0937 -11.95426 10.43329
471 -259.1671 -294.0034 -11.93487 10.43878
472 -258.2746 -292.8913 -11.93477 10.4553
473 -258.3424 -291.8322 -11.92708 10.45383
474 -259.4591 -291.731 -11.92947 10.44182
475 -258.5424 -293.6063 -11.92071 10.45379
476 -258.6891 -296.4782 -11.91252 10.44208
477 -258.7698 -292.4256 -11.92146 10.44557
478 -258.869 -292.2839 -11.91125 10.44673
479 -259.0084 -296.1601 -11.90793 10.44235
480 -259.0706 -294.058 -11.90893 10.44049
481 -258.1815 -294.0035 -11.89948 10.44128
482 -258.2365 -291.8912 -11.88926 10.45408
483 -258.3268 -291.7722 -11.87783 10.44136
484 -259.4548 -292.7238 -11.8873 10.43863
485 -259.5828 -296.5641 -11.86569 10.44053
486 -257.6377 -296.4511 -11.86997 10.43704
487 -257.7136 -293.3676 -11.87661 10.43658
488 -258.8723 -296.2579 -11.85636 10.43619
489 -257.9538 -296.1384 -11.84758 10.43985
490 -259.0667 -293.1115 -11.87707 10.42578
491 -258.1773 -292.0429 -11.8458 10.42192
492 -259.2375 -293.912 -11.85402 10.42538
493 -259.368 -293.791 -11.84431 10.42887
494 -258.4771 -293.671 -11.83666 10.41381
495 -257.5597 -293.6176 -11.83836 10.41149
496 -259.1435 -291.9892 -11.50288 10.45995
497 -258.2659 -296.8482 -11.70699 10.34268
498 -259.3316 -293.7809 -11.76828 10.37965
499 -259.467 -293.7118 -11.78068 10.38833
500 -259.5498 -293.614 -11.79263 10.39036
501 -258.6581 -293.5009 -11.7904 10.38585
502 -258.7898 -293.3867 -11.78102 10.38154
503 -258.8544 -293.3193 -11.78153 10.3783
504 -257.9101 -292.2067 -11.77686 10.38217
505 -259.0962 -293.1022 -11.77932 10.37151
506 -259.1804 -293.0247 -11.77919 10.35466
507 -258.2641 -291.9125 -11.75787 10.35733
508 -258.3979 -292.8063 -11.75531 10.32795
509 -258.4752 -296.67 -11.75373 10.32631
510 -258.5673 -295.5502 -11.75185 10.31967
511 -258.6609 -292.4857 -11.75663 10.30119
512 -258.7552 -292.4081 -11.75269 10.27618
513 -257.859 -293.2966 -11.76986 10.2642
514 -257.9237 -297.2009 -11.76006 10.24061
515 -258.0613 -292.1244 -11.77325 10.21972
516 -259.1699 -296.9698 -11.76682 10.19612
517 -259.2505 -293.9153 -11.79317 10.1762
518 -258.4012 -292.8005 -11.8028 10.15481
519 -258.4739 -292.6913 -11.80723 10.12586
520 -258.5344 -293.5904 -11.81244 10.11883
521 -258.6391 -297.4726 -11.7994 10.09875
522 -257.7599 -292.4231 -11.815 10.09426
523 -258.8522 -296.2509 -11.81559 10.07846
524 -258.9612 -291.2365 -11.82648 10.06219
525 -259.0587 -292.1127 -11.84576 10.05045
526 -258.1563 -290.9896 -11.83003 10.03613
527 -257.2714 -295.8837 -11.82972 10.02835
528 -258.3481 -293.7776 -11.83882 10.02096
529 -258.4532 -291.6703 -11.84511 10.01899
530 -257.5761 -292.6087 -11.84204 10.00958
531 -257.6368 -291.4581 -11.82839 10.0045
532 -258.7447 -292.3965 -11.83259 9.99774
533 -257.8546 -294.286 -11.84386 9.989757
534 -257.9557 -296.2227 -11.84134 9.985752
535 -258.0358 -294.0763 -11.85423 9.971235
536 -258.2077 -295.9975 -11.83784 9.965822
537 -258.31 -292.9024 -11.84887 9.962801
538 -258.349 -293.7884 -11.83333 9.965535
539 -258.452 -291.7484 -11.84461 9.952789
540 -258.5475 -291.6241 -11.82761 9.954934
541 -258.1479 -291.9962 -11.52039 9.971438
542 -257.2685 -291.8463 -11.73161 9.894399
543 -257.3479 -293.8122 -11.78282 9.91864
544 -258.4216 -292.7279 -11.79834 9.921441
545 -257.5473 -293.5572 -11.79097 9.926794
546 -257.6262 -292.4759 -11.79075 9.928875
547 -257.792 -291.3812 -11.80004 9.909985
548 -257.8549 -292.3152 -11.81079 9.9121
549 -257.9553 -292.19 -11.80098 9.922429
550 -258.0802 -292.0907 -11.79887 9.902853
551 -258.1572 -293.9693 -11.77691 9.903218
552 -257.2561 -293.8802 -11.77498 9.906576
553 -258.3519 -292.76 -11.77403 9.90692
554 -258.4543 -292.6977 -11.77763 9.897708
555 -257.5509 -296.5782 -11.74506 9.904877
556 -256.6528 -292.4898 -11.76084 9.899919
557 -256.7496 -292.4116 -11.75909 9.894394
558 -257.8158 -293.2876 -11.73763 9.885305
559 -255.9789 -293.2267 -11.73022 9.877265
560 -258.0355 -292.1048 -11.74012 9.87283
561 -256.1609 -292.9807 -11.71674 9.873783
562 -257.2355 -292.9275 -11.72362 9.876155
563 -258.3601 -292.8189 -11.71648 9.868688
564 -257.4751 -293.6826 -11.68634 9.851905
565 -257.565 -293.5991 -11.68449 9.861406
566 -256.6683 -293.4909 -11.67429 9.851137
567 -256.7598 -291.4247 -11.6973 9.838687
568 -256.8679 -293.2822 -11.66973 9.829592
569 -256.9373 -293.2049 -11.66521 9.812532
570 -258.0423 -291.0849 -11.67935 9.808949
571 -257.1793 -293.9842 -11.66878 9.787363
572 -256.2167 -290.9341 -11.67639 9.78141
573 -256.3494 -291.8213 -11.67767 9.768119
574 -256.4699 -291.7163 -11.67335 9.751048
575 -255.6031 -293.5853 -11.65954 9.719638
576 -256.6321 -291.4728 -11.67832 9.726957
577 -257.7353 -291.3803 -11.68374 9.706073
578 -257.8236 -291.2789 -11.69111 9.689798
579 -255.9716 -292.2194 -11.69028 9.679266
580 -256.0678 -293.0761 -11.70119 9.659609
581 -256.1947 -290.987 -11.68731 9.644958
582 -256.2346 -293.8567 -11.68597 9.645724
583 -253.3753 -291.812 -11.69972 9.625337
584 -256.4278 -293.7108 -11.69698 9.621236
585 -255.5516 -291.5746 -11.69853 9.610192
