-100.581	-3.037868	-100.3238	-2.713651
-100.3509	-3.021363	-100.1081	-2.698519
-99.86993	-2.997581	-99.63823	-2.677735
-99.12405	-2.970076	-98.93842	-2.652904
-98.10971	-2.937309	-97.98802	-2.624121
-97.10079	-2.918643	-96.97388	-2.609755
-96.08545	-2.902836	-95.96246	-2.59774
-95.09084	-2.886546	-94.95723	-2.586354
-94.09906	-2.872617	-93.91455	-2.574435
-93.09859	-2.85958	-92.88861	-2.561831
-92.0851	-2.846104	-91.89057	-2.549521
-91.06797	-2.834186	-90.8775	-2.538808
-90.09106	-2.823061	-89.88065	-2.529589
-89.08858	-2.811335	-88.90294	-2.518996
-88.11772	-2.799963	-87.91978	-2.507315
-87.15054	-2.790008	-86.9368	-2.496915
-86.13599	-2.778261	-85.95506	-2.486907
-85.1106	-2.766716	-84.95905	-2.478369
-84.10094	-2.756017	-83.93554	-2.470638
-83.09259	-2.745898	-82.91859	-2.460884
-82.09085	-2.736891	-81.90159	-2.451948
-81.0826	-2.725365	-80.89386	-2.442325
-80.05773	-2.715948	-79.90352	-2.435039
-79.02789	-2.706373	-78.89742	-2.428369
-78.03592	-2.696364	-77.90084	-2.419997
-77.07739	-2.690736	-76.91798	-2.412187
-76.12583	-2.683173	-75.91588	-2.404407
-75.1535	-2.673587	-74.90819	-2.396194
-74.1326	-2.664627	-73.91866	-2.389371
-73.12663	-2.65544	-72.91241	-2.382034
-72.10146	-2.647001	-71.927	-2.37262
-71.11497	-2.639019	-70.93512	-2.365501
-70.11355	-2.630817	-69.92716	-2.358567
-69.11398	-2.621974	-68.93767	-2.352193
-68.10924	-2.61311	-67.92932	-2.345769
-67.08177	-2.606178	-66.93987	-2.33778
-66.08944	-2.600019	-65.94833	-2.3296
-65.05679	-2.592451	-64.93729	-2.321907
-64.06342	-2.586361	-63.95652	-2.315489
-63.06481	-2.579059	-62.9317	-2.309224
-62.05487	-2.569965	-61.92618	-2.301604
-61.07439	-2.56335	-60.91246	-2.293844
-60.04699	-2.55514	-59.88838	-2.285789
-59.00901	-2.547058	-58.88274	-2.278584
-58.00763	-2.540661	-57.86644	-2.273673
-57.00211	-2.532573	-56.88572	-2.268906
-55.99674	-2.524504	-55.88605	-2.263298
-55.03352	-2.516759	-54.88301	-2.256672
-54.04321	-2.509721	-53.89516	-2.249861
-53.03474	-2.504445	-52.89863	-2.243368
-52.03847	-2.499858	-51.87156	-2.238176
-51.0461	-2.495109	-50.89069	-2.233093
-50.04945	-2.488813	-49.91287	-2.22736
-49.05597	-2.481146	-48.88097	-2.219904
-48.07658	-2.474013	-47.89639	-2.213335
-47.06709	-2.466172	-46.90303	-2.207563
-46.07083	-2.458859	-45.87784	-2.201554
-45.07703	-2.451891	-44.91912	-2.198199
-44.06829	-2.444807	-43.93045	-2.192985
-43.04909	-2.438157	-42.89698	-2.187317
-42.04231	-2.432692	-41.89692	-2.182379
-41.04518	-2.427582	-40.87977	-2.176337
-40.04877	-2.42157	-39.88371	-2.170557
-39.0696	-2.416679	-38.89805	-2.165258
-38.07156	-2.411084	-37.87382	-2.15894
-37.06753	-2.403374	-36.85594	-2.152655
-36.04921	-2.395766	-35.83588	-2.146528
-35.04527	-2.389281	-34.839	-2.140638
-34.04646	-2.382791	-33.85271	-2.135723
-33.06185	-2.376854	-32.8744	-2.130579
-32.05856	-2.372527	-31.88258	-2.126318
-31.05884	-2.366815	-30.86935	-2.120416
-30.03578	-2.359717	-29.85918	-2.114112
-29.02385	-2.353341	-28.8476	-2.109188
-28.0392	-2.347481	-27.84044	-2.102629
-27.02127	-2.341167	-26.86154	-2.097292
-26.05526	-2.336703	-25.88316	-2.09205
-25.0397	-2.331918	-24.88404	-2.085844
-24.04827	-2.324645	-23.90614	-2.080378
-23.06303	-2.318844	-22.89886	-2.0746
-22.04901	-2.311219	-21.90294	-2.069109
-21.05595	-2.305804	-20.91086	-2.064031
-20.04582	-2.300971	-19.89431	-2.059059
-19.05682	-2.294489	-18.89366	-2.054152
-18.0358	-2.288934	-17.88756	-2.04881
-17.01315	-2.280718	-16.86304	-2.042826
-16.01619	-2.275636	-15.85421	-2.037105
-15.00213	-2.271288	-14.83113	-2.031202
-13.97494	-2.266298	-13.80924	-2.025688
-12.99636	-2.262856	-12.81433	-2.021131
-11.97865	-2.25682	-11.82977	-2.016134
-10.95457	-2.249786	-10.823	-2.009084
-9.990429	-2.244269	-9.822703	-2.003014
-8.967978	-2.237783	-8.817452	-1.996452
-7.97735	-2.231827	-7.79565	-1.991039
-6.98084	-2.226568	-6.821074	-1.987899
-5.951542	-2.219443	-5.830414	-1.982692
-4.943466	-2.212557	-4.810124	-1.976574
-3.939312	-2.208864	-3.829782	-1.971752
-2.959901	-2.203419	-2.837178	-1.967021
-2.034748	-2.199913	-1.866591	-1.962633
-1.087311	-2.195537	-0.9050453	-1.957614
-0.1312982	-2.187093	0.08048055	-1.95126
0.8476303	-2.180799	1.068532	-1.943606
1.906574	-2.173611	2.072304	-1.935496
2.918555	-2.168649	3.080531	-1.930558
3.929756	-2.16345	4.078121	-1.924369
4.907721	-2.156376	5.059127	-1.919382
5.883027	-2.149984	6.061686	-1.915758
6.877576	-2.141972	7.021071	-1.909515
7.889325	-2.135362	8.026073	-1.903315
8.925817	-2.130655	9.041162	-1.897001
9.912939	-2.12458	10.02549	-1.889475
10.93153	-2.119835	11.03154	-1.883409
11.89411	-2.114578	12.01326	-1.876963
12.89875	-2.1079	13.00575	-1.870333
13.89717	-2.100487	13.99413	-1.864076
14.86656	-2.092004	14.98029	-1.856214
15.88214	-2.083895	15.97541	-1.849121
16.89178	-2.076445	16.95035	-1.842932
17.89097	-2.069653	17.98042	-1.836272
18.89163	-2.063025	18.99324	-1.82988
19.91641	-2.055092	20.01579	-1.823883
20.90735	-2.046815	21.047	-1.815667
21.90636	-2.040405	22.04967	-1.809231
22.91131	-2.034443	23.05806	-1.802047
23.89165	-2.028514	24.04	-1.794553
24.85561	-2.022617	25.00936	-1.787564
25.8513	-2.014731	25.9894	-1.779315
26.83577	-2.006304	26.98195	-1.771286
27.83714	-1.997148	27.99744	-1.762176
28.85097	-1.988311	29.01419	-1.755281
29.86302	-1.979602	30.01432	-1.747178
30.87364	-1.970211	31.02986	-1.738896
31.87041	-1.961361	32.00793	-1.731645
32.87143	-1.951736	33.00169	-1.723063
33.87987	-1.942754	33.99434	-1.71367
34.88934	-1.935811	34.98923	-1.705811
35.90127	-1.928035	35.99741	-1.696459
36.91325	-1.9195	37.01791	-1.685673
37.89223	-1.910527	38.02906	-1.6786
38.88369	-1.899963	39.03345	-1.667428
39.89863	-1.888692	40.03564	-1.657016
40.90523	-1.878031	41.04583	-1.648209
41.90385	-1.868488	42.05263	-1.637188
42.91028	-1.858582	43.02797	-1.629177
43.89885	-1.847353	44.0346	-1.61919
44.86144	-1.835545	45.02667	-1.608154
45.88097	-1.823072	46.03195	-1.596155
46.88401	-1.810309	47.07137	-1.582197
47.88236	-1.800454	48.07241	-1.570158
48.90619	-1.789912	49.06812	-1.55783
49.90684	-1.778043	50.06205	-1.545798
50.91729	-1.767357	51.04728	-1.535452
51.92454	-1.754468	52.05389	-1.522992
52.91199	-1.741222	53.05647	-1.50959
53.90115	-1.728718	54.04972	-1.497118
54.86456	-1.714775	55.04441	-1.483168
55.8585	-1.700247	56.0274	-1.470134
56.86448	-1.685148	57.01698	-1.456054
57.85104	-1.66932	58.01426	-1.439495
58.858	-1.65363	59.00944	-1.423512
59.85564	-1.638148	60.0222	-1.405755
60.86062	-1.623792	61.02682	-1.390065
61.87651	-1.608939	62.0056	-1.376167
62.8856	-1.592894	63.0117	-1.359672
63.88673	-1.576711	64.01481	-1.343009
64.87434	-1.559729	65.00035	-1.323837
65.87437	-1.539908	66.0351	-1.301679
66.87955	-1.5205	67.02776	-1.283284
67.86648	-1.500664	68.03188	-1.264904
68.89722	-1.479753	69.06599	-1.245702
69.89084	-1.460282	70.05522	-1.228217
70.88599	-1.438818	71.07759	-1.205691
71.93382	-1.417469	72.08002	-1.183308
72.92494	-1.396332	73.06684	-1.161413
73.89631	-1.374516	74.07503	-1.13733
74.8983	-1.353222	75.05903	-1.116553
75.85484	-1.329512	76.05882	-1.09107
76.82314	-1.304333	77.05092	-1.065007
77.85844	-1.277919	78.05253	-1.039389
78.8515	-1.249537	79.03748	-1.010639
79.86325	-1.223302	80.02292	-0.986393
80.8745	-1.196162	81.01981	-0.9604559
81.88728	-1.165249	82.01582	-0.9312361
82.89607	-1.138253	83.00816	-0.9044729
83.8801	-1.107173	83.99847	-0.8725693
84.88251	-1.074626	85.01318	-0.8388636
85.8696	-1.045407	86.01778	-0.8069279
86.86136	-1.011767	87.02283	-0.7715291
87.85571	-0.9769114	88.04973	-0.7360766
88.86687	-0.9437205	89.04895	-0.7025008
89.8738	-0.9068932	90.05054	-0.6647859
90.88661	-0.8689719	91.08714	-0.6277341
91.9088	-0.8320874	92.07634	-0.5906727
92.90446	-0.7930357	93.08349	-0.5517172
93.89653	-0.7527722	94.08205	-0.5137517
94.93222	-0.7104638	95.05452	-0.4718239
95.93489	-0.6677288	96.05786	-0.4290898
96.96069	-0.6220466	97.04879	-0.3824393
97.99353	-0.5727575	98.06644	-0.3301248
98.97256	-0.5290907	99.08891	-0.2835957
99.98489	-0.4818542	100.0916	-0.2357507
100.9952	-0.433913	101.0703	-0.1877939
101.9779	-0.3914312	102.0496	-0.1438887
102.9798	-0.3410012	103.0414	-0.09310246
103.9627	-0.2888861	104.0389	-0.03928832
104.9497	-0.2366453	105.0613	0.01303745
105.9536	-0.1777453	106.0552	0.06999134
106.9523	-0.1191418	107.0647	0.1281943
107.9641	-0.05941661	108.0459	0.1877185
108.9594	0.001114771	109.0325	0.24959
109.948	0.06051924	110.0263	0.3131085
110.9293	0.1262621	111.0237	0.3814555
111.8967	0.1890967	112.0479	0.4439702
112.8669	0.2528589	113.0766	0.5088376
113.8707	0.3230374	114.1048	0.5807559
114.8714	0.3865317	115.0661	0.6446576
115.8839	0.4570276	116.0601	0.7178415
116.9073	0.5349584	117.0452	0.7977358
117.8914	0.6100892	118.0371	0.8703658
118.8843	0.6889277	119.0527	0.949688
119.899	0.7693949	120.0532	1.031113
120.8959	0.8481294	121.0453	1.108588
121.9175	0.9320701	122.0387	1.191921
122.9294	1.017978	123.0467	1.27705
123.9349	1.106016	124.0471	1.364856
124.9297	1.191708	125.0644	1.45137
125.9224	1.2775	126.0506	1.53913
126.9139	1.367937	127.0708	1.632415
127.9193	1.457911	128.08	1.722686
128.8881	1.552848	129.0621	1.818642
129.8704	1.656845	130.1017	1.923853
130.8569	1.752288	131.0747	2.018923
131.8282	1.854368	132.0453	2.117269
132.8852	1.958894	133.0545	2.220109
133.8841	2.055682	134.0268	2.316211
134.8912	2.164104	135.0174	2.424752
135.9069	2.275272	136.056	2.539967
136.8868	2.386596	137.0584	2.656039
137.9058	2.50519	138.0705	2.775742
138.9318	2.620062	139.0816	2.891365
139.9389	2.733037	140.069	3.00397
140.9418	2.848032	141.0826	3.117735
141.9593	2.962399	142.0681	3.230277
142.955	3.083919	143.0988	3.352581
143.9681	3.203351	144.0728	3.473257
144.9581	3.324638	145.0735	3.593586
145.9334	3.454316	146.0887	3.726232
146.9232	3.576172	147.0608	3.850965
147.8986	3.707942	148.0877	3.985555
148.9228	3.847269	149.0748	4.126255
149.9524	3.975131	150.0842	4.254673
150.9698	4.108381	151.0909	4.386104
151.9779	4.235357	152.1044	4.510821
152.9619	4.352533	153.0774	4.629354
153.9392	4.480022	154.063	4.758393
154.9213	4.609411	155.0843	4.888182
155.9254	4.743946	156.074	5.024028
156.9146	4.882935	157.0883	5.164601
157.9274	5.019207	158.0709	5.300728
158.9461	5.158839	159.0417	5.439568
159.951	5.292835	160.0197	5.569666
160.9489	5.428634	161.0067	5.703207
161.9431	5.572526	162.0307	5.845582
162.9274	5.702662	163.0511	5.977408
163.9167	5.834952	164.0529	6.118312
164.9233	5.970222	165.0441	6.255351
165.9156	6.092654	166.017	6.379462
166.9181	6.230284	167.0136	6.516835
167.928	6.373047	168.0254	6.656826
168.9475	6.50917	169.0788	6.791256
169.9674	6.649662	170.094	6.929485
170.9714	6.781402	171.0921	7.06114
171.9758	6.906956	172.1033	7.190507
172.9651	7.031548	173.1016	7.318994
173.9647	7.157215	174.1149	7.450176
174.9853	7.290454	175.1207	7.585889
175.9841	7.413542	176.1318	7.70765
176.9767	7.535922	177.1207	7.82823
177.9975	7.662038	178.1066	7.95066
178.9927	7.770247	179.0902	8.054089
179.9964	7.888088	180.0732	8.167207
181.0284	8.009523	181.0891	8.292967
181.998	8.113276	182.0872	8.399464
182.9624	8.223555	183.0841	8.513098
183.9505	8.32946	184.0893	8.62273
184.9546	8.42624	185.0587	8.715709
185.9794	8.531095	186.0882	8.820949
187.0028	8.636618	187.1107	8.927319
188.0205	8.744158	188.1097	9.035115
188.9978	8.844477	189.1201	9.134798
189.9905	8.93507	190.11	9.223106
190.9944	9.022254	191.0893	9.307754
191.9845	9.09483	192.0877	9.378674
192.993	9.168617	193.0768	9.451369
194.0006	9.253653	194.0993	9.53334
195.0155	9.322521	195.1183	9.601495
196.0126	9.393719	196.1212	9.671022
197.0404	9.468534	197.141	9.744286
198.038	9.525291	198.1457	9.802673
199.0436	9.592258	199.1455	9.869412
200.076	9.657885	200.1549	9.934118
201.0706	9.709591	201.1644	9.984591
202.0681	9.755753	202.1586	10.02851
203.0523	9.788734	203.1559	10.05927
204.0355	9.816728	204.1474	10.08488
205.0231	9.843327	205.1494	10.10922
206.0248	9.871762	206.1465	10.13471
207.0554	9.908425	207.1708	10.16928
208.0574	9.934424	208.1768	10.19328
209.0412	9.956737	209.1603	10.21469
210.0313	9.979909	210.1686	10.23694
211.0154	9.98597	211.1475	10.23967
212.0058	9.994482	212.1321	10.24579
213.0127	10.00565	213.1431	10.25458
214.0306	10.00394	214.1344	10.25135
215.0218	10.00629	215.1403	10.25198
216.0036	10.00438	216.1516	10.24812
217.0077	9.995971	217.1565	10.23531
217.9874	9.991357	218.1444	10.22456
218.9882	9.982657	219.1554	10.21161
220.0089	9.97306	220.1662	10.19788
221.0087	9.955648	221.1568	10.17788
222.0134	9.92902	222.1225	10.14941
223.0132	9.904998	223.1178	10.12379
224.0047	9.874609	224.0956	10.09075
224.9844	9.847672	225.0926	10.06103
226.0165	9.827569	226.1411	10.04018
227.0227	9.795305	227.1281	10.00564
228.0382	9.764229	228.1431	9.969839
229.0449	9.730663	229.1354	9.931853
230.0269	9.684343	230.113	9.879902
231.0361	9.645443	231.113	9.836128
232.0376	9.604921	232.1105	9.792328
233.0461	9.559488	233.1195	9.74226
234.013	9.517316	234.1088	9.696264
234.9907	9.471016	235.093	9.646582
235.9916	9.422659	236.0871	9.597303
236.9872	9.378645	237.0761	9.552339
237.9869	9.332931	238.0925	9.503641
239.0235	9.291504	239.1308	9.460097
240.0115	9.242585	240.1469	9.407597
241.0328	9.190628	241.1573	9.351453
242.0386	9.139107	242.1749	9.296123
242.9977	9.080139	243.151	9.231264
244.0029	9.030273	244.1243	9.174767
244.9928	8.980429	245.1289	9.121744
246.0021	8.925587	246.1149	9.063631
247.0066	8.876425	247.1297	9.012996
248.0089	8.824035	248.1433	8.95974
249.0165	8.769217	249.1388	8.902657
250.0431	8.719282	250.1482	8.850247
251.06	8.667892	251.1524	8.795044
252.0541	8.614494	252.1572	8.739588
253.0504	8.559333	253.156	8.682196
254.038	8.501716	254.1587	8.621483
255.0364	8.446083	255.152	8.563165
256.0413	8.391768	256.1446	8.50326
257.0212	8.342007	257.1473	8.448839
258.0402	8.293255	258.1396	8.398382
259.0579	8.239105	259.1269	8.34342
260.0704	8.187487	260.1298	8.291325
261.0832	8.135681	261.1414	8.238436
262.0495	8.080359	262.1263	8.18117
263.0121	8.03041	263.1154	8.129856
264.0027	7.981084	264.1211	8.079424
265.0203	7.931544	265.1075	8.02774
266.0138	7.884582	266.0933	7.977934
267.0344	7.837278	267.1067	7.92676
268.0179	7.787386	268.0989	7.874166
268.9962	7.739378	269.0974	7.823061
270.0122	7.693466	270.1086	7.774373
271.0197	7.648591	271.1164	7.72754
272.0247	7.60396	272.131	7.678611
273.0353	7.558251	273.1215	7.630891
274.0415	7.515902	274.1254	7.585478
275.015	7.470323	275.1291	7.537098
276.0201	7.428227	276.1279	7.494874
277.0413	7.388728	277.1608	7.454102
278.0423	7.343982	278.164	7.407329
279.065	7.303459	279.1573	7.363419
280.0551	7.261744	280.1489	7.318924
281.0222	7.219189	281.1473	7.271205
282.0054	7.179274	282.1382	7.228548
282.9927	7.140229	283.1373	7.187487
283.9875	7.101222	284.1163	7.145662
284.9938	7.062071	285.088	7.105979
286.0033	7.023283	286.0849	7.066699
286.9995	6.984873	287.0887	7.029827
288.0104	6.94766	288.1141	6.992122
289.0177	6.912977	289.1257	6.956415
290.0239	6.880191	290.158	6.92188
291.0228	6.846114	291.1689	6.883356
292.0471	6.812749	292.1652	6.846706
293.0583	6.78015	293.1637	6.810404
294.0491	6.745081	294.1403	6.771636
295.0436	6.71334	295.1396	6.73796
296.0367	6.68123	296.1541	6.704863
297.0461	6.647871	297.154	6.672548
298.0515	6.617396	298.1476	6.643167
299.1025	6.586253	299.1259	6.611215
300.1273	6.556353	300.1288	6.58067
301.0898	6.527437	301.1381	6.550032
302.0974	6.499076	302.1512	6.519563
303.1052	6.473602	303.1916	6.490933
304.0905	6.445518	304.2158	6.460022
305.1464	6.417873	305.2008	6.428741
306.1493	6.390159	306.2167	6.399133
307.1055	6.359644	307.199	6.369545
308.1002	6.332474	308.1679	6.341906
309.0667	6.306317	309.2027	6.31638
310.0717	6.27882	310.1829	6.289151
311.0694	6.253282	311.1792	6.263256
312.0544	6.229669	312.1837	6.237132
313.0554	6.20505	313.1584	6.211146
314.0383	6.182381	314.1584	6.186474
315.0649	6.160464	315.1382	6.161798
316.0807	6.13799	316.1494	6.139099
317.0609	6.11474	317.1707	6.115359
318.0573	6.091947	318.1749	6.092395
319.0207	6.071387	319.2057	6.069962
320.0058	6.048298	320.155	6.045295
321.0208	6.028284	321.136	6.022919
322.0469	6.009223	322.1373	6.001471
323.0747	5.986396	323.1194	5.978052
324.0613	5.966083	324.1622	5.956604
325.0658	5.946251	325.1673	5.936476
326.0652	5.924794	326.1757	5.915049
327.0549	5.906328	327.1794	5.895864
328.0832	5.88824	328.184	5.877499
329.1086	5.868542	329.1943	5.85716
330.0888	5.84944	330.2035	5.837861
331.0881	5.831791	331.1979	5.81818
332.081	5.814689	332.174	5.798954
333.0665	5.797012	333.1686	5.780523
334.0751	5.780039	334.1512	5.762112
335.0974	5.762607	335.1609	5.745446
336.0891	5.743913	336.1497	5.727509
337.0671	5.727226	337.1442	5.710018
338.0629	5.711267	338.1415	5.694148
339.0665	5.693659	339.1608	5.677429
340.0842	5.6778	340.1729	5.660595
341.1046	5.663356	341.1764	5.644693
342.1046	5.648119	342.2014	5.626876
343.1069	5.633657	343.1979	5.609147
344.1003	5.61885	344.2081	5.593666
345.0957	5.602678	345.2003	5.577986
346.0844	5.586993	346.166	5.563052
347.0819	5.5719	347.1459	5.549627
348.0812	5.556586	348.1505	5.536424
349.0774	5.541715	349.1557	5.522362
350.0834	5.528301	350.1741	5.508734
351.0596	5.515261	351.1711	5.495646
352.0659	5.502818	352.1594	5.48047
353.1041	5.492007	353.1545	5.467314
354.14	5.481676	354.1739	5.454443
355.1495	5.468937	355.1963	5.439656
356.145	5.456878	356.2231	5.426631
357.1093	5.443157	357.2737	5.41371
358.0875	5.427809	358.2574	5.400463
359.0782	5.41538	359.2603	5.388975
360.1124	5.401585	360.2379	5.378323
361.1158	5.388322	361.2171	5.365897
362.1127	5.376506	362.2252	5.353601
363.1154	5.364777	363.2155	5.342399
364.0822	5.3544	364.2242	5.331755
365.0806	5.34428	365.1978	5.320859
366.0829	5.33383	366.186	5.309585
367.0907	5.323401	367.1945	5.299069
368.1278	5.31282	368.2131	5.286787
369.1259	5.302785	369.2288	5.275141
370.1257	5.292323	370.2333	5.265316
371.1229	5.280248	371.2241	5.252551
372.1062	5.269122	372.2119	5.241855
373.1469	5.258747	373.2241	5.232105
374.1422	5.247359	374.2255	5.220817
375.1358	5.23732	375.2373	5.212232
376.1149	5.227534	376.2386	5.203922
377.0905	5.216335	377.2115	5.195345
378.1121	5.207085	378.2336	5.18804
379.1422	5.198431	379.2285	5.179334
380.1641	5.189179	380.2231	5.169108
381.1583	5.180954	381.2455	5.159386
382.1397	5.173031	382.209	5.149032
383.1426	5.164182	383.1962	5.139116
384.1251	5.153486	384.1883	5.129664
385.149	5.143249	385.1657	5.120442
386.1614	5.13441	386.1815	5.113959
387.1361	5.124122	387.1844	5.105444
388.1365	5.116519	388.1893	5.098476
389.1118	5.108521	389.1971	5.092636
390.1067	5.097888	390.2086	5.08343
391.0934	5.090306	391.2325	5.076603
392.1268	5.083555	392.256	5.06955
393.1473	5.076765	393.2616	5.060241
394.1586	5.07102	394.256	5.052835
395.2106	5.063086	395.2395	5.044347
396.1942	5.054468	396.2269	5.036863
397.1922	5.045033	397.2318	5.031097
398.1824	5.036163	398.2496	5.02587
399.153	5.03082	399.2567	5.022096
400.1667	5.022893	400.2597	5.015392
401.1724	5.016195	401.2658	5.009386
402.1797	5.011562	402.2439	5.002793
403.1918	5.003814	403.2402	4.995144
404.1909	4.998958	404.2347	4.989342
405.211	4.995117	405.2441	4.983642
406.2393	4.986925	406.2655	4.977551
407.2203	4.980549	407.2902	4.972455
408.2037	4.973217	408.3101	4.967753
409.1735	4.963612	409.2968	4.962525
410.1479	4.956797	410.3135	4.956958
411.1551	4.950837	411.296	4.952221
412.185	4.945724	412.2867	4.947701
413.1691	4.941729	413.2849	4.943073
414.1743	4.936949	414.2447	4.938766
415.1876	4.931982	415.2459	4.933947
416.1644	4.926118	416.2481	4.928488
417.1759	4.920518	417.2522	4.923704
418.1777	4.916685	418.2755	4.920285
419.1796	4.912595	419.294	4.915663
420.1862	4.907687	420.2973	4.912199
421.1733	4.902996	421.3198	4.908255
422.1614	4.896619	422.3034	4.90229
423.1749	4.891123	423.2723	4.898273
424.1673	4.888479	424.2534	4.894589
425.1789	4.885535	425.2263	4.891624
426.172	4.884458	426.2185	4.891181
427.1523	4.881002	427.2034	4.889247
428.146	4.877246	428.2136	4.88678
429.1713	4.874432	429.2019	4.882775
430.1725	4.871052	430.2074	4.879045
431.1956	4.870616	431.2385	4.877493
432.2084	4.868174	432.2481	4.872663
433.1953	4.864285	433.2435	4.869672
434.1983	4.861044	434.2638	4.867606
435.1745	4.855725	435.2446	4.861865
436.1563	4.853287	436.2265	4.86136
437.1429	4.852214	437.2472	4.861388
438.1407	4.848827	438.2446	4.857781
439.1383	4.847235	439.2438	4.858191
440.1321	4.844431	440.254	4.854971
441.1224	4.842262	441.2496	4.850384
442.1414	4.842782	442.2104	4.848814
443.1428	4.842124	443.2089	4.844665
444.166	4.842602	444.1999	4.844008
445.1941	4.840929	445.2129	4.842434
446.1821	4.837374	446.245	4.839162
447.1924	4.834428	447.2543	4.839569
448.1658	4.829455	448.2513	4.836641
449.1396	4.826551	449.2271	4.835117
450.1533	4.825953	450.2394	4.835448
451.155	4.82284	451.2441	4.831618
452.1749	4.821116	452.2303	4.828435
453.2011	4.82061	453.2374	4.826379
454.1973	4.817005	454.2227	4.821714
455.1867	4.815675	455.2166	4.818931
456.1938	4.814108	456.2444	4.817098
457.2171	4.809094	457.2596	4.813105
458.244	4.804543	458.2863	4.810827
459.2466	4.797777	459.3129	4.805186
460.2639	4.790208	460.3005	4.799809
461.2291	4.783939	461.3036	4.7934
462.2103	4.777857	462.2863	4.785061
463.2263	4.774688	463.2892	4.7813
464.2262	4.769495	464.3269	4.773937
465.2523	4.763461	465.2995	4.766139
466.2479	4.757935	466.2859	4.760041
467.2349	4.747987	467.2466	4.749779
468.2173	4.740723	468.2209	4.740529
469.2047	4.734586	469.2397	4.73229
470.2185	4.724289	470.2491	4.722438
471.2188	4.715449	471.2623	4.711688
472.2241	4.703658	472.2431	4.700679
473.2033	4.689631	473.2236	4.686737
474.1746	4.677927	474.2188	4.672725
475.2013	4.666182	475.2251	4.660606
476.2073	4.653658	476.2563	4.647857
477.2323	4.639872	477.2661	4.635229
478.2354	4.624218	478.2403	4.620493
479.2047	4.608577	479.2483	4.604574
480.202	4.593509	480.2275	4.586506
481.1786	4.579562	481.2308	4.572535
482.212	4.568001	482.2719	4.559014
483.239	4.550324	483.2722	4.542555
484.235	4.532197	484.2658	4.527849
485.2461	4.513764	485.2957	4.510172
486.2404	4.492487	486.2661	4.492231
487.2336	4.476576	487.2652	4.476656
488.2286	4.460901	488.2735	4.462157
489.2333	4.444238	489.2314	4.446591
490.2023	4.428657	490.2141	4.431034
491.1672	4.411906	491.2053	4.415036
492.1573	4.394412	492.2257	4.396481
493.1688	4.378716	493.2225	4.379977
494.1829	4.361743	494.2553	4.363277
495.2201	4.346769	495.2504	4.349442
496.2278	4.330021	496.2281	4.335063
497.2038	4.311765	497.2436	4.319312
498.2181	4.295195	498.2484	4.306432
498.7312	4.226118	499.265	4.289978
498.7761	4.139227	500.29	4.276564
498.3458	4.037947	501.3014	4.263952
497.3575	3.92266	502.2975	4.247627
496.3542	3.849389	503.3067	4.233873
495.3287	3.787441	504.2984	4.219623
494.2896	3.731595	505.3053	4.204158
493.2798	3.683087	506.2973	4.1914
492.2839	3.636783	507.2844	4.17895
491.3277	3.593559	508.309	4.167542
490.3416	3.554784	509.3158	4.156497
489.334	3.517861	510.3386	4.143851
488.3545	3.484746	511.343	4.131711
487.3324	3.451769	512.312	4.11765
486.3351	3.418878	513.2847	4.106369
485.3618	3.388322	514.3047	4.095985
484.3693	3.356751	515.3069	4.083514
483.3813	3.327688	516.3153	4.071452
482.3641	3.300154	517.3241	4.059141
481.3642	3.271672	518.274	4.047304
480.3489	3.24701	519.2845	4.036923
479.3552	3.223326	520.2785	4.0284
478.3825	3.19964	521.2933	4.018464
477.3781	3.177969	522.3315	4.007154
476.3754	3.154593	523.306	3.995726
475.333	3.133239	524.2938	3.984368
474.3036	3.113091	525.2921	3.975303
473.3287	3.091733	526.2792	3.967824
472.3257	3.073016	527.2863	3.960398
471.3422	3.05375	528.2913	3.951324
470.3633	3.035164	529.2657	3.940416
469.3573	3.018054	530.2635	3.930171
468.3452	2.998642	531.2595	3.920192
467.3318	2.979339	532.2697	3.91126
466.3163	2.961019	533.3118	3.903786
465.2941	2.94195	534.3359	3.894612
464.297	2.925259	535.3604	3.886239
463.322	2.908792	536.3607	3.878708
462.323	2.890482	537.3402	3.870037
461.352	2.875023	538.3063	3.862892
460.3667	2.859171	539.3071	3.855631
459.3694	2.84287	540.2999	3.847675
458.392	2.828006	541.2772	3.840127
457.3685	2.811708	542.2751	3.831442
456.3276	2.79683	543.246	3.823984
455.3158	2.782094	544.2614	3.816846
454.2989	2.767998	545.2664	3.81051
453.2988	2.755062	546.2909	3.806012
452.3161	2.740189	547.2879	3.799124
451.3172	2.726335	548.2828	3.793759
450.3206	2.712132	549.3022	3.788069
449.3116	2.697106	550.3081	3.781032
448.3343	2.683046	551.311	3.777044
447.3445	2.670246	552.3127	3.771254
446.3545	2.656622	553.3252	3.764882
445.3633	2.643421	554.3116	3.758578
444.3231	2.630622	555.3315	3.750903
443.32	2.6172	556.3156	3.74492
442.2849	2.604301	557.3188	3.739905
441.2845	2.592112	558.3362	3.735883
440.3117	2.579854	559.3475	3.732769
439.3145	2.56625	560.3733	3.727589
438.333	2.554444	561.3617	3.721687
437.3387	2.543453	562.3807	3.716556
436.2998	2.532517	563.3754	3.711436
435.312	2.522783	564.3577	3.7075
434.3163	2.512906	565.3495	3.703912
433.3148	2.499669	566.3081	3.698033
432.3572	2.487208	567.2787	3.692363
431.3371	2.473675	568.2982	3.686851
430.338	2.460239	569.2977	3.682261
429.326	2.448538	570.3047	3.679332
428.3287	2.437538	571.3483	3.676084
427.3307	2.427502	572.3722	3.67308
426.3405	2.416618	573.3735	3.668682
425.3531	2.407096	574.3931	3.664666
424.3444	2.397594	575.3749	3.66242
423.3423	2.387964	576.3444	3.659658
422.352	2.378806	577.3521	3.65729
421.372	2.369283	578.3558	3.655488
420.3689	2.358006	579.3633	3.65045
419.3581	2.347536	580.3812	3.646154
418.3454	2.337909	581.3772	3.642847
417.3181	2.328061	582.3795	3.637752
416.338	2.318954	583.35	3.635509
415.3418	2.309775	584.3406	3.632913
414.3526	2.298695	585.3373	3.628893
413.3464	2.288115	586.3112	3.62678
412.3255	2.279761	587.3173	3.624069
411.3304	2.270941	588.2997	3.621564
410.3084	2.26305	589.3069	3.619358
409.3276	2.255687	590.3253	3.617014
408.3581	2.247027	591.3561	3.613972
407.3731	2.237679	592.3698	3.610371
406.368	2.228805	593.3853	3.608447
405.3618	2.220166	594.3925	3.605803
404.3464	2.210448	595.3715	3.603068
403.3342	2.202595	596.3694	3.60181
402.3754	2.195192	597.3656	3.600823
401.3767	2.185226	598.3628	3.599388
400.3608	2.176488	598.9112	3.566724
399.3592	2.167998	598.934	3.521284
398.3397	2.160316	598.4448	3.467129
397.3435	2.154872	597.4772	3.408505
396.3578	2.148435	596.4678	3.373766
395.3599	2.139625	595.4744	3.346076
394.3484	2.129872	594.4999	3.320335
393.3029	2.119914	593.4774	3.293929
392.2988	2.111667	592.4954	3.271367
391.2734	2.104656	591.4936	3.248816
390.2466	2.09745	590.4754	3.228136
389.2878	2.091262	589.4944	3.209185
388.276	2.082981	588.4827	3.189917
387.2907	2.075664	587.4935	3.172251
386.3087	2.070271	586.4943	3.15425
385.2965	2.063036	585.4611	3.13698
384.3161	2.058138	584.4536	3.121088
383.3401	2.052386	583.436	3.105418
382.3528	2.043812	582.4363	3.09141
381.3558	2.035918	581.4564	3.07722
380.3358	2.027729	580.4566	3.061873
379.3063	2.021947	579.4843	3.047742
378.2781	2.016319	578.4598	3.033267
377.2599	2.010647	577.4382	3.020594
376.2658	2.004148	576.4447	3.008898
375.2679	1.99514	575.429	2.995834
374.265	1.986807	574.4739	2.983615
373.2676	1.980075	573.4986	2.9703
372.2613	1.973257	572.4846	2.956867
371.2552	1.966845	571.4733	2.944776
370.2895	1.961958	570.4404	2.93278
369.2801	1.955153	569.4312	2.921698
368.2832	1.949023	568.4466	2.912976
367.2838	1.94375	567.4312	2.903282
366.2607	1.937465	566.4351	2.89225
365.2787	1.931495	565.4337	2.882579
364.2771	1.925759	564.4048	2.870405
363.2801	1.919951	563.4165	2.860339
362.283	1.914102	562.4299	2.850849
361.2708	1.909319	561.444	2.838572
360.2711	1.905048	560.4846	2.828206
359.2722	1.898879	559.5088	2.817546
358.2562	1.892513	558.4974	2.807058
357.2923	1.885752	557.4924	2.79824
356.2906	1.876648	556.481	2.788527
355.2747	1.869099	555.4831	2.778278
354.2869	1.862972	554.4982	2.768265
353.2278	1.856196	553.4846	2.757974
352.2319	1.850808	552.4878	2.750786
351.2395	1.845186	551.4875	2.742413
350.2417	1.838462	550.4585	2.735292
349.2758	1.830991	549.4664	2.728654
348.2507	1.825195	548.4448	2.718729
347.2256	1.819968	547.4055	2.709974
346.2105	1.81471	546.4152	2.701243
345.2121	1.81041	545.3892	2.692358
344.2136	1.805015	544.3916	2.683681
343.241	1.798079	543.4054	2.677225
342.2537	1.791902	542.4215	2.66901
341.2336	1.786412	541.4473	2.661721
340.2583	1.779539	540.4379	2.654396
339.2263	1.773556	539.4391	2.644378
338.2368	1.767098	538.4067	2.636806
337.2411	1.759675	537.4058	2.628142
336.2415	1.752561	536.4247	2.620584
335.2713	1.747266	535.4396	2.612887
334.2421	1.741481	534.451	2.603834
333.2601	1.736292	533.4407	2.596443
332.257	1.73122	532.4368	2.588224
331.2479	1.723554	531.4049	2.580776
330.2878	1.715976	530.4332	2.574852
329.2475	1.708161	529.428	2.566534
328.2275	1.701353	528.4028	2.559769
327.2245	1.694801	527.4223	2.552665
326.1916	1.68869	526.4122	2.543638
325.2184	1.68319	525.4205	2.536825
324.2125	1.675824	524.4546	2.530602
323.2198	1.6697	523.4739	2.524969
322.2278	1.662567	522.4702	2.518109
321.2096	1.654408	521.4713	2.509609
320.2236	1.647392	520.4912	2.500407
319.1949	1.639491	519.484	2.491196
318.1769	1.631025	518.4731	2.484773
317.1955	1.623322	517.4792	2.479079
316.2086	1.615347	516.4471	2.471262
315.2624	1.607772	515.4567	2.464402
314.2729	1.601419	514.4918	2.45681
313.2659	1.593994	513.4887	2.449978
312.2571	1.586297	512.5089	2.444832
311.2332	1.576739	511.5029	2.438495
310.2395	1.566777	510.4754	2.432083
309.2583	1.558445	509.4856	2.425323
308.2494	1.548614	508.4653	2.417818
307.2279	1.541357	507.4294	2.410484
306.248	1.534182	506.4406	2.405052
305.2427	1.523284	505.4134	2.399568
304.2602	1.513497	504.4235	2.39447
303.299	1.502485	503.4448	2.387803
302.2825	1.489634	502.4273	2.379239
301.2873	1.478605	501.4343	2.370633
300.2805	1.466964	500.4161	2.362044
299.2512	1.454908	499.4095	2.355253
298.2127	1.443814	498.4241	2.349285
297.1893	1.432171	497.4299	2.341233
296.2001	1.421911	496.433	2.333884
295.1677	1.410728	495.4521	2.326754
294.1753	1.399055	494.432	2.319236
293.1806	1.388568	493.4202	2.313676
292.1671	1.3739	492.4305	2.307781
291.187	1.359052	491.4326	2.301862
290.1927	1.345292	490.4337	2.294931
289.176	1.328833	489.4442	2.287921
288.1661	1.316224	488.4466	2.280994
287.1901	1.303923	487.432	2.27418
286.1981	1.288097	486.4411	2.268435
285.1591	1.272745	485.4565	2.262663
284.1447	1.253664	484.4614	2.254666
283.1235	1.235179	483.4214	2.245593
282.1391	1.218018	482.4168	2.237272
281.2007	1.199756	481.3911	2.2284
280.2557	1.182779	480.368	2.221621
279.285	1.162125	479.425	2.216988
278.2739	1.14136	478.4221	2.209975
277.2485	1.122472	477.4239	2.203042
276.2245	1.099626	476.422	2.19583
275.2092	1.078126	475.3875	2.187824
274.2046	1.056448	474.3799	2.180955
273.2175	1.031425	473.3681	2.174922
272.1808	1.009366	472.3523	2.169404
271.1718	0.9848387	471.3619	2.161891
270.1644	0.9592788	470.3582	2.154928
269.1622	0.9362015	469.377	2.148403
268.1788	0.9104794	468.4108	2.139767
267.1712	0.8847061	467.4026	2.133508
266.1686	0.855918	466.4155	2.127112
265.1514	0.8217892	465.3945	2.118621
264.1531	0.7906857	464.3734	2.111696
263.159	0.7574905	463.3763	2.103021
262.1588	0.7255695	462.3816	2.095836
261.19	0.6966999	461.4214	2.089659
260.2008	0.6600772	460.4412	2.083522
259.2238	0.6254083	459.4689	2.078547
258.238	0.590566	458.4635	2.071229
257.2133	0.5522217	457.4413	2.063234
256.2137	0.5161971	456.4446	2.055353
255.2147	0.4802158	455.4229	2.04732
254.2274	0.4400303	454.42	2.040121
253.2733	0.3994218	453.4286	2.033914
252.2547	0.3544296	452.3958	2.027127
251.2297	0.3081189	451.3968	2.019809
250.2192	0.2612387	450.3995	2.012996
249.1718	0.2125884	449.3735	2.00578
248.172	0.1663661	448.3956	1.998774
247.172	0.114974	447.3983	1.992611
246.1523	0.06247053	446.4127	1.984421
245.1774	0.0113965	445.4135	1.976415
244.1782	-0.04493672	444.3787	1.968758
243.1872	-0.09864078	443.3669	1.960451
242.2152	-0.1519478	442.3449	1.953618
241.2111	-0.2150789	441.3814	1.947153
240.2114	-0.276673	440.4015	1.941154
239.2102	-0.3410653	439.4139	1.934708
238.1738	-0.4093559	438.403	1.927873
237.1551	-0.4711529	437.3908	1.921794
236.1493	-0.5335515	436.3854	1.913401
235.1451	-0.5990101	435.3852	1.906532
234.1396	-0.6677029	434.4117	1.900829
233.145	-0.7389771	433.4151	1.893272
232.1635	-0.8112067	432.4125	1.888051
231.18	-0.8883842	431.4019	1.881073
230.2041	-0.9644262	430.3878	1.873348
229.2081	-1.037671	429.3843	1.866764
228.1957	-1.123626	428.4049	1.8595
227.1934	-1.207519	427.4173	1.853763
226.1947	-1.291305	426.4091	1.846969
225.1953	-1.383786	425.3952	1.84007
224.2108	-1.469173	424.3773	1.833204
223.2098	-1.555168	423.3845	1.825791
222.1917	-1.64777	422.389	1.819631
221.1911	-1.743271	421.4022	1.814441
220.1688	-1.842008	420.4203	1.807659
219.1528	-1.942193	419.3927	1.801896
218.1727	-2.042296	418.4084	1.795616
217.172	-2.138847	417.3896	1.788969
216.172	-2.233067	416.3876	1.783736
215.1698	-2.336528	415.3934	1.778795
214.1651	-2.443133	414.3966	1.773929
213.1601	-2.547093	413.3911	1.769665
212.1604	-2.663376	412.3936	1.764154
211.1785	-2.77695	411.4227	1.757608
210.2043	-2.885524	410.4132	1.751512
209.2021	-3.005662	409.4457	1.745189
208.2106	-3.12114	408.4763	1.740513
207.2051	-3.235316	407.4661	1.734771
206.2012	-3.351986	406.4868	1.728852
205.2131	-3.46395	405.4781	1.723342
204.2329	-3.578715	404.4547	1.716384
203.2589	-3.695238	403.4325	1.710634
202.2457	-3.822445	402.4149	1.706692
201.2346	-3.959041	401.4153	1.700473
200.2169	-4.093361	400.3889	1.695551
199.1559	-4.231813	399.3893	1.690531
198.1661	-4.365767	398.3909	1.683788
197.1897	-4.48585	397.3963	1.678728
196.2032	-4.616437	396.4108	1.675269
195.2492	-4.744957	395.4214	1.67186
194.2231	-4.871835	394.3844	1.667626
193.1832	-5.009586	393.365	1.662253
192.1645	-5.138461	392.3712	1.656225
191.1516	-5.268974	391.3794	1.650174
190.1556	-5.407043	390.4209	1.645079
189.1747	-5.543072	389.425	1.641863
188.1719	-5.683823	388.4153	1.637185
187.1531	-5.820273	387.4008	1.632361
186.1469	-5.948755	386.3739	1.628372
185.1238	-6.076855	385.3373	1.623855
184.1261	-6.199229	384.3364	1.62036
183.1322	-6.328999	383.3596	1.617778
182.1224	-6.462106	382.384	1.61506
181.1584	-6.591325	381.4143	1.612089
180.1604	-6.727671	380.4263	1.608104
179.1588	-6.85465	379.4091	1.604737
178.176	-6.973157	378.3861	1.600986
177.1575	-7.099958	377.3784	1.597419
176.1595	-7.218308	376.3841	1.596332
175.1576	-7.340887	375.3591	1.592037
174.1555	-7.471421	374.3702	1.587262
173.1565	-7.590151	373.3883	1.582263
172.1554	-7.711915	372.3453	1.574939
171.163	-7.833032	371.3584	1.571516
170.1525	-7.950915	370.3665	1.569349
169.1455	-8.070271	369.3499	1.56537
168.1345	-8.179856	368.3848	1.563342
167.1179	-8.285291	367.3681	1.557962
166.1291	-8.381249	366.3573	1.552289
165.1634	-8.468619	365.3602	1.549412
164.1715	-8.568897	364.334	1.545388
163.194	-8.665855	363.3649	1.543475
162.1901	-8.762575	362.3411	1.541371
161.1395	-8.868446	361.336	1.5378
160.1281	-8.957418	360.361	1.535434
159.1118	-9.037624	359.3495	1.532135
158.0986	-9.119635	358.3688	1.528697
157.0915	-9.190535	357.3873	1.526111
156.1149	-9.26137	356.3665	1.521814
155.108	-9.331185	355.3327	1.517519
154.123	-9.396699	354.3314	1.512632
153.1524	-9.459094	353.3044	1.506758
152.1478	-9.515259	352.2974	1.502757
151.145	-9.582739	351.3271	1.499619
150.1424	-9.645746	350.3036	1.495638
149.1472	-9.699791	349.2983	1.493175
148.1398	-9.759885	348.2885	1.489456
147.1478	-9.800952	347.2874	1.484916
146.1453	-9.83094	346.2896	1.48203
145.128	-9.870766	345.2976	1.478111
144.1055	-9.899418	344.2902	1.474669
143.0898	-9.925822	343.2551	1.470797
142.0661	-9.956409	342.2639	1.467209
141.0788	-9.97575	341.2676	1.464406
140.094	-9.992273	340.2775	1.459523
139.1131	-10.00669	339.2958	1.455514
138.1065	-10.02038	338.3009	1.451162
137.0853	-10.03242	337.2964	1.444713
136.0836	-10.035	336.3033	1.44037
135.0757	-10.03869	335.2984	1.435545
134.109	-10.03492	334.2902	1.429894
133.1234	-10.02179	333.2986	1.425597
132.1037	-10.01899	332.3168	1.422008
131.1065	-10.01068	331.3325	1.418911
130.0961	-9.99715	330.3536	1.415228
129.1095	-9.987076	329.3568	1.410641
128.1261	-9.964105	328.3205	1.405368
127.1426	-9.933944	327.3096	1.39783
126.1232	-9.905158	326.2802	1.392262
125.1034	-9.876987	325.2683	1.387419
124.0925	-9.851006	324.2844	1.380012
123.0841	-9.824903	323.2814	1.375892
122.1014	-9.798386	322.3068	1.369826
121.0941	-9.767065	321.3159	1.36384
120.11	-9.728492	320.3474	1.358974
119.1006	-9.692949	319.3521	1.351961
118.1048	-9.653045	318.3358	1.344716
117.115	-9.606143	317.3367	1.33683
116.117	-9.565257	316.2886	1.328961
115.1142	-9.516387	315.313	1.321481
114.1113	-9.463801	314.3335	1.314995
113.1243	-9.421551	313.3431	1.308124
112.1351	-9.372755	312.3795	1.302495
111.1292	-9.325729	311.3617	1.296167
110.1053	-9.281729	310.3555	1.288121
109.1013	-9.229639	309.3788	1.281934
108.0804	-9.17588	308.374	1.273211
107.0884	-9.121101	307.3751	1.264266
106.1252	-9.068516	306.3967	1.256997
105.125	-9.016266	305.3679	1.246327
104.1508	-8.960661	304.3515	1.237872
103.1501	-8.906565	303.3455	1.22981
102.1536	-8.848189	302.3246	1.21928
101.1426	-8.786841	301.3125	1.210692
100.1051	-8.734904	300.3121	1.19886
99.10376	-8.682579	299.3206	1.187663
98.11022	-8.629062	298.3162	1.175849
97.08447	-8.58128	297.3087	1.162612
96.0752	-8.528408	296.3002	1.151708
95.0818	-8.473797	295.2707	1.139065
94.0178	-8.420677	294.2549	1.127997
93.01718	-8.364651	293.2802	1.118121
92.03505	-8.308794	292.2842	1.105253
91.03603	-8.251207	291.325	1.093077
90.07661	-8.194455	290.3191	1.079365
89.09877	-8.138621	289.294	1.064292
88.0946	-8.081765	288.299	1.050882
87.07858	-8.030756	287.2711	1.03587
86.07555	-7.979218	286.2807	1.021429
85.08268	-7.925889	285.2766	1.00735
84.08075	-7.874818	284.2731	0.9922373
83.06742	-7.821191	283.2812	0.9767069
82.07988	-7.766702	282.2705	0.960319
81.06845	-7.716862	281.2625	0.9424618
80.06571	-7.666091	280.3	0.9233902
79.08788	-7.615611	279.3052	0.9039078
78.0578	-7.566544	278.336	0.8826639
77.05748	-7.515927	277.3521	0.8618256
76.07616	-7.467716	276.319	0.8392285
75.08982	-7.418766	275.2881	0.8176075
74.10419	-7.371357	274.2647	0.797181
73.0835	-7.32652	273.265	0.7740959
72.08055	-7.277596	272.2624	0.7526751
71.05788	-7.231876	271.2817	0.7283027
70.07226	-7.185437	270.2785	0.7022166
69.09917	-7.136938	269.2674	0.678861
68.07309	-7.093241	268.2402	0.6524627
67.07192	-7.049057	267.2333	0.6270276
66.05127	-7.003495	266.231	0.6005843
65.03156	-6.962443	265.218	0.5709293
64.05408	-6.918949	264.2256	0.5427541
63.04469	-6.875981	263.2155	0.5124012
62.04411	-6.836514	262.2222	0.4816617
61.0683	-6.794927	261.2496	0.4513662
60.06584	-6.754656	260.2587	0.4158105
59.08696	-6.714479	259.2629	0.3808556
58.10752	-6.67496	258.2589	0.3469027
57.09372	-6.636415	257.255	0.3094244
56.08588	-6.597258	256.2629	0.2732359
55.07774	-6.561192	255.2984	0.237454
54.07068	-6.523358	254.3155	0.194811
53.0752	-6.484877	253.3166	0.1524922
52.07711	-6.449514	252.3056	0.1085706
51.06227	-6.410936	251.2962	0.06225901
50.07387	-6.37337	250.281	0.01879941
49.04603	-6.339851	249.2817	-0.02691054
48.06656	-6.304433	248.2941	-0.07069348
47.10326	-6.271661	247.295	-0.1219565
46.08874	-6.240197	246.2746	-0.1746368
45.12021	-6.207782	245.2616	-0.2238835
44.10284	-6.175366	244.2689	-0.2816011
43.09035	-6.144	243.25	-0.334219
42.07638	-6.112609	242.2889	-0.3855435
41.02818	-6.079741	241.2714	-0.4465473
40.02815	-6.047958	240.2616	-0.505436
39.01818	-6.016403	239.2639	-0.5677861
38.03505	-5.984237	238.2255	-0.6346403
37.09725	-5.954093	237.2478	-0.6985255
36.07089	-5.927146	236.2293	-0.7656519
35.06431	-5.899065	235.2213	-0.8318091
34.04658	-5.871628	234.2303	-0.9014355
32.98386	-5.845408	233.2245	-0.9727792
31.98548	-5.815483	232.2671	-1.040077
31.00254	-5.784888	231.2657	-1.112152
29.98685	-5.757113	230.2757	-1.184908
29.01486	-5.728691	229.2761	-1.253779
28.02217	-5.702053	228.2393	-1.337021
26.97055	-5.678249	227.2578	-1.423246
25.98503	-5.653461	226.2613	-1.510772
24.99472	-5.628443	225.2724	-1.605126
23.99055	-5.604066	224.2906	-1.693014
23.04648	-5.579787	223.2867	-1.779048
22.04982	-5.555244	222.2841	-1.867998
21.04025	-5.531082	221.2723	-1.957961
20.08186	-5.50722	220.2449	-2.051493
19.07332	-5.482739	219.2295	-2.147447
18.07889	-5.458141	218.2471	-2.245693
17.10439	-5.435654	217.2525	-2.345906
16.08271	-5.413047	216.2749	-2.445821
15.06988	-5.390969	215.3064	-2.55383
14.07284	-5.370293	214.2918	-2.663442
13.06333	-5.347972	213.2805	-2.768024
12.08078	-5.324155	212.2726	-2.879033
11.10916	-5.301737	211.2559	-2.983175
10.11938	-5.280228	210.2474	-3.08546
9.131781	-5.259877	209.2624	-3.200752
8.124452	-5.241355	208.299	-3.314737
7.121826	-5.222032	207.268	-3.431937
6.108016	-5.202529	206.275	-3.558182
5.124186	-5.182196	205.2975	-3.675985
4.125831	-5.163028	204.2864	-3.792905
3.089969	-5.143718	203.3315	-3.912968
2.08859	-5.123969	202.3306	-4.035425
1.063547	-5.105227	201.3192	-4.161009
0.07233781	-5.084641	200.3078	-4.28913
-0.8929806	-5.064967	199.2996	-4.420921
-1.835516	-5.044539	198.2856	-4.548274
-2.785163	-5.025415	197.2829	-4.672776
-3.766568	-5.008918	196.2908	-4.813751
-4.740362	-4.992263	195.2735	-4.949296
-5.766069	-4.975321	194.2708	-5.08132
-6.784965	-4.957275	193.2508	-5.220522
-7.794237	-4.939049	192.2155	-5.342862
-8.800253	-4.922333	191.2347	-5.463764
-9.8125	-4.907449	190.2527	-5.596125
-10.8228	-4.892569	189.2668	-5.727124
-11.83665	-4.877269	188.265	-5.86526
-12.85102	-4.861557	187.2588	-6.005517
-13.8282	-4.845603	186.2657	-6.143324
-14.83542	-4.831629	185.2607	-6.280331
-15.82988	-4.816378	184.27	-6.407227
-16.83591	-4.800884	183.2499	-6.541561
-17.86285	-4.786647	182.2236	-6.671299
-18.85692	-4.769296	181.2442	-6.788103
-19.84839	-4.754032	180.2417	-6.918119
-20.80906	-4.739677	179.2423	-7.038627
-21.79814	-4.724216	178.2699	-7.151814
-22.80148	-4.711215	177.2605	-7.285461
-23.80406	-4.696852	176.2613	-7.414526
-24.82825	-4.681495	175.2681	-7.544128
-25.82066	-4.66666	174.2416	-7.676428
-26.80715	-4.652184	173.2199	-7.798172
-27.80727	-4.639887	172.2209	-7.91407
-28.81089	-4.628141	171.2255	-8.024589
-29.81619	-4.616581	170.2343	-8.138721
-30.82749	-4.605041	169.2472	-8.251968
-31.82458	-4.592672	168.252	-8.357349
-32.85265	-4.578509	167.2604	-8.468696
-33.85723	-4.56613	166.2696	-8.575401
-34.86689	-4.55285	165.2627	-8.671647
-35.87437	-4.540274	164.2524	-8.779415
-36.82314	-4.530297	163.2522	-8.880404
-37.82791	-4.517991	162.2459	-8.972408
-38.81099	-4.506393	161.2444	-9.067739
-39.82134	-4.492919	160.2414	-9.148445
-40.85429	-4.482617	159.2133	-9.223719
-41.84002	-4.469609	158.2271	-9.303045
-42.84336	-4.458005	157.2348	-9.379784
-43.83125	-4.4482	156.2547	-9.458631
-44.85699	-4.434516	155.2744	-9.532677
-45.8646	-4.425024	154.2446	-9.600612
-46.87045	-4.416101	153.2447	-9.665223
-47.87819	-4.406157	152.25	-9.719479
-48.84662	-4.396371	151.2587	-9.779033
-49.85675	-4.385819	150.2757	-9.83628
-50.85132	-4.373567	149.2724	-9.885866
-51.83575	-4.363484	148.252	-9.942394
-52.84208	-4.353269	147.2623	-9.989243
-53.83452	-4.345773	146.2722	-10.02949
-54.8463	-4.338087	145.2478	-10.07563
-55.87327	-4.328177	144.2392	-10.1091
-56.86654	-4.320601	143.2175	-10.14025
-57.8745	-4.310445	142.2149	-10.16589
-58.8751	-4.298525	141.2292	-10.17794
-59.87748	-4.289893	140.2445	-10.18963
-60.89032	-4.279665	139.244	-10.19873
-61.8865	-4.269593	138.2305	-10.21048
-62.8952	-4.263268	137.2131	-10.22616
-63.88678	-4.254328	136.2197	-10.23503
-64.87674	-4.246037	135.2022	-10.24238
-65.88226	-4.24003	134.1905	-10.24205
-66.85707	-4.232752	133.2212	-10.22972
-67.8702	-4.225588	132.1955	-10.22329
-68.8706	-4.217975	131.1927	-10.20855
-69.86208	-4.209267	130.2029	-10.18963
-70.88183	-4.199964	129.1877	-10.17727
-71.84844	-4.191192	128.2047	-10.15224
-72.83854	-4.184192	127.242	-10.12643
-73.86942	-4.176316	126.2368	-10.1057
-74.86102	-4.168593	125.2493	-10.08084
-75.88683	-4.162838	124.2546	-10.05894
-76.91561	-4.155649	123.2503	-10.03386
-77.8765	-4.14871	122.2482	-10.00183
-78.88411	-4.143557	121.2507	-9.96515
-79.88799	-4.136353	120.2641	-9.922046
-80.86372	-4.129786	119.2378	-9.883762
-81.858	-4.123588	118.2363	-9.846733
-82.86548	-4.117253	117.2158	-9.80598
-83.87919	-4.112014	116.2019	-9.76861
-84.88042	-4.106931	115.2193	-9.723816
-85.90234	-4.102077	114.2338	-9.670126
-86.91302	-4.096944	113.2366	-9.626478
-87.90983	-4.0905	112.2323	-9.577194
-88.90163	-4.08342	111.2128	-9.527059
-89.89884	-4.078016	110.2012	-9.481332
-90.86732	-4.071567	109.1969	-9.427482
-91.84349	-4.067764	108.1836	-9.37318
-92.85693	-4.064027	107.2018	-9.31991
-93.86876	-4.058597	106.2148	-9.266598
-94.89322	-4.054915	105.2365	-9.216199
-95.8797	-4.049763	104.2864	-9.160994
-96.8905	-4.044845	103.2771	-9.108831
-97.89751	-4.039138	102.2847	-9.051834
-98.8896	-4.032728	101.2764	-8.988974
-99.47218	-3.991414	100.235	-8.93879
-99.52414	-3.94053	99.24606	-8.884895
-99.07411	-3.883648	98.23744	-8.832621
-98.1253	-3.819986	97.20935	-8.783526
-97.12366	-3.786511	96.19498	-8.726307
-96.11935	-3.757505	95.18808	-8.668695
-95.12482	-3.730667	94.19357	-8.613864
-94.12279	-3.705907	93.20844	-8.559967
-93.1428	-3.681491	92.2101	-8.505541
-92.1471	-3.658534	91.22442	-8.449647
-91.14948	-3.63613	90.20149	-8.393043
-90.16039	-3.616709	89.2225	-8.336474
-89.12926	-3.597257	88.2442	-8.279722
-88.12424	-3.578964	87.24874	-8.227382
-87.11271	-3.563572	86.23722	-8.177518
-86.11048	-3.546587	85.20795	-8.125309
-85.12971	-3.531076	84.19649	-8.073791
-84.15046	-3.516112	83.15056	-8.019871
-83.16661	-3.499566	82.17741	-7.961569
-82.16729	-3.483627	81.18642	-7.909772
-81.1585	-3.467171	80.17544	-7.858581
-80.1253	-3.451521	79.19606	-7.808361
-79.11071	-3.437218	78.1897	-7.760686
-78.11043	-3.42235	77.22025	-7.710021
-77.1023	-3.409724	76.24661	-7.660724
-76.11026	-3.39562	75.25914	-7.612511
-75.09542	-3.381877	74.24355	-7.565309
-74.0914	-3.370922	73.20055	-7.519815
-73.09783	-3.358831	72.18454	-7.471417
-72.11629	-3.348045	71.15958	-7.424356
-71.14677	-3.337448	70.17502	-7.376576
-70.15363	-3.323769	69.20116	-7.328177
-69.15202	-3.311181	68.22075	-7.284176
-68.15758	-3.298375	67.23842	-7.239609
-67.11337	-3.286667	66.23299	-7.195668
-66.12713	-3.276801	65.2001	-7.152044
-65.12851	-3.264726	64.19327	-7.105792
-64.13878	-3.252496	63.18667	-7.061292
-63.16132	-3.240394	62.20764	-7.018072
-62.14546	-3.228043	61.23149	-6.97698
-61.15784	-3.21895	60.22326	-6.937387
-60.11634	-3.210516	59.23192	-6.897259
-59.0914	-3.200119	58.20123	-6.857571
-58.08887	-3.190783	57.1884	-6.81784
-57.08161	-3.179554	56.19087	-6.778951
-56.10571	-3.168115	55.18078	-6.741338
-55.11775	-3.158986	54.19812	-6.703856
-54.09828	-3.149625	53.19328	-6.666124
-53.07737	-3.140369	52.20055	-6.629425
-52.05379	-3.131058	51.23514	-6.59017
-51.06416	-3.121031	50.2382	-6.551136
-50.05597	-3.111468	49.25286	-6.516518
-49.07006	-3.10214	48.23553	-6.480165
-48.09787	-3.094089	47.20564	-6.447219
-47.08878	-3.085578	46.17254	-6.41413
-46.11427	-3.076199	45.17003	-6.378281
-45.13226	-3.06813	44.1573	-6.344903
-44.11496	-3.059021	43.16669	-6.312009
-43.09936	-3.049282	42.19438	-6.27986
-42.09705	-3.04022	41.21409	-6.248816
-41.07576	-3.030064	40.22725	-6.21701
-40.08583	-3.02005	39.20847	-6.186397
-39.09846	-3.012035	38.18822	-6.154956
-38.09775	-3.003674	37.14843	-6.123465
-37.09943	-2.996524	36.13557	-6.094944
-36.09015	-2.988926	35.12397	-6.065007
-35.08969	-2.980767	34.13314	-6.037014
-34.08319	-2.972958	33.13464	-6.009209
-33.07167	-2.964072	32.15616	-5.97928
-32.08151	-2.954814	31.15435	-5.949293
-31.0974	-2.944374	30.13818	-5.920456
-30.07355	-2.934192	29.1359	-5.892375
-29.06701	-2.925889	28.1433	-5.86529
-28.05248	-2.918406	27.14883	-5.83962
-27.05756	-2.910037	26.16779	-5.813997
-26.0987	-2.903441	25.19415	-5.789103
-25.11151	-2.894815	24.19305	-5.762608
-24.14803	-2.887256	23.20993	-5.738733
-23.14556	-2.88125	22.21133	-5.715044
-22.13042	-2.872331	21.20703	-5.690086
-21.1196	-2.86448	20.20658	-5.667886
-20.08892	-2.856315	19.20731	-5.642703
-19.08279	-2.847136	18.22001	-5.616503
-18.08314	-2.839105	17.19946	-5.593369
-17.09628	-2.830447	16.17627	-5.569401
-16.09308	-2.822187	15.16309	-5.54619
-15.08339	-2.814825	14.13996	-5.524776
-14.08605	-2.806237	13.16826	-5.501664
-13.06669	-2.799741	12.16934	-5.47908
-12.07521	-2.791308	11.17327	-5.456554
-11.07167	-2.781742	10.1937	-5.434003
-10.04719	-2.775549	9.193366	-5.413283
-9.068566	-2.766758	8.193184	-5.391769
-8.04781	-2.759055	7.216182	-5.372625
-7.053693	-2.752984	6.208621	-5.353141
-6.060206	-2.743629	5.21801	-5.331683
-5.033236	-2.736193	4.236938	-5.313469
-4.033967	-2.72999	3.216748	-5.293631
-3.02938	-2.721237	2.222763	-5.274394
-2.058661	-2.714067	1.225588	-5.2547
-1.087842	-2.70556	0.2157173	-5.233805
-0.1222414	-2.696762	-0.7546364	-5.213464
0.8446225	-2.690629	-1.736539	-5.19141
1.826376	-2.683026	-2.697637	-5.173294
2.807481	-2.67556	-3.666478	-5.155429
3.793605	-2.666205	-4.652037	-5.138337
4.816704	-2.656596	-5.641003	-5.122595
5.859928	-2.648364	-6.662507	-5.105862
6.865195	-2.639744	-7.643379	-5.086224
7.880882	-2.632492	-8.638444	-5.06845
8.885901	-2.625294	-9.625964	-5.05276
9.865245	-2.616336	-10.63108	-5.03547
10.84593	-2.606652	-11.63717	-5.021926
11.82521	-2.598268	-12.66676	-5.005464
12.80145	-2.58877	-13.66447	-4.988533
13.80102	-2.580904	-14.65862	-4.974229
14.82993	-2.57365	-15.67002	-4.957761
15.84032	-2.564723	-16.65282	-4.942516
16.84728	-2.556124	-17.68836	-4.926974
17.82917	-2.547152	-18.72424	-4.910275
18.82799	-2.53967	-19.74196	-4.894593
19.82392	-2.53135	-20.74884	-4.879319
20.82289	-2.521937	-21.72211	-4.864713
21.80738	-2.513717	-22.71387	-4.849846
22.81039	-2.502028	-23.70415	-4.835278
23.82674	-2.4923	-24.70344	-4.82124
24.82083	-2.484399	-25.71105	-4.805791
25.85509	-2.475175	-26.68007	-4.790145
26.86717	-2.467943	-27.68562	-4.77516
27.83347	-2.459705	-28.69175	-4.761914
28.84622	-2.44951	-29.68242	-4.750003
29.823	-2.439707	-30.71824	-4.739161
30.79007	-2.429308	-31.6972	-4.727137
31.79394	-2.418123	-32.68391	-4.714287
32.77351	-2.407132	-33.6882	-4.701353
33.76418	-2.394511	-34.66703	-4.688596
34.77439	-2.383293	-35.68087	-4.676547
35.8075	-2.373037	-36.69483	-4.663484
36.82727	-2.362914	-37.70383	-4.651051
37.8461	-2.354734	-38.69892	-4.638136
38.83289	-2.343864	-39.70445	-4.625079
39.80418	-2.332601	-40.70824	-4.613648
40.80746	-2.322061	-41.73764	-4.600361
41.79519	-2.309676	-42.7541	-4.588238
42.79301	-2.297241	-43.77515	-4.577
43.81054	-2.283418	-44.77932	-4.563435
44.81237	-2.269662	-45.7498	-4.550806
45.82114	-2.255425	-46.74551	-4.539583
46.8455	-2.241376	-47.72497	-4.527868
47.86628	-2.229023	-48.71954	-4.516639
48.87209	-2.215362	-49.73697	-4.509174
49.89737	-2.201927	-50.71178	-4.497964
50.87714	-2.19063	-51.69671	-4.486004
51.84449	-2.178264	-52.67809	-4.476123
52.83725	-2.164008	-53.6652	-4.463164
53.84586	-2.150335	-54.67456	-4.455122
54.8327	-2.134231	-55.69559	-4.446433
55.85049	-2.117316	-56.72602	-4.437565
56.84175	-2.101646	-57.71028	-4.428657
57.82475	-2.084928	-58.71111	-4.418082
58.84301	-2.06826	-59.70388	-4.409121
59.83784	-2.048932	-60.71656	-4.399683
60.83641	-2.031239	-61.75965	-4.389895
61.81546	-2.013347	-62.79807	-4.379392
62.8227	-1.994718	-63.79826	-4.368641
63.81174	-1.978174	-64.77306	-4.357536
64.82328	-1.960084	-65.7494	-4.350007
65.84361	-1.939322	-66.74886	-4.341098
66.83982	-1.920718	-67.7683	-4.334277
67.85649	-1.901729	-68.77109	-4.327004
68.85265	-1.879837	-69.78709	-4.317052
69.84057	-1.86007	-70.77663	-4.308652
70.84937	-1.837228	-71.77989	-4.298987
71.87036	-1.811027	-72.7912	-4.290284
72.85812	-1.785927	-73.78281	-4.281272
73.87437	-1.760387	-74.76375	-4.27248
74.87239	-1.735976	-75.75374	-4.264074
75.85785	-1.712389	-76.74496	-4.255291
76.83324	-1.687876	-77.74211	-4.247524
77.80901	-1.66261	-78.73064	-4.241121
78.8147	-1.634031	-79.72665	-4.234677
79.81803	-1.606519	-80.72141	-4.228357
80.84894	-1.579176	-81.72524	-4.220579
81.8858	-1.546963	-82.75601	-4.211173
82.87387	-1.51751	-83.74646	-4.203414
83.8706	-1.484794	-84.75108	-4.196422
84.88348	-1.449524	-85.7444	-4.191342
85.85744	-1.417173	-86.73851	-4.187362
86.86269	-1.382508	-87.72946	-4.180659
87.84143	-1.349748	-88.73543	-4.175015
88.8369	-1.316887	-89.75113	-4.168568
89.84669	-1.280135	-90.74865	-4.160923
90.83081	-1.242915	-91.77199	-4.156262
91.83678	-1.201951	-92.76855	-4.149257
92.81879	-1.15939	-93.73059	-4.141562
93.80261	-1.117825	-94.73448	-4.135228
94.83218	-1.072904	-95.73263	-4.127466
95.8303	-1.028376	-96.73643	-4.119794
96.85471	-0.9825113	-97.75899	-4.11556
97.8795	-0.9308235	-98.75735	-4.110621
98.89574	-0.884629	-99.31142	-4.070494
99.91389	-0.8362856	-99.36812	-4.021506
100.9069	-0.7875676	-98.92987	-3.964844
101.9015	-0.7440786	-98.00523	-3.902868
102.8684	-0.6921004	-96.99908	-3.870132
103.8845	-0.6376777	-96.00374	-3.844375
104.9063	-0.5827566	-95.00337	-3.817586
105.9142	-0.5233425	-93.9994	-3.793196
106.9255	-0.4650381	-93.00789	-3.771831
107.8935	-0.4085697	-92.01402	-3.749491
108.8511	-0.348164	-91.01534	-3.7307
109.8282	-0.2841808	-90.02155	-3.712404
110.8289	-0.2152731	-89.03851	-3.692849
111.8428	-0.1474948	-88.01072	-3.673864
112.8435	-0.07963679	-87.03045	-3.656683
113.8705	-0.009230237	-86.00457	-3.638991
114.8746	0.05587899	-84.99265	-3.624113
115.877	0.1285376	-84.02551	-3.609384
116.8846	0.206608	-83.01939	-3.594616
117.8526	0.278151	-82.04369	-3.580157
118.8286	0.3555955	-81.03976	-3.563376
119.8383	0.435443	-80.02112	-3.549514
120.8367	0.5120856	-79.01725	-3.53426
121.8574	0.6004074	-78.01422	-3.519487
122.8735	0.6915196	-77.01763	-3.50684
123.8629	0.7828389	-76.03947	-3.492453
124.8757	0.8731068	-75.03201	-3.478842
125.8761	0.9599436	-74.03207	-3.466319
126.91	1.047269	-73.03157	-3.454105
127.9062	1.132633	-72.01585	-3.442346
128.9063	1.22531	-71.03504	-3.431416
129.8922	1.328204	-70.02134	-3.419811
130.8534	1.424801	-69.03783	-3.407086
131.8511	1.528394	-68.01934	-3.394704
132.8376	1.638107	-67.01253	-3.381916
133.8512	1.739163	-66.00302	-3.369977
134.8488	1.851189	-64.96502	-3.358109
135.8743	1.966206	-63.98376	-3.345799
136.8783	2.071792	-62.97834	-3.334313
137.8752	2.183374	-61.98808	-3.321511
138.8544	2.293101	-61.00195	-3.311067
139.815	2.40234	-60.00492	-3.302138
140.8213	2.518296	-58.99855	-3.290934
141.826	2.637865	-57.97694	-3.281793
142.8533	2.766385	-56.96823	-3.27088
143.8626	2.892009	-55.95955	-3.258102
144.8708	3.01677	-54.96944	-3.248158
145.855	3.145648	-53.96063	-3.237533
146.8577	3.268474	-52.94862	-3.227373
147.862	3.396677	-51.95171	-3.218863
148.8507	3.534619	-50.93089	-3.207269
149.8678	3.66509	-49.96186	-3.195972
150.8611	3.794282	-48.97122	-3.185938
151.8915	3.923817	-47.96479	-3.176226
152.9057	4.046547	-46.95399	-3.168589
153.9162	4.176488	-45.94739	-3.160624
154.9075	4.30967	-44.97245	-3.151938
155.8955	4.445867	-43.97353	-3.141859
156.8946	4.580871	-42.97979	-3.131608
157.882	4.712379	-41.96771	-3.12317
158.8961	4.854096	-40.9387	-3.113283
159.8931	4.990547	-39.93823	-3.105188
160.8875	5.130443	-38.97948	-3.096013
161.9002	5.280267	-37.96553	-3.085004
162.9037	5.410337	-36.97486	-3.07659
163.9058	5.542232	-35.97333	-3.067531
164.8946	5.675997	-34.9278	-3.060104
165.8681	5.798059	-33.93984	-3.053199
166.8714	5.930315	-32.93201	-3.044376
167.8568	6.071501	-31.93873	-3.035655
168.8937	6.209998	-30.94307	-3.026178
169.919	6.350173	-29.94081	-3.016175
170.9541	6.486871	-28.9431	-3.008004
171.9591	6.616942	-27.93896	-2.998479
172.9503	6.743554	-26.94112	-2.989909
173.9283	6.87114	-25.94653	-2.982048
174.8931	7.003168	-24.93562	-2.971781
175.9167	7.125044	-23.93329	-2.963854
176.8911	7.243786	-22.92319	-2.956211
177.918	7.368167	-21.93968	-2.948351
178.9129	7.479079	-20.95585	-2.941957
179.889	7.596435	-19.96856	-2.933346
180.9032	7.719609	-18.97529	-2.92413
181.8851	7.826093	-17.97697	-2.915124
182.8737	7.93566	-16.96843	-2.904622
183.8773	8.041626	-15.94558	-2.895926
184.8816	8.140825	-14.93177	-2.887842
185.8979	8.245951	-13.91344	-2.878234
186.94	8.350701	-12.92652	-2.870794
187.9605	8.457575	-11.92756	-2.863242
188.9781	8.55663	-10.95782	-2.854665
189.9996	8.64571	-9.94664	-2.84752
190.9827	8.732859	-8.936619	-2.839889
191.9564	8.809017	-7.909133	-2.8312
192.9524	8.883954	-6.906009	-2.823505
193.9319	8.966924	-5.900193	-2.814059
194.9428	9.036674	-4.883941	-2.805152
195.9585	9.105873	-3.925818	-2.798237
196.967	9.178256	-2.928643	-2.788921
197.9721	9.238569	-1.970736	-2.782718
198.9727	9.306936	-1.022484	-2.774831
199.9576	9.372017	-0.04043141	-2.76666
200.9615	9.424978	0.9371011	-2.759853
201.9638	9.473106	1.943649	-2.750927
202.9606	9.506577	2.955946	-2.74266
203.9893	9.534	3.950645	-2.732562
204.9796	9.560183	4.953935	-2.722611
205.9721	9.584768	5.90659	-2.714801
206.951	9.617388	6.910346	-2.705864
207.9339	9.644486	7.930454	-2.695844
208.9339	9.668746	8.943549	-2.687986
209.9365	9.693797	9.967213	-2.67823
210.9735	9.703682	10.95528	-2.669997
212.0023	9.713753	11.93667	-2.662629
212.9832	9.722837	12.92886	-2.653331
213.9752	9.719524	13.92431	-2.644345
214.9539	9.719567	14.93728	-2.635152
215.9366	9.714762	15.95452	-2.627354
216.9616	9.703349	16.94086	-2.618149
217.9585	9.69681	17.96206	-2.608705
218.9659	9.687616	18.93559	-2.599397
219.9739	9.676854	19.92389	-2.588187
220.9511	9.661381	20.98107	-2.578328
221.9348	9.638409	21.98652	-2.570205
222.9118	9.614226	23.01236	-2.560803
223.9141	9.584343	24.00597	-2.551688
224.9278	9.556746	24.95046	-2.54139
225.9644	9.532781	25.96648	-2.530965
226.9835	9.49628	26.94205	-2.521089
227.9755	9.462783	27.94461	-2.511736
228.9822	9.427746	28.96924	-2.503298
229.9648	9.380672	29.94599	-2.49349
230.9611	9.342722	30.97037	-2.482152
231.9647	9.301846	31.96788	-2.472048
232.9343	9.253357	32.93951	-2.461538
233.916	9.208397	33.95357	-2.449057
234.9022	9.161741	34.94443	-2.439705
235.8808	9.112911	35.97502	-2.42762
236.9001	9.066248	36.98744	-2.414389
237.915	9.018965	37.9558	-2.404634
238.9449	8.97439	38.95174	-2.392592
239.9681	8.922967	39.9198	-2.380842
240.9723	8.87126	40.9326	-2.371387
241.9809	8.819077	41.95641	-2.360226
242.9602	8.75719	42.94252	-2.347858
243.947	8.701454	43.9334	-2.335611
244.9515	8.648777	44.9332	-2.321723
245.952	8.591431	45.92151	-2.30692
246.9345	8.541437	46.9617	-2.291676
247.9398	8.490957	47.98061	-2.278172
248.9553	8.43514	48.97998	-2.26473
249.9708	8.382314	50.0092	-2.249737
251.0203	8.327235	50.98036	-2.238237
252.0104	8.270778	51.97447	-2.223892
252.9979	8.212791	52.95304	-2.208673
253.9638	8.153828	53.9134	-2.194687
254.9629	8.097215	54.91749	-2.178637
255.9794	8.039173	55.89828	-2.162238
256.9764	7.98605	56.90923	-2.145228
258.0149	7.936827	57.896	-2.127352
258.9907	7.882661	58.88874	-2.109053
259.9827	7.830792	59.94539	-2.090612
260.9838	7.77953	60.94217	-2.072292
261.9622	7.722081	61.97459	-2.054111
262.9647	7.669182	62.99467	-2.034909
263.9681	7.616464	63.9616	-2.016194
264.966	7.563646	64.97031	-1.998206
265.9726	7.513473	65.96227	-1.977445
266.9632	7.462501	66.95638	-1.957542
267.9636	7.413458	67.93755	-1.936075
268.9467	7.364638	68.9259	-1.912455
269.965	7.316751	69.92918	-1.89089
270.9792	7.271762	70.93848	-1.867064
272.0002	7.22386	71.95925	-1.842741
272.9975	7.176759	72.99608	-1.819131
273.9994	7.130916	73.97964	-1.793868
274.9893	7.082211	74.97673	-1.768699
275.9701	7.037144	75.97443	-1.74339
276.9998	6.992969	76.93314	-1.717793
277.9662	6.947612	77.94115	-1.690609
278.9921	6.905709	78.95123	-1.662447
279.9819	6.86277	79.96187	-1.63407
280.9668	6.820138	80.9733	-1.60381
281.9666	6.77845	81.99435	-1.573213
282.9444	6.735601	82.9648	-1.544876
283.9405	6.695773	83.93022	-1.512314
284.9279	6.656796	84.93547	-1.477863
285.9356	6.61749	85.94044	-1.442562
286.9352	6.580745	86.95729	-1.403339
287.9464	6.542261	87.97823	-1.367085
288.9879	6.503583	88.98034	-1.33263
290.0053	6.467587	89.98483	-1.295216
291.0242	6.43069	90.9909	-1.257575
292.013	6.393197	91.99016	-1.218893
292.9782	6.358894	92.98692	-1.177337
293.9356	6.32171	93.95496	-1.13613
294.9034	6.288194	94.94006	-1.092452
295.9135	6.256191	95.94639	-1.046217
296.8986	6.223496	96.93773	-0.9964303
297.9139	6.193689	97.95714	-0.9431961
298.9493	6.161614	98.98619	-0.8943776
299.9506	6.12979	99.99271	-0.845436
300.9587	6.097964	101.0128	-0.7963107
301.9684	6.066884	102.0125	-0.7518152
302.9615	6.038586	102.9975	-0.7009336
303.9702	6.010121	103.9979	-0.6466063
305.0033	5.981042	104.9879	-0.5928633
306.0241	5.952688	105.9809	-0.5331632
307.0257	5.92183	106.9594	-0.471771
308.0251	5.893831	107.9309	-0.4102601
308.9983	5.867323	108.9301	-0.346523
309.9659	5.839314	109.9299	-0.2806458
310.9842	5.81439	110.9656	-0.210931
311.9995	5.788043	111.9887	-0.1443048
313.0052	5.760607	113.0051	-0.0773379
314.025	5.735276	114.0057	-0.006074898
314.9885	5.710353	114.9674	0.05744712
315.9937	5.686155	115.9669	0.1301976
317.0002	5.663689	116.9528	0.2117207
318.0063	5.641112	117.9588	0.2868932
319.0273	5.618748	118.9921	0.3702826
320.0165	5.596066	120.0072	0.4538792
321.0298	5.57444	121.0186	0.5321177
322.0228	5.553139	121.9905	0.6163411
323.0313	5.530978	122.9626	0.7030791
324.0474	5.509986	123.9694	0.7937604
325.0328	5.488486	124.9445	0.8830184
326.0404	5.466505	125.9581	0.9731128
327.0312	5.445459	126.9725	1.066965
328.0298	5.426769	127.9577	1.156629
329.0449	5.407368	128.9634	1.253649
330.0533	5.388919	129.9866	1.359606
331.0464	5.370847	130.972	1.456047
332.0182	5.351275	131.9661	1.553384
333.0075	5.331238	132.9574	1.657242
333.9967	5.313084	133.9463	1.754922
335.0124	5.297847	134.9507	1.863784
336.0115	5.279623	135.9463	1.983578
337.0074	5.263487	136.9824	2.100929
338.0147	5.24719	137.9619	2.220871
339.0059	5.227153	138.9895	2.336597
340.001	5.211465	139.9625	2.449475
341.0145	5.196863	140.9226	2.557535
342.0081	5.18006	141.9351	2.670674
343.0213	5.164467	142.9131	2.794411
344.0332	5.148596	143.9398	2.914967
345.0262	5.13148	144.9336	3.041808
346.0353	5.117028	145.9292	3.174198
346.992	5.104249	146.931	3.298606
348.0157	5.091931	147.9527	3.430814
349.0388	5.078496	148.9916	3.570706
350.0333	5.063718	150.0017	3.699541
351.0605	5.049454	151.0226	3.831558
352.0778	5.034379	152.016	3.960702
353.0707	5.020777	153.0142	4.080391
354.0874	5.008871	154.0143	4.21127
355.0905	4.995315	154.9755	4.342528
356.0563	4.981309	155.9714	4.478414
357.0523	4.968565	156.9484	4.617885
358.0474	4.955663	157.947	4.753679
359.0481	4.943213	158.9541	4.893704
360.0691	4.931792	159.9568	5.028863
361.0729	4.91895	160.9724	5.166727
362.0627	4.906664	161.9992	5.316727
363.0673	4.894528	163.009	5.455861
364.0439	4.882217	164.0183	5.595021
365.026	4.871365	165.021	5.73481
366.0504	4.86004	165.9778	5.858694
367.0737	4.849896	166.9777	5.988115
368.0852	4.840493	167.978	6.122691
369.0907	4.831428	168.9571	6.25151
370.0842	4.82209	169.9818	6.38494
371.0503	4.812353	171.002	6.517964
372.045	4.802322	171.9756	6.651316
373.0523	4.792073	173.0097	6.786936
374.0319	4.782113	174.0167	6.921746
375.0431	4.772005	175.0011	7.06025
376.0482	4.761456	176.0345	7.18325
377.063	4.751512	177.0081	7.297886
378.0589	4.743263	177.9741	7.414211
379.085	4.735419	178.9809	7.516172
380.1121	4.728962	179.9787	7.627689
381.1266	4.720835	180.9867	7.748096
382.1503	4.711533	182.025	7.86026
383.1329	4.701895	183.0267	7.978441
384.1061	4.692465	184.0133	8.092451
385.0624	4.686113	185.0164	8.195329
386.0609	4.679812	185.9902	8.299945
387.0323	4.671194	186.9931	8.398614
388.0223	4.663013	187.9908	8.497466
389.0529	4.653869	188.9702	8.590614
390.0442	4.644223	189.9851	8.674075
391.0745	4.638959	190.9781	8.758643
392.0952	4.632892	191.9915	8.837582
393.0984	4.626002	193.0183	8.919033
394.1027	4.619344	194.0438	9.008724
395.1009	4.611655	195.0456	9.083603
396.1069	4.605141	196.0527	9.152831
397.0916	4.600419	197.0496	9.217042
398.1036	4.595911	198.0226	9.267282
399.1127	4.590415	199.0331	9.327917
400.0995	4.583193	200.0367	9.388915
401.112	4.575455	201.0727	9.441762
402.1109	4.569539	202.0896	9.492648
403.116	4.562891	203.0986	9.529985
404.1284	4.558359	204.0796	9.559729
405.1437	4.553837	205.0432	9.590232
406.1543	4.548426	206.0336	9.614996
407.1658	4.54473	207.0308	9.640923
408.1567	4.540616	208.033	9.658601
409.1439	4.536389	209.0318	9.671881
410.1329	4.532047	210.0345	9.68911
411.1248	4.527072	211.0147	9.697854
412.1406	4.521811	212.0303	9.713382
413.1323	4.515454	213.0283	9.729432
414.1247	4.509015	214.0289	9.730801
415.1122	4.504911	215.0579	9.731535
416.1248	4.500424	216.0498	9.723594
417.1083	4.498021	217.0835	9.704595
418.128	4.49785	218.0598	9.69038
419.1282	4.493752	219.0327	9.675533
420.1225	4.490982	220.0431	9.658287
421.1451	4.488444	221.0111	9.641054
422.1501	4.482997	222.0255	9.620179
423.1604	4.480173	223.0418	9.598555
424.1438	4.47786	224.0444	9.572137
425.1341	4.473375	225.0436	9.545233
426.0992	4.470451	226.0747	9.519982
427.1006	4.467857	227.0589	9.479019
428.1049	4.465697	228.0307	9.437645
429.1172	4.465401	229.0456	9.396102
430.1305	4.464326	230.0097	9.342096
431.1236	4.464842	231.0235	9.301632
432.1372	4.462799	232.0418	9.263532
433.0987	4.458835	233.05	9.219847
434.0955	4.458192	234.0551	9.177919
435.0999	4.454726	235.0702	9.13133
436.0797	4.452222	236.0526	9.079174
437.1245	4.452804	237.0025	9.02836
438.1327	4.450256	237.9982	8.976586
439.1132	4.448599	238.9988	8.928488
440.1036	4.448136	240.011	8.874567
441.0942	4.4459	241.0359	8.819081
442.0901	4.444903	242.0428	8.768158
443.0967	4.444015	243.015	8.70886
444.1161	4.442324	244.0152	8.654777
445.1021	4.440721	245.0157	8.604209
446.0896	4.438697	246.0139	8.544205
447.0954	4.437139	247.0126	8.487583
448.0804	4.435628	248.0269	8.431395
449.0894	4.433134	249.0311	8.372406
450.103	4.432984	250.0461	8.31743
451.1112	4.430518	251.0498	8.263048
452.1087	4.428052	252.0497	8.209959
453.0954	4.426846	253.0524	8.152554
454.0894	4.423365	254.0632	8.092633
455.079	4.422038	255.0734	8.035344
456.1063	4.421004	256.0545	7.973966
457.1326	4.418482	257.0444	7.915421
458.135	4.416649	258.0229	7.861696
459.1619	4.413958	259.0075	7.803287
460.144	4.408916	260.0052	7.74764
461.133	4.404561	261.0103	7.695876
462.1315	4.398362	262.0005	7.640383
463.0932	4.391158	263.018	7.588731
464.0948	4.384111	264.042	7.537306
465.1152	4.37707	265.0654	7.484312
466.124	4.370637	266.0813	7.431374
467.1462	4.362742	267.0844	7.377935
468.1437	4.354521	268.0765	7.32446
469.1108	4.346234	269.0497	7.271322
470.1151	4.335919	270.0395	7.220001
471.0952	4.32659	271.018	7.172423
472.0924	4.318088	271.9955	7.12458
473.1064	4.307541	273.0223	7.077867
474.1019	4.295609	274.0262	7.032683
475.1339	4.283871	275.0593	6.983882
476.1359	4.270489	276.0585	6.93662
477.1329	4.256761	277.0389	6.889602
478.134	4.242474	278.0578	6.840588
479.119	4.228077	279.0122	6.795493
480.1237	4.212408	280.0317	6.75038
481.1429	4.197958	281.0259	6.705225
482.1673	4.186278	282.0198	6.663559
483.1732	4.171855	283.0403	6.621801
484.1627	4.158709	284.0495	6.580362
485.1504	4.144404	285.0497	6.539575
486.135	4.127527	286.0108	6.497972
487.1332	4.112315	286.9796	6.458643
488.1341	4.09683	287.9428	6.418877
489.1561	4.081206	288.9449	6.379855
490.1234	4.067341	289.9901	6.342529
491.1085	4.053432	291.0417	6.302249
492.1028	4.040135	292.0579	6.265849
493.0854	4.0275	293.0579	6.231114
494.1085	4.014668	294.0339	6.193074
495.1132	4.002939	295.0151	6.159209
496.1447	3.98943	296.0444	6.12393
497.1428	3.975991	297.0462	6.087203
498.1582	3.962497	298.0433	6.055058
498.7555	3.903939	299.0435	6.02183
498.8281	3.828049	300.0259	5.989325
498.4112	3.738554	301.0431	5.95764
497.4829	3.636149	302.0535	5.925647
496.4786	3.570081	303.0676	5.894239
495.4832	3.514581	304.0806	5.862401
494.4595	3.465929	305.0888	5.833021
493.4615	3.423999	306.0856	5.8034
492.4633	3.3847	307.0924	5.773086
491.4579	3.348176	308.0703	5.743793
490.4706	3.313194	309.052	5.715117
489.4555	3.279625	310.0696	5.685488
488.4466	3.249032	311.0654	5.658068
487.442	3.220507	312.0838	5.63126
486.4449	3.194299	313.0947	5.603642
485.4688	3.170267	314.0953	5.577909
484.4904	3.144913	315.08	5.552346
483.5007	3.119983	316.0895	5.528699
482.5065	3.096387	317.0905	5.503149
481.4967	3.070991	318.0813	5.478612
480.459	3.048579	319.09	5.455813
479.4551	3.027759	320.0531	5.430434
478.46	3.006212	321.0518	5.408252
477.484	2.986959	322.0436	5.387264
476.4799	2.967869	323.0666	5.364419
475.4585	2.949871	324.0928	5.342734
474.4576	2.932604	325.079	5.322057
473.418	2.915772	326.0987	5.298708
472.4518	2.898834	327.0816	5.277149
471.4612	2.880129	328.0836	5.257114
470.4552	2.861898	329.0983	5.235965
469.491	2.844776	330.0804	5.215947
468.4813	2.827803	331.0914	5.196429
467.4538	2.813597	332.0824	5.176878
466.4807	2.801031	333.0839	5.15774
465.5004	2.784718	334.0897	5.140773
464.4791	2.769275	335.0627	5.12427
463.5382	2.753174	336.04	5.106201
462.5249	2.735665	337.0188	5.08939
461.4744	2.722431	338.0167	5.072401
460.4763	2.708442	339.0078	5.053563
459.4614	2.69447	340.0148	5.036905
458.4594	2.680673	341.0479	5.020198
457.4763	2.666089	342.0642	5.003531
456.5111	2.653008	343.0772	4.989015
455.5064	2.639556	344.0911	4.973304
454.4798	2.626977	345.0826	4.957035
453.4431	2.616019	346.0804	4.942114
452.4199	2.602399	347.1112	4.926032
451.3998	2.588725	348.1149	4.912746
450.4154	2.575907	349.11	4.900756
449.4345	2.562251	350.0907	4.886816
448.4449	2.552467	351.0884	4.87365
447.4726	2.544169	352.0967	4.858878
446.4688	2.533732	353.095	4.844233
445.4796	2.521897	354.1118	4.831256
444.4661	2.507757	355.1128	4.818493
443.4406	2.493136	356.1079	4.805983
442.4423	2.479922	357.1087	4.793974
441.4404	2.468337	358.1314	4.779675
440.4495	2.458063	359.1281	4.766533
439.4324	2.44707	360.1278	4.754863
438.4126	2.436365	361.1218	4.74494
437.3968	2.426665	362.1024	4.735063
436.3969	2.41572	363.0991	4.723877
435.4222	2.405925	364.1352	4.712531
434.4482	2.397386	365.1467	4.69918
433.4781	2.386598	366.1483	4.687968
432.4574	2.376735	367.1528	4.678349
431.4561	2.365647	368.1354	4.66816
430.4597	2.354368	369.1334	4.657502
429.4345	2.34464	370.1313	4.647736
428.4502	2.336047	371.1338	4.637559
427.4513	2.326405	372.1107	4.628457
426.4282	2.315726	373.1279	4.620718
425.4432	2.305453	374.1197	4.610599
424.4585	2.293871	375.0993	4.60175
423.4536	2.285402	376.1158	4.59205
422.4825	2.27666	377.0975	4.581035
421.4805	2.267926	378.1047	4.572909
420.4814	2.259386	379.1184	4.564179
419.4985	2.248888	380.1111	4.556098
418.4907	2.239965	381.1223	4.548965
417.4671	2.230223	382.1155	4.541691
416.4459	2.221758	383.1177	4.535083
415.4325	2.21435	384.1171	4.527714
414.416	2.206429	385.121	4.521154
413.4207	2.199346	386.1514	4.514785
412.4339	2.190801	387.1428	4.50679
411.4376	2.183167	388.1424	4.499384
410.4625	2.175784	389.1389	4.492284
409.5069	2.167625	390.0954	4.484097
408.5151	2.160968	391.1018	4.477142
407.5075	2.151601	392.1324	4.472171
406.501	2.142574	393.1328	4.466878
405.4857	2.133156	394.1596	4.461962
404.4638	2.123267	395.1697	4.457446
403.4745	2.11553	396.157	4.451814
402.4707	2.107913	397.1389	4.44524
401.4676	2.100498	398.1226	4.440442
400.4684	2.092821	399.1221	4.436992
399.4402	2.085427	400.1121	4.431686
398.4323	2.078128	401.1456	4.427508
397.4113	2.071692	402.1698	4.42278
396.4196	2.066035	403.1667	4.415664
395.4307	2.058775	404.187	4.411887
394.4127	2.05099	405.206	4.408927
393.4197	2.0445	406.2187	4.403507
392.3885	2.037393	407.2269	4.399433
391.3848	2.031476	408.2251	4.394489
390.3871	2.025017	409.2089	4.389194
389.3869	2.018403	410.1974	4.386904
388.3634	2.011581	411.188	4.384911
387.3637	2.005356	412.1814	4.382869
386.3738	2.000933	413.1815	4.37939
385.3732	1.993649	414.1557	4.374323
384.4071	1.987802	415.1752	4.370542
383.4247	1.982952	416.1766	4.366518
382.4316	1.976452	417.1511	4.363697
381.4503	1.97048	418.1762	4.36289
380.4543	1.962924	419.14	4.35927
379.4153	1.955029	420.1328	4.355959
378.4131	1.947227	421.1363	4.35409
377.3856	1.941592	422.125	4.351227
376.4045	1.937295	423.1261	4.350395
375.4497	1.931821	424.132	4.350012
374.4319	1.927253	425.1322	4.34857
373.4399	1.922239	426.1356	4.346337
372.4336	1.9165	427.1409	4.342566
371.3893	1.910406	428.115	4.340175
370.396	1.904382	429.1273	4.337522
369.3852	1.897287	430.1218	4.336931
368.3694	1.890072	431.1334	4.338402
367.3873	1.883894	432.1527	4.338121
366.3898	1.878257	433.1412	4.337389
365.3887	1.874656	434.1467	4.336787
364.4036	1.870826	435.1523	4.333779
363.4179	1.866967	436.1332	4.332211
362.4342	1.861089	437.144	4.332475
361.4354	1.855332	438.1458	4.330251
360.4341	1.850008	439.1309	4.329803
359.4302	1.844587	440.1577	4.3291
358.4115	1.839425	441.1517	4.326825
357.4057	1.83456	442.1511	4.328024
356.3947	1.829583	443.1616	4.329431
355.3862	1.82415	444.1587	4.329638
354.3937	1.819368	445.1555	4.330084
353.3814	1.812291	446.1774	4.328865
352.3845	1.806261	447.1815	4.325595
351.3806	1.799953	448.1549	4.322206
350.3698	1.792977	449.1617	4.319685
349.3655	1.78754	450.1318	4.318817
348.3631	1.781247	451.1192	4.317123
347.3494	1.776727	452.1558	4.316416
346.338	1.772244	453.1537	4.315637
345.3211	1.767949	454.1478	4.311147
344.3362	1.76384	455.1624	4.309156
343.3273	1.758062	456.1462	4.306409
342.3236	1.752997	457.1652	4.301558
341.3513	1.747494	458.1806	4.299146
340.3133	1.741341	459.1502	4.293941
339.3479	1.735921	460.1419	4.287369
338.354	1.731744	461.1174	4.28275
337.3492	1.726793	462.1176	4.274696
336.3808	1.722253	463.1352	4.268447
335.3651	1.716532	464.1518	4.26125
334.3648	1.708584	465.1568	4.251452
333.3681	1.701427	466.1474	4.243752
332.3532	1.693822	467.1485	4.232846
331.36	1.687469	468.1175	4.222745
330.3685	1.681783	469.1133	4.214373
329.3737	1.674583	470.0936	4.20344
328.3806	1.669596	471.0922	4.193279
327.3901	1.662565	472.1064	4.183036
326.4043	1.656684	473.1005	4.17022
325.3994	1.652399	474.1315	4.15717
324.403	1.645615	475.1362	4.144295
323.3877	1.6399	476.1259	4.130324
322.3615	1.633449	477.1422	4.11408
321.3569	1.625267	478.1219	4.098287
320.3302	1.619273	479.1047	4.083556
319.3433	1.614093	480.1068	4.068538
318.3582	1.607516	481.107	4.056262
317.3716	1.600984	482.1305	4.044861
316.4047	1.592123	483.1723	4.029588
315.3565	1.582074	484.1963	4.014251
314.34	1.572776	485.2006	3.999307
313.3515	1.564197	486.2059	3.981072
312.3286	1.556675	487.1675	3.967479
311.3793	1.5474	488.1552	3.953462
310.3957	1.537695	489.1341	3.937037
309.4069	1.528235	490.1468	3.924055
308.4244	1.517621	491.1707	3.909254
307.426	1.509699	492.1787	3.895487
306.4359	1.50258	493.1804	3.883677
305.4413	1.493656	494.1504	3.871076
304.454	1.484322	495.1539	3.85976
303.4449	1.473922	496.1486	3.845794
302.4155	1.462647	497.1546	3.831406
301.3679	1.452359	498.1583	3.819281
300.3665	1.443402	499.1396	3.806108
299.3521	1.43294	500.1197	3.794007
298.3732	1.420598	501.1351	3.783456
297.3738	1.407326	502.1304	3.769499
296.3373	1.393228	503.1472	3.755772
295.3409	1.379613	504.1884	3.744678
294.3296	1.366918	505.1978	3.733279
293.3461	1.355044	506.2321	3.723538
292.331	1.340855	507.2267	3.713092
291.3214	1.326127	508.2229	3.702199
290.2829	1.31209	509.2365	3.690573
289.2787	1.296275	510.2497	3.679468
288.2762	1.281256	511.25	3.670726
287.2863	1.267207	512.2312	3.659218
286.3287	1.251619	513.2012	3.648497
285.3323	1.23673	514.1926	3.637576
284.3264	1.220708	515.1871	3.625422
283.334	1.204089	516.1911	3.616323
282.336	1.186328	517.173	3.606611
281.3251	1.167942	518.1483	3.596966
280.3492	1.149881	519.1373	3.588857
279.3371	1.128783	520.1387	3.580917
278.3215	1.107081	521.1893	3.572947
277.3402	1.08605	522.2026	3.564929
276.3277	1.063337	523.212	3.556963
275.3333	1.042026	524.2072	3.548499
274.3564	1.021838	525.1791	3.540595
273.3209	0.9978659	526.1678	3.53245
272.3308	0.9741244	527.1663	3.523864
271.3174	0.9485315	528.173	3.515354
270.2827	0.9204906	529.1636	3.507169
269.2879	0.8948657	530.1577	3.501137
268.2885	0.8680115	531.1595	3.493834
267.2876	0.8406268	532.1829	3.488577
266.3307	0.8131371	533.2094	3.483761
265.3375	0.7832836	534.2219	3.477313
264.3406	0.7535758	535.2449	3.471378
263.3384	0.7221177	536.2419	3.464176
262.3141	0.6899047	537.2324	3.456254
261.3021	0.6576309	538.2391	3.449411
260.3207	0.6204455	539.2161	3.44244
259.3226	0.584649	540.1969	3.435718
258.3158	0.5477176	541.1865	3.43037
257.3136	0.5088142	542.1613	3.424405
256.3279	0.4733781	543.1647	3.420045
255.3387	0.4358642	544.1712	3.415726
254.3474	0.3954629	545.1797	3.41139
253.3844	0.354199	546.2029	3.407841
252.3666	0.3081701	547.1936	3.401847
251.3525	0.2599913	548.1895	3.398278
250.3394	0.2109882	549.1679	3.394819
249.3024	0.1609787	550.1763	3.389347
248.2885	0.1129768	551.1802	3.385326
247.2753	0.06122053	552.1877	3.379533
246.2844	0.01008149	553.2407	3.373506
245.2979	-0.03921377	554.2118	3.369445
244.2704	-0.09531207	555.2143	3.365778
243.2697	-0.1475902	556.2092	3.361619
242.2843	-0.2004638	557.1841	3.358273
241.2839	-0.2638237	558.1861	3.353758
240.3017	-0.3267267	559.2062	3.350445
239.3302	-0.3909371	560.2228	3.347607
238.2836	-0.4581354	561.2219	3.345279
237.277	-0.5207602	562.2445	3.342304
236.2656	-0.5857906	563.2271	3.338163
235.2526	-0.651745	564.215	3.333307
234.2797	-0.7223631	565.2151	3.327793
233.2834	-0.794297	566.2272	3.324094
232.2991	-0.8649722	567.2294	3.32134
231.2888	-0.9432862	568.2174	3.318328
230.2901	-1.019339	569.2128	3.314973
229.311	-1.093753	570.2062	3.312824
228.3105	-1.178636	571.207	3.310039
227.3214	-1.259502	572.2148	3.308771
226.3203	-1.34223	573.2444	3.307432
225.3174	-1.432856	574.2228	3.303316
224.3213	-1.518645	575.2333	3.300557
223.3179	-1.607718	576.2299	3.297906
222.3233	-1.703092	577.1932	3.29397
221.3059	-1.799031	578.2111	3.29281
220.2854	-1.898896	579.2019	3.290264
219.2836	-1.998827	580.1921	3.287367
218.2842	-2.09796	581.2012	3.286778
217.3136	-2.197172	582.2039	3.285024
216.3502	-2.29214	583.2421	3.284937
215.3643	-2.395353	584.2673	3.283538
214.3702	-2.502671	585.2958	3.28259
213.3435	-2.607179	586.2833	3.280307
212.3214	-2.722035	587.2589	3.277841
211.3257	-2.833566	588.248	3.275954
210.3142	-2.944273	589.209	3.27204
209.3193	-3.062262	590.2089	3.269896
208.3277	-3.17725	591.191	3.268608
207.3344	-3.293793	592.1854	3.267234
206.3319	-3.412361	593.1951	3.267699
205.3299	-3.526204	594.2011	3.268621
204.3517	-3.642008	595.2171	3.267177
203.3367	-3.761309	596.2229	3.266615
202.3351	-3.886818	597.2175	3.265694
201.3387	-4.021294	598.2211	3.264546
200.3318	-4.157907	598.8091	3.23578
199.3298	-4.295928	598.9025	3.194523
198.3545	-4.429648	598.4866	3.144178
197.358	-4.553795	597.5559	3.08682
196.3526	-4.685635	596.5405	3.05285
195.3501	-4.813636	595.5435	3.025576
194.3455	-4.940309	594.5547	3.00264
193.3185	-5.078718	593.5726	2.979667
192.2754	-5.204623	592.5815	2.957753
191.2735	-5.33246	591.5845	2.937346
190.2404	-5.469979	590.5712	2.917575
189.2567	-5.602862	589.5695	2.900239
188.2851	-5.744704	588.5745	2.884313
187.2861	-5.885996	587.581	2.868066
186.2872	-6.020149	586.6026	2.85255
185.2936	-6.150673	585.5858	2.83848
184.2935	-6.275064	584.5878	2.823804
183.3004	-6.40614	583.5867	2.809671
182.3272	-6.537771	582.585	2.796434
181.2947	-6.665225	581.6066	2.784316
180.2979	-6.801809	580.6081	2.770924
179.2982	-6.928543	579.5699	2.758548
178.2947	-7.047466	578.544	2.745798
177.3159	-7.177554	577.5228	2.73236
176.3206	-7.300014	576.5105	2.720562
175.3309	-7.420821	575.5541	2.709715
174.2966	-7.546632	574.5707	2.698674
173.3111	-7.664093	573.6121	2.687724
172.3168	-7.778961	572.6021	2.676717
171.3055	-7.895978	571.5868	2.664813
170.3134	-8.015142	570.5755	2.654593
169.3067	-8.134564	569.5395	2.643753
168.2882	-8.246653	568.5508	2.635242
167.2741	-8.357693	567.5469	2.626482
166.2891	-8.458026	566.5516	2.616516
165.3011	-8.545632	565.5624	2.607206
164.2891	-8.646594	564.5618	2.596268
163.2732	-8.744165	563.5627	2.586355
162.259	-8.838926	562.584	2.577106
161.2467	-8.943227	561.5886	2.567497
160.2654	-9.033757	560.5914	2.558395
159.2917	-9.116586	559.5732	2.549411
158.287	-9.19993	558.5556	2.539947
157.2676	-9.275397	557.55	2.531021
156.2516	-9.346633	556.5557	2.5232
155.2501	-9.412605	555.5597	2.515272
154.2437	-9.474313	554.5494	2.508305
153.2735	-9.533837	553.5371	2.501169
152.2906	-9.587593	552.5347	2.493237
151.2762	-9.651007	551.549	2.485759
150.2771	-9.716094	550.5426	2.477537
149.2603	-9.77086	549.5295	2.469138
148.2366	-9.830589	548.5117	2.459852
147.2356	-9.877618	547.4899	2.451529
146.2622	-9.909118	546.4819	2.443914
145.2634	-9.946275	545.4836	2.436127
144.2701	-9.974012	544.4955	2.430143
143.2715	-10.00012	543.5027	2.422817
142.2641	-10.0275	542.5321	2.414471
141.2625	-10.04826	541.5214	2.406117
140.2876	-10.06654	540.509	2.39738
139.2984	-10.08014	539.5131	2.389307
138.2899	-10.09439	538.4995	2.382204
137.2831	-10.10735	537.5294	2.377379
136.2705	-10.10941	536.5413	2.37167
135.2708	-10.10991	535.5496	2.365151
134.2848	-10.10447	534.5634	2.358761
133.2741	-10.09044	533.5481	2.350811
132.267	-10.08489	532.5349	2.342857
131.2251	-10.07667	531.5221	2.336055
130.2209	-10.0651	530.5144	2.329126
129.2297	-10.05513	529.5161	2.321945
128.2197	-10.03396	528.5063	2.317654
127.24	-10.00616	527.4813	2.312431
126.2432	-9.977871	526.4697	2.304755
125.2197	-9.947021	525.4818	2.299078
124.2226	-9.919012	524.5051	2.290599
123.2258	-9.890623	523.5465	2.28323
122.2086	-9.859344	522.5421	2.277167
121.2374	-9.828493	521.5238	2.270309
120.2212	-9.790664	520.5029	2.264378
119.2157	-9.755315	519.4792	2.256662
118.2026	-9.717432	518.5027	2.250158
117.1898	-9.67027	517.527	2.244534
116.2154	-9.626935	516.5658	2.237921
115.202	-9.576173	515.5674	2.232765
114.2222	-9.523156	514.5538	2.227047
113.2423	-9.480705	513.5335	2.219933
112.2403	-9.433352	512.5099	2.213415
111.2576	-9.389136	511.5353	2.207686
110.252	-9.345519	510.5504	2.202183
109.2308	-9.293859	509.5601	2.197941
108.1968	-9.242282	508.5499	2.192917
107.2189	-9.187123	507.5238	2.185825
106.2127	-9.131134	506.5013	2.178187
105.2066	-9.076437	505.4894	2.169732
104.2484	-9.018842	504.5099	2.162616
103.2467	-8.964209	503.5185	2.155519
102.264	-8.907909	502.507	2.149482
101.3052	-8.851126	501.5312	2.144409
100.3067	-8.800451	500.4982	2.137436
99.30093	-8.746062	499.4881	2.132126
98.28986	-8.691626	498.5304	2.126183
97.23845	-8.63959	497.4951	2.119143
96.21262	-8.582351	496.5192	2.113369
95.21249	-8.527964	495.516	2.107259
94.22815	-8.474984	494.4849	2.101762
93.23051	-8.421018	493.5303	2.096783
92.2287	-8.367552	492.5104	2.091247
91.23531	-8.312092	491.5248	2.086246
90.21786	-8.257119	490.5148	2.080921
89.23633	-8.200853	489.466	2.073168
88.2464	-8.144215	488.4735	2.066939
87.22635	-8.092854	487.4521	2.059081
86.20016	-8.041195	486.4637	2.051112
85.2032	-7.987839	485.4998	2.04602
84.20274	-7.936867	484.501	2.038575
83.21145	-7.881858	483.5082	2.032298
82.21726	-7.827562	482.5409	2.026151
81.19632	-7.7757	481.5147	2.018146
80.17224	-7.724371	480.5119	2.011995
79.15342	-7.673249	479.5267	2.006436
78.16111	-7.622037	478.4762	2.000367
77.14694	-7.572522	477.4868	1.995257
76.16579	-7.522227	476.4794	1.990179
75.16598	-7.472577	475.4671	1.983754
74.18059	-7.424262	474.4799	1.977551
73.20364	-7.378468	473.4986	1.971737
72.20201	-7.331504	472.5127	1.965702
71.21156	-7.287149	471.5254	1.960243
70.2048	-7.242604	470.5358	1.954685
69.20613	-7.195799	469.5234	1.947942
68.22049	-7.152531	468.5179	1.939978
67.20826	-7.107158	467.4904	1.932487
66.19955	-7.061244	466.496	1.925409
65.21609	-7.017533	465.4971	1.918517
64.20331	-6.971126	464.5013	1.913603
63.21289	-6.928258	463.5306	1.908197
62.24849	-6.886606	462.5279	1.901719
61.24008	-6.845438	461.5221	1.896
60.23576	-6.805941	460.5378	1.889824
59.20252	-6.764949	459.5461	1.882606
58.18795	-6.725724	458.5648	1.876566
57.17435	-6.68801	457.5709	1.870065
56.18556	-6.649412	456.5659	1.863296
55.23709	-6.61253	455.5552	1.856897
54.19986	-6.574893	454.5284	1.850854
53.21896	-6.53567	453.5217	1.845335
52.21422	-6.498862	452.5175	1.838607
51.19043	-6.462381	451.5074	1.832832
50.23358	-6.426802	450.5092	1.826168
49.23513	-6.393464	449.5197	1.818707
48.20995	-6.359308	448.4938	1.81244
47.21065	-6.324056	447.5262	1.805966
46.19292	-6.290467	446.5098	1.800687
45.18087	-6.255398	445.4948	1.795385
44.20435	-6.220493	444.5061	1.789663
43.22062	-6.188198	443.4669	1.784815
42.22296	-6.154952	442.4695	1.777427
41.21386	-6.12394	441.448	1.770432
40.21414	-6.094362	440.4454	1.76266
39.18308	-6.064556	439.4388	1.75249
38.17188	-6.035215	438.4162	1.74491
37.19099	-6.005045	437.4124	1.738082
36.18753	-5.975311	436.4174	1.731437
35.18911	-5.945498	435.4348	1.726858
34.20021	-5.915327	434.4733	1.722394
33.16146	-5.887169	433.4911	1.715802
32.16636	-5.858007	432.4856	1.710322
31.18843	-5.829361	431.4837	1.703389
30.19278	-5.803315	430.484	1.695387
29.21439	-5.776888	429.4816	1.689107
28.20639	-5.750636	428.4832	1.682928
27.22014	-5.725577	427.4474	1.67712
26.20066	-5.698218	426.4521	1.672261
25.22316	-5.67164	425.481	1.669094
24.22398	-5.645439	424.5135	1.663662
23.22316	-5.620295	423.552	1.660174
22.244	-5.597022	422.5536	1.65542
21.2221	-5.573369	421.538	1.648819
20.21771	-5.552479	420.5127	1.643044
19.20404	-5.529314	419.5078	1.637022
18.20919	-5.505433	418.4855	1.632974
17.20987	-5.483702	417.4811	1.628971
16.22384	-5.45929	416.4811	1.625731
15.20485	-5.435915	415.4924	1.620474
14.18094	-5.413256	414.499	1.613338
13.18762	-5.388911	413.503	1.605935
12.19119	-5.366621	412.4885	1.5982
11.21256	-5.346349	411.4903	1.592643
10.24066	-5.327154	410.5005	1.588825
9.234363	-5.308159	409.5173	1.585122
8.218859	-5.287773	408.5388	1.583276
7.206794	-5.265841	407.5334	1.578936
6.199764	-5.242878	406.5489	1.574436
5.22509	-5.222087	405.5137	1.569733
4.222098	-5.20346	404.5153	1.564063
3.220188	-5.186003	403.5338	1.560648
2.233299	-5.169057	402.5179	1.555697
1.230574	-5.151295	401.5439	1.549347
0.2247075	-5.132855	400.5414	1.544144
-0.7437849	-5.113686	399.4999	1.538808
-1.722913	-5.093889	398.4683	1.534877
-2.709718	-5.075623	397.4599	1.531827
-3.655062	-5.057271	396.4645	1.526901
-4.642532	-5.039072	395.4941	1.52113
-5.617871	-5.022135	394.5143	1.515367
-6.619283	-5.005477	393.4907	1.510568
-7.626661	-4.98814	392.4712	1.506587
-8.622557	-4.972319	391.4509	1.5024
-9.665813	-4.95727	390.4493	1.497953
-10.63623	-4.938833	389.4861	1.494736
-11.64119	-4.92178	388.4924	1.490457
-12.64368	-4.903934	387.5011	1.48815
-13.64459	-4.886524	386.5049	1.485231
-14.6595	-4.873037	385.4777	1.481237
-15.65058	-4.860059	384.4711	1.479019
-16.66172	-4.847604	383.4681	1.475092
-17.6833	-4.83388	382.47	1.470963
-18.70358	-4.818511	381.4704	1.467738
-19.73189	-4.80398	380.4718	1.465283
-20.73616	-4.789079	379.4796	1.462353
-21.705	-4.775346	378.4716	1.459014
-22.70566	-4.760803	377.4617	1.455017
-23.70703	-4.745706	376.4552	1.450564
-24.70231	-4.731318	375.4184	1.446197
-25.7041	-4.715847	374.4062	1.444182
-26.69664	-4.701674	373.4332	1.442924
-27.69401	-4.689436	372.4557	1.438494
-28.68072	-4.675941	371.4524	1.436058
-29.68522	-4.662423	370.4804	1.432401
-30.69887	-4.648942	369.4669	1.426641
-31.68758	-4.634345	368.4529	1.424037
-32.70068	-4.621848	367.4691	1.420279
-33.7057	-4.610628	366.4456	1.416357
-34.70374	-4.599865	365.4422	1.413818
-35.69332	-4.588319	364.4464	1.4105
-36.70008	-4.577272	363.4669	1.407424
-37.70104	-4.564684	362.4758	1.405079
-38.69238	-4.55274	361.4707	1.402572
-39.69366	-4.541961	360.4706	1.400089
-40.69604	-4.530063	359.4819	1.396644
-41.69385	-4.519938	358.4749	1.392578
-42.69332	-4.50829	357.4926	1.389512
-43.68364	-4.497189	356.4862	1.385244
-44.68464	-4.485191	355.4653	1.380692
-45.67661	-4.473182	354.4818	1.377521
-46.69049	-4.463597	353.4606	1.372681
-47.70749	-4.451625	352.467	1.368516
-48.69662	-4.441817	351.455	1.365414
-49.6987	-4.43162	350.4456	1.361055
-50.68316	-4.419499	349.4536	1.357978
-51.66352	-4.410217	348.4349	1.355129
-52.66197	-4.400314	347.4266	1.352363
-53.64112	-4.391754	346.4357	1.349395
-54.62597	-4.383952	345.4496	1.345448
-55.62561	-4.373477	344.4666	1.342035
-56.63042	-4.364704	343.4899	1.337491
-57.70459	-4.354567	342.4749	1.333031
-58.72726	-4.343996	341.4453	1.329375
-59.77139	-4.337106	340.4452	1.323893
-60.7971	-4.328498	339.4353	1.31874
-61.75731	-4.319329	338.4369	1.31472
-62.77431	-4.311174	337.4287	1.3097
-63.77051	-4.301731	336.4008	1.305305
-64.75234	-4.291921	335.3755	1.30138
-65.76208	-4.284638	334.3698	1.296767
-66.74885	-4.276133	333.3868	1.291767
-67.74828	-4.266375	332.3916	1.287216
-68.74082	-4.258093	331.4032	1.282247
-69.75697	-4.24891	330.4122	1.276234
-70.77235	-4.240632	329.4048	1.26994
-71.76426	-4.234276	328.405	1.26515
-72.78116	-4.227708	327.407	1.260645
-73.7602	-4.221392	326.3911	1.256026
-74.76268	-4.213882	325.4139	1.251887
-75.76183	-4.206085	324.4187	1.245184
-76.77351	-4.197212	323.4167	1.2381
-77.77968	-4.189476	322.4256	1.231557
-78.75952	-4.183616	321.3998	1.224522
-79.74111	-4.176928	320.4117	1.219495
-80.74316	-4.170856	319.4084	1.213784
-81.75172	-4.164615	318.4248	1.20791
-82.76025	-4.157619	317.4431	1.203041
-83.75876	-4.149769	316.4034	1.196031
-84.7222	-4.14321	315.449	1.189612
-85.73634	-4.13615	314.4219	1.182575
-86.74027	-4.129954	313.4039	1.174837
-87.76117	-4.124413	312.4272	1.167453
-88.78699	-4.118706	311.4124	1.159614
-89.78138	-4.114096	310.4084	1.150691
-90.77724	-4.107967	309.4245	1.142435
-91.77245	-4.104213	308.4169	1.135001
-92.77885	-4.099288	307.3916	1.127802
-93.759	-4.093506	306.4313	1.121306
-94.76124	-4.088769	305.4365	1.111838
-95.76934	-4.081751	304.4658	1.100439
-96.74887	-4.076448	303.4652	1.088504
-97.76361	-4.071679	302.4378	1.075771
		301.4313	1.065276
		300.413	1.055234
		299.4092	1.044463
		298.4247	1.033231
		297.3982	1.022411
		296.3854	1.012035
		295.3888	1.001916
		294.3672	0.9923319
		293.3978	0.9814919
		292.4086	0.9670675
		291.3862	0.9526361
		290.3763	0.9378077
		289.3354	0.9230427
		288.3396	0.9119487
		287.3385	0.8977332
		286.334	0.8836035
		285.3458	0.8678545
		284.3345	0.8498397
		283.3641	0.8349047
		282.3589	0.818952
		281.3578	0.8023223
		280.3621	0.7861963
		279.3626	0.7678615
		278.3665	0.7486261
		277.3901	0.7299827
		276.3709	0.7085489
		275.3642	0.6877523
		274.3882	0.6672425
		273.3532	0.6442883
		272.3786	0.6209362
		271.3741	0.5977566
		270.3503	0.5726673
		269.3737	0.5496628
		268.3516	0.5250295
		267.3677	0.4972937
		266.3849	0.468079
		265.3734	0.4367848
		264.3862	0.4077904
		263.3816	0.3762752
		262.3698	0.3475901
		261.3901	0.3194799
		260.3979	0.2849757
		259.3884	0.2525087
		258.39	0.217096
		257.3852	0.1768057
		256.3758	0.1409908
		255.3944	0.1040439
		254.4116	0.0621602
		253.4009	0.02225208
		252.3991	-0.02069955
		251.3748	-0.06598301
		250.3787	-0.110599
		249.3773	-0.1567606
		248.3925	-0.2034769
		247.394	-0.2552809
		246.3472	-0.306686
		245.3451	-0.3574324
		244.3273	-0.4134848
		243.308	-0.4649844
		242.342	-0.5143672
		241.3385	-0.57263
		240.3216	-0.630371
		239.3361	-0.6916522
		238.317	-0.7593307
		237.2873	-0.8240039
		236.2981	-0.8905591
		235.3212	-0.9574176
		234.3141	-1.026059
		233.3503	-1.094833
		232.3572	-1.161767
		231.3362	-1.234714
		230.351	-1.30874
		229.3559	-1.380662
		228.359	-1.465035
		227.3742	-1.551768
		226.3647	-1.639744
		225.3547	-1.732157
		224.3649	-1.818546
		223.3636	-1.902431
		222.3992	-1.98762
		221.3965	-2.076595
		220.3841	-2.170835
		219.3821	-2.265318
		218.3712	-2.364495
		217.3682	-2.467829
		216.38	-2.567405
		215.382	-2.674984
		214.3765	-2.782689
		213.3936	-2.885263
		212.3896	-2.994036
		211.3819	-3.100769
		210.3891	-3.206937
		209.3849	-3.322137
		208.3824	-3.437694
		207.38	-3.556393
		206.3716	-3.678396
		205.3702	-3.794619
		204.3649	-3.912522
		203.393	-4.032297
		202.3977	-4.152157
		201.4098	-4.279082
		200.4114	-4.405983
		199.3909	-4.535348
		198.3805	-4.667456
		197.3604	-4.793669
		196.3721	-4.929537
		195.3782	-5.063336
		194.387	-5.195523
		193.397	-5.333241
		192.3914	-5.458817
		191.3774	-5.583618
		190.366	-5.722666
		189.3484	-5.850311
		188.3234	-5.988946
		187.3056	-6.1298
		186.3057	-6.258632
		185.2922	-6.396258
		184.3069	-6.525217
		183.306	-6.655477
		182.294	-6.7828
		181.3253	-6.90428
		180.3285	-7.03305
		179.334	-7.154979
		178.3632	-7.274651
		177.3643	-7.408402
		176.3609	-7.537497
		175.3795	-7.666897
		174.3602	-7.800228
		173.3151	-7.920223
		172.3264	-8.034399
		171.3179	-8.145314
		170.3176	-8.256654
		169.3674	-8.369996
		168.3409	-8.477976
		167.3323	-8.592588
		166.3426	-8.69882
		165.3284	-8.794456
		164.3452	-8.901472
		163.3498	-9.000858
		162.3157	-9.099393
		161.3204	-9.193219
		160.3182	-9.275814
		159.3173	-9.350629
		158.328	-9.425934
		157.3261	-9.505968
		156.312	-9.587666
		155.313	-9.6644
		154.3281	-9.733596
		153.3151	-9.79872
		152.3467	-9.85191
		151.3558	-9.907861
		150.3737	-9.964848
		149.395	-10.01416
		148.3785	-10.0695
		147.3694	-10.11817
		146.3333	-10.15914
		145.2993	-10.20559
		144.2867	-10.24041
		143.2811	-10.27114
		142.3008	-10.29726
		141.299	-10.31034
		140.306	-10.32231
		139.3149	-10.33376
		138.3106	-10.34963
		137.3228	-10.3692
		136.3023	-10.38105
		135.2707	-10.39013
		134.2684	-10.38717
		133.2871	-10.37419
		132.275	-10.36748
		131.3043	-10.35233
		130.2892	-10.33549
		129.2507	-10.32199
		128.2649	-10.29823
		127.2698	-10.27325
		126.2628	-10.25144
		125.2891	-10.22626
		124.3063	-10.20094
		123.2984	-10.17456
		122.3144	-10.1421
		121.3033	-10.10892
		120.3117	-10.07033
		119.3274	-10.03463
		118.3322	-9.995535
		117.3687	-9.94998
		116.3694	-9.910737
		115.3399	-9.864562
		114.3586	-9.815422
		113.339	-9.774687
		112.3349	-9.726995
		111.3713	-9.678603
		110.3578	-9.630753
		109.3576	-9.577349
		108.3419	-9.523335
		107.3476	-9.469296
		106.3448	-9.418301
		105.3333	-9.367039
		104.3376	-9.310813
		103.321	-9.257656
		102.3423	-9.201434
		101.3827	-9.140663
		100.3937	-9.089797
		99.38459	-9.036305
		98.36967	-8.98254
		97.34164	-8.935692
		96.30534	-8.882558
		95.29803	-8.827814
		94.29121	-8.773848
		93.27341	-8.718006
		92.28709	-8.663086
		91.29382	-8.607567
		90.28851	-8.55169
		89.30772	-8.495493
		88.31992	-8.438258
		87.33691	-8.386512
		86.32267	-8.335253
		85.29514	-8.281568
		84.28755	-8.230564
		83.25954	-8.176009
		82.24914	-8.121325
		81.26308	-8.070532
		80.25592	-8.019083
		79.25876	-7.967324
		78.28089	-7.917388
		77.28275	-7.867287
		76.29688	-7.81683
		75.28184	-7.768523
		74.27837	-7.720535
		73.26198	-7.675262
		72.2724	-7.627885
		71.26992	-7.580256
		70.24503	-7.533507
		69.26042	-7.484881
		68.26035	-7.439154
		67.28583	-7.394895
		66.31319	-7.349851
		65.30817	-7.307158
		64.28537	-7.264499
		63.27982	-7.221313
		62.2627	-7.179577
		61.2554	-7.136735
		60.26775	-7.095166
		59.25658	-7.054486
		58.29186	-7.013791
		57.33575	-6.974909
		56.33277	-6.934628
		55.36712	-6.896836
		54.35797	-6.858634
		53.33997	-6.819159
		52.35324	-6.782372
		51.33769	-6.742562
		50.34914	-6.704316
		49.32925	-6.669708
		48.3479	-6.634723
		47.34684	-6.602147
		46.32543	-6.56955
		45.33108	-6.535993
		44.30494	-6.501104
		43.29311	-6.467723
		42.27659	-6.434429
		41.2678	-6.40116
		40.26906	-6.368937
		39.25399	-6.337584
		38.27272	-6.306038
		37.28287	-6.274522
		36.27288	-6.246141
		35.29247	-6.216286
		34.29027	-6.186727
		33.27765	-6.159397
		32.28553	-6.127484
		31.2799	-6.097384
		30.29126	-6.0697
		29.31591	-6.04137
		28.31302	-6.016471
		27.31804	-5.990743
		26.32066	-5.964067
		25.29563	-5.937461
		24.32305	-5.910958
		23.33264	-5.885345
		22.33028	-5.860384
		21.34142	-5.834568
		20.31424	-5.810484
		19.31881	-5.786055
		18.32058	-5.75995
		17.33143	-5.736901
		16.3174	-5.713208
		15.28428	-5.690758
		14.27516	-5.668459
		13.26555	-5.644507
		12.29882	-5.619663
		11.30836	-5.59628
		10.32104	-5.576549
		9.30489	-5.557582
		8.294868	-5.538456
		7.295151	-5.519473
		6.273498	-5.498511
		5.325977	-5.476603
		4.319496	-5.457251
		3.320543	-5.435874
		2.342229	-5.414794
		1.320776	-5.395544
		0.3501064	-5.374145
		-0.6277087	-5.353801
		-1.603629	-5.332714
		-2.554125	-5.313104
		-3.5399	-5.295675
		-4.510386	-5.277277
		-5.508525	-5.260797
		-6.535679	-5.243111
		-7.544087	-5.223969
		-8.563165	-5.20838
		-9.572554	-5.191995
		-10.563	-5.176428
		-11.55311	-5.16206
		-12.53673	-5.145695
		-13.52755	-5.129285
		-14.55142	-5.113953
		-15.59718	-5.096405
		-16.60144	-5.079307
		-17.63158	-5.063577
		-18.63854	-5.046185
		-19.62161	-5.031215
		-20.62598	-5.015598
		-21.60853	-5.001637
		-22.58919	-4.987659
		-23.59368	-4.971735
		-24.59682	-4.958067
		-25.59803	-4.942128
		-26.61179	-4.926787
		-27.60225	-4.914766
		-28.6143	-4.90046
		-29.62959	-4.88691
		-30.6262	-4.874578
		-31.6087	-4.860616
		-32.58746	-4.847888
		-33.55735	-4.83513
		-34.56561	-4.820948
		-35.57601	-4.807046
		-36.61137	-4.793123
		-37.6413	-4.780519
		-38.62774	-4.768055
		-39.61357	-4.755198
		-40.60427	-4.743719
		-41.5974	-4.730904
		-42.61217	-4.718292
		-43.65465	-4.707497
		-44.66369	-4.695586
		-45.66096	-4.684382
		-46.64326	-4.674993
		-47.61809	-4.664168
		-48.57737	-4.652006
		-49.57501	-4.640515
		-50.57418	-4.627188
		-51.57628	-4.614652
		-52.60127	-4.604467
		-53.59987	-4.595397
		-54.62613	-4.586829
		-55.63128	-4.576517
		-56.61589	-4.566658
		-57.60539	-4.554981
		-58.5983	-4.542515
		-59.58545	-4.533834
		-60.60202	-4.522997
		-61.61568	-4.513942
		-62.60172	-4.506353
		-63.63203	-4.496708
		-64.63045	-4.487616
		-65.65049	-4.478054
		-66.66036	-4.468774
		-67.64571	-4.459831
		-68.6347	-4.45139
		-69.62757	-4.442461
		-70.62646	-4.433253
		-71.62798	-4.422881
		-72.65423	-4.414032
		-73.64916	-4.405483
		-74.65221	-4.396701
		-75.66171	-4.389661
		-76.65353	-4.381762
		-77.63705	-4.372233
		-78.62487	-4.363703
		-79.59243	-4.355076
		-80.60353	-4.347112
		-81.61102	-4.341285
		-82.61226	-4.334924
		-83.6282	-4.329556
		-84.63466	-4.32293
		-85.65102	-4.315983
		-86.65767	-4.309581
		-87.66016	-4.300946
		-88.6295	-4.293269
		-89.60695	-4.284872
		-90.60899	-4.276207
		-91.61601	-4.269455
		-92.65524	-4.262689
		-93.66455	-4.257402
		-94.66705	-4.251841
		-95.66685	-4.245488
		-96.63663	-4.237758
		-97.63944	-4.229241
