3	2.567	0.176
4	4.058	0.198
6	5.55	0.229
7	6.794	0.258
8	7.419	0.31
9	8.919	0.36
10	9.859	0.42
11	11.084	0.48
12	11.555	0.546
13	12.591	0.617
14	14.191	0.68
15	15.319	0.761
16	16.073	0.853
17	17.208	0.958
18	18.33	1.001
19	18.894	1.032
20	20.325	1.066
21	21.32	1.09
22	22.328	1.112
23	23.185	1.127
24	24.488	1.143
25	25		1.155
26	25.793	1.163
27	26		1.167
28	27.591	1.177
29	28.957	1.192
30	30		1.194	
31	30.999	1.188
32	32.365	1.204
33	33		1.216
34	33.978	1.218
35	35		1.222
36	36		1.224	
37	36.531	1.221
38	37.522	1.225
39	38.965	1.229
40	40		1.230
41	41.412	1.231
42	42		1.232
43	43		1.233
44	43.889	1.234
45	45		1.23036
46	45.684	1.228
47	47	1.22805
48	
49	48.656	1.228
50	50.329	1.231
51	51		1.22545
52	51.969	1.223
53	53.326	1.209
54			1.21431
55	54.642	1.209
56	55.788	1.209
57	56.973	1.201
58
59	59.124	1.199
61	60.911	1.188
62	62.211	1.19
63
64	64.347	1.185
65
66	66.112	1.188
67
68
69	68.618	1.174
70
71	70.508	1.168
72	71.85	1.171
73	73.088	1.166
74	74.435	1.156
75
76	75.688	1.149
77	76.849	1.149
78
79	78.581	1.135
80	79.794	1.133
81	81.118	1.127
82	82.355	1.119
83
84	84.116	1.099
85	85.325	1.106
87	87.275	1.101
89	89.132	1.095
90
92	91.906	1.08
94	93.586	1.072
95	95.474	1.067
97	96.691	1.062
98	98.26	1.061
99	99.003	1.06
102	101.573	1.064
103	102.499	1.046
105	104.728	1.047
107	106.615	1.038
108	107.614	1.039
109	109.277	1.031
111	111.32	1.027
113	112.619	1.023
115	115.499	1.02
117	116.737	1.02
119	118.657	1.023
121	120.56	1.012
122	121.7	1.013
124	123.517	1.014
125	125.028	1.017
126	125.76	1.015
128	127.915	1.019
129	129.345	1.022
130	130.331	1.025
131	131		1.01693
133	132.776	1.016
134	134.417	1.019
136	135.829	1.019
137	136.616	1.019
138	138.351	1.025
140	139.91	1.033
141	140.893	1.041
143	142.999	1.046
144	144.082	1.039
146	145.818	1.051
147	147.397	1.048
149	149.13	1.045
151	151.033	1.038
152	152.295	1.038
154	153.618	1.036
154	154.485	1.036
156	156.311	1.033
158	158.262	1.032
160	159.582	1.035
161	160.864	1.04
162	161.794	1.042
163	163.475	1.047
165	165.171	1.055
167	166.966	1.05
169	168.67	1.052
170	170.063	1.045
171	171.311	1.046
173	172.768	1.049
174	173.562	1.05
175	175.14	1.046
177	177.027	1.036
178	178.338	1.032
180	179.626	1.027
181	180.74	1.021
182	182.379	1.013
184	184.238	1.017
186	186.158	1.017
