2.391 0.175
2.936 0.175
3.881 0.197
4.426 0.196
5.373 0.228
5.918 0.228
6.617 0.257
7.163 0.257
7.243 0.288
7.788 0.288
7.995 0.336
8.540 0.336
8.743 0.359
8.934 0.390
9.288 0.359
9.479 0.390
9.683 0.418
10.061 0.452
10.228 0.418
10.252 0.481
10.606 0.452
10.797 0.481
10.927 0.509
11.379 0.545
11.462 0.509
11.924 0.545
11.943 0.580
12.433 0.615
12.488 0.580
12.700 0.653
12.968 0.615
13.245 0.653
13.265 0.692
13.810 0.692
14.014 0.724
14.019 0.750
14.559 0.724
14.564 0.749
15.142 0.795
15.272 0.823
15.687 0.795
15.817 0.823
15.857 0.856
16.024 0.847
16.274 0.884
16.281 0.921
16.477 0.860
16.513 0.849
16.819 0.883
16.826 0.921
17.031 0.957
17.576 0.957
18.154 1.000
18.699 1.000
18.717 1.031
19.262 1.031
20.148 1.065
20.473 1.035
20.693 1.065
21.143 1.088
21.688 1.088
22.138 1.111
22.692 1.111
23.019 1.126
23.534 1.126
24.312 1.142
24.857 1.142
25.645 1.162
26.161 1.161
27.477 1.176
27.970 1.176
28.780 1.191
29.325 1.191
30.823 1.187
31.368 1.187
32.199 1.203
32.733 1.203
33.801 1.217
34.346 1.217
36.217 1.221
36.982 1.225
37.678 1.227
38.320 1.226
39.012 1.228
39.491 1.229
41.235 1.230
41.780 1.230
43.723 1.233
44.258 1.233
45.507 1.226
46.052 1.226
48.480 1.226
49.025 1.226
50.153 1.230
50.698 1.230
51.761 1.222
52.306 1.222
52.936 1.213
53.648 1.203
53.700 1.211
54.505 1.209
55.260 1.212
55.918 1.208
56.614 1.207
56.914 1.199
57.414 1.200
59.064 1.200
59.456 1.193
59.458 1.204
60.734 1.187
61.465 1.188
62.289 1.189
62.769 1.190
64.201 1.184
64.718 1.184
65.936 1.187
66.481 1.187
68.460 1.173
68.995 1.173
70.329 1.166
71.044 1.169
71.979 1.171
72.608 1.167
73.214 1.165
73.713 1.157
74.278 1.155
75.028 1.153
75.324 1.146
76.518 1.148
77.063 1.148
78.373 1.134
79.143 1.133
79.757 1.133
80.762 1.128
81.281 1.128
82.086 1.118
82.631 1.118
83.940 1.098
84.571 1.099
85.350 1.106
87.099 1.100
87.644 1.100
88.955 1.094
89.500 1.094
91.646 1.087
91.828 1.076
92.441 1.076
93.459 1.071
93.988 1.071
95.267 1.067
95.966 1.065
96.491 1.060
97.083 1.063
98.535 1.059
99.070 1.059
101.397 1.063
101.942 1.063
102.322 1.045
102.867 1.045
104.663 1.045
105.115 1.047
106.408 1.037
107.158 1.037
107.637 1.038
108.536 1.044
109.131 1.030
109.648 1.030
110.980 1.029
112.350 1.021
112.895 1.021
115.322 1.018
115.953 1.019
116.786 1.019
118.481 1.021
119.026 1.021
120.337 1.013
121.111 1.013
121.245 1.009
121.919 1.015
122.898 1.013
123.517 1.012
124.075 1.015
125.168 1.016
125.280 1.004
125.832 1.016
127.707 1.018
128.341 1.019
129.549 1.021
130.303 1.023
130.765 1.025
132.599 1.015
133.144 1.015
134.210 1.018
134.873 1.018
136.068 1.018
136.613 1.017
138.174 1.023
138.806 1.025
139.760 1.031
140.501 1.036
140.991 1.041
142.823 1.045
143.481 1.045
144.021 1.043
144.113 1.037
145.683 1.050
146.251 1.049
147.270 1.046
147.799 1.046
148.954 1.044
149.499 1.044
150.810 1.039
151.575 1.038
152.285 1.037
153.184 1.035
153.989 1.034
154.520 1.035
156.135 1.032
156.680 1.032
158.054 1.031
158.804 1.031
159.766 1.035
160.402 1.036
161.287 1.041
161.830 1.041
163.260 1.049
163.843 1.048
165.031 1.054
165.547 1.054
166.790 1.049
167.335 1.049
168.462 1.051
169.095 1.050
170.133 1.043
170.791 1.045
171.632 1.045
173.106 1.049
173.651 1.049
174.963 1.045
175.508 1.045
176.819 1.035
177.584 1.035
178.344 1.036
178.557 1.030
179.259 1.030
179.560 1.025
180.284 1.024
180.500 1.018
180.987 1.020
182.203 1.012
182.748 1.012
184.061 1.016
184.606 1.016
185.981 1.016
186.526 1.016