-599.4105 -5.026217
-599.1779 -5.019765
-598.7368 -4.992855
-598.0032 -4.959594
-596.9984 -4.926466
-595.9976 -4.897614
-594.9685 -4.880812
-593.9763 -4.862688
-593.0073 -4.844111
-592.0059 -4.819684
-591.0035 -4.800054
-590.0181 -4.779188
-588.9999 -4.755
-588.0046 -4.735579
-587.0154 -4.708214
-586.0183 -4.690538
-585.021 -4.667027
-584.1012 -4.640906
-583.0942 -4.61994
-582.1122 -4.59541
-581.1343 -4.575177
-580.0851 -4.555813
-579.0513 -4.540279
-578.0494 -4.520405
-577.0182 -4.503297
-575.9981 -4.480036
-575.0449 -4.463344
-574.0557 -4.443303
-573.0818 -4.422201
-572.0807 -4.401425
-571.0862 -4.378425
-570.0521 -4.361014
-569.0571 -4.343773
-568.0639 -4.333438
-567.0333 -4.318528
-565.9977 -4.301108
-565.0137 -4.287893
-563.9875 -4.271332
-562.9898 -4.252655
-562.022 -4.238035
-561.0359 -4.220945
-560.0514 -4.205344
-559.0768 -4.188184
-558.0865 -4.178645
-557.0658 -4.158994
-556.0679 -4.144638
-555.0559 -4.12746
-554.0768 -4.110246
-553.0733 -4.093558
-552.0926 -4.070255
-551.0936 -4.063385
-550.074 -4.03892
-549.0809 -4.022634
-548.088 -4.010038
-547.0764 -3.985088
-546.0779 -3.97071
-545.0731 -3.955168
-544.0609 -3.941856
-543.0734 -3.926905
-542.0732 -3.913666
-541.0406 -3.89856
-540.0519 -3.879149
-539.0577 -3.86536
-538.0684 -3.845722
-537.1243 -3.831578
-536.1052 -3.815791
-535.1211 -3.802769
-534.0951 -3.784965
-533.097 -3.766595
-532.1046 -3.751363
-531.0917 -3.734274
-530.0973 -3.720393
-529.0856 -3.710941
-528.0691 -3.701013
-527.0773 -3.679947
-526.0947 -3.672424
-525.0565 -3.651175
-524.1039 -3.631363
-523.0801 -3.623334
-522.056 -3.603492
-521.0959 -3.595494
-520.0714 -3.581144
-519.0958 -3.562117
-518.0872 -3.547461
-517.0587 -3.527357
-516.0234 -3.518714
-514.9816 -3.506379
-513.9848 -3.497319
-512.9969 -3.489807
-512.0173 -3.473744
-511.053 -3.457034
-510.0755 -3.442447
-509.0646 -3.420862
-508.0815 -3.403055
-507.0657 -3.394512
-506.0521 -3.377621
-505.0822 -3.368197
-504.0536 -3.357899
-503.0765 -3.342396
-502.0884 -3.331302
-501.0705 -3.316707
-500.1045 -3.308024
-499.0856 -3.29029
-498.1102 -3.275337
-497.1202 -3.261494
-496.1193 -3.242424
-495.1169 -3.233943
-494.1046 -3.220948
-493.0742 -3.207335
-492.0546 -3.193944
-491.0584 -3.181489
-490.0453 -3.167951
-489.0437 -3.154095
-488.0793 -3.142389
-487.084 -3.129292
-486.0673 -3.114832
-485.0882 -3.105528
-484.0751 -3.094007
-483.0479 -3.079781
-482.0682 -3.069691
-481.0745 -3.05512
-480.0789 -3.041785
-479.1085 -3.02825
-478.1226 -3.015523
-477.1172 -3.0024
-476.0905 -2.987312
-475.1158 -2.977327
-474.1112 -2.962039
-473.1201 -2.951631
-472.1436 -2.940501
-471.1215 -2.928009
-470.1256 -2.917891
-469.1231 -2.904597
-468.1183 -2.893434
-467.1158 -2.8818
-466.1047 -2.871338
-465.0889 -2.8601
-464.0663 -2.849909
-463.0403 -2.839429
-462.0253 -2.828554
-461.0306 -2.818482
-460.0488 -2.810138
-459.09 -2.79927
-458.1072 -2.788217
-457.1124 -2.776282
-456.103 -2.760316
-455.0929 -2.746786
-454.0947 -2.734651
-453.1065 -2.722382
-452.1098 -2.711386
-451.0999 -2.700172
-450.1235 -2.687306
-449.1156 -2.678413
-448.1451 -2.667775
-447.1454 -2.657632
-446.1141 -2.648355
-445.1045 -2.636708
-444.1009 -2.627126
-443.1115 -2.615931
-442.126 -2.607459
-441.1303 -2.595551
-440.1299 -2.585027
-439.1295 -2.576396
-438.1158 -2.564623
-437.1222 -2.555896
-436.1244 -2.545322
-435.1339 -2.535576
-434.1523 -2.526257
-433.1671 -2.518083
-432.1379 -2.508906
-431.1444 -2.498879
-430.1501 -2.4891
-429.1254 -2.477045
-428.1431 -2.46744
-427.1072 -2.457345
-426.0815 -2.446414
-425.097 -2.437237
-424.0776 -2.427805
-423.1024 -2.417475
-422.1244 -2.409481
-421.111 -2.399799
-420.128 -2.390114
-419.1327 -2.381077
-418.1232 -2.370729
-417.1188 -2.361189
-416.1042 -2.350695
-415.0866 -2.342571
-414.0652 -2.334392
-413.0657 -2.325027
-412.0763 -2.316237
-411.0872 -2.306205
-410.1001 -2.29707
-409.111 -2.289846
-408.1233 -2.281763
-407.1104 -2.272763
-406.1102 -2.263768
-405.1097 -2.253066
-404.0873 -2.243407
-403.0935 -2.233708
-402.1174 -2.223321
-401.1305 -2.213109
-400.1515 -2.203537
-399.1639 -2.194116
-398.1612 -2.182181
-397.1652 -2.17345
-396.1788 -2.163265
-395.1619 -2.154242
-394.1659 -2.146342
-393.156 -2.138318
-392.1244 -2.128554
-391.1254 -2.118986
-390.1239 -2.10945
-389.1344 -2.098486
-388.1491 -2.088657
-387.1642 -2.078113
-386.1744 -2.070377
-385.1731 -2.060269
-384.1509 -2.05218
-383.1534 -2.04437
-382.1345 -2.033876
-381.1096 -2.026662
-380.1438 -2.017278
-379.1394 -2.007073
-378.1433 -1.999202
-377.1981 -1.988284
-376.1767 -1.978018
-375.1838 -1.968885
-374.1918 -1.959198
-373.1601 -1.94976
-372.1873 -1.942357
-371.1812 -1.933002
-370.1882 -1.923055
-369.1898 -1.913536
-368.1685 -1.901899
-367.1771 -1.894371
-366.17 -1.885423
-365.1638 -1.875412
-364.1741 -1.870966
-363.1702 -1.86025
-362.1672 -1.84961
-361.17 -1.840422
-360.1573 -1.829359
-359.148 -1.819277
-358.1546 -1.811958
-357.1766 -1.803261
-356.1998 -1.792815
-355.2004 -1.783626
-354.2043 -1.773805
-353.208 -1.764816
-352.2182 -1.755732
-351.2418 -1.747436
-350.2108 -1.736415
-349.1893 -1.727397
-348.1672 -1.717356
-347.1634 -1.707965
-346.1788 -1.698546
-345.1919 -1.689457
-344.1964 -1.678253
-343.1967 -1.668412
-342.212 -1.65852
-341.1862 -1.649038
-340.1666 -1.642868
-339.1693 -1.633154
-338.1511 -1.623446
-337.1709 -1.615519
-336.1713 -1.602635
-335.1675 -1.594212
-334.1788 -1.586361
-333.1774 -1.573233
-332.21 -1.565242
-331.2113 -1.553325
-330.205 -1.541356
-329.2148 -1.533522
-328.2245 -1.523522
-327.2357 -1.512332
-326.2393 -1.505036
-325.2262 -1.493526
-324.2242 -1.480704
-323.2166 -1.471338
-322.2186 -1.459913
-321.2161 -1.45104
-320.2011 -1.442717
-319.1843 -1.432881
-318.1929 -1.42132
-317.202 -1.410824
-316.2043 -1.399866
-315.2251 -1.39076
-314.2042 -1.381412
-313.2073 -1.371332
-312.1842 -1.35928
-311.1667 -1.346436
-310.1487 -1.336383
-309.1377 -1.324957
-308.1458 -1.315998
-307.1642 -1.307127
-306.1855 -1.296234
-305.2008 -1.284084
-304.2124 -1.272961
-303.2015 -1.263471
-302.2186 -1.252598
-301.1977 -1.241839
-300.1984 -1.231191
-299.2158 -1.220361
-298.1787 -1.208913
-297.202 -1.198151
-296.2244 -1.186914
-295.2071 -1.173841
-294.2617 -1.160796
-293.2454 -1.147429
-292.2277 -1.134191
-291.2414 -1.118786
-290.2284 -1.104102
-289.2468 -1.088593
-288.2481 -1.075175
-287.2444 -1.063441
-286.252 -1.053899
-285.2387 -1.044539
-284.2546 -1.035685
-283.2599 -1.025867
-282.262 -1.015473
-281.2578 -1.007946
-280.2504 -.9959015
-279.2425 -.9852982
-278.235 -.9738176
-277.2558 -.9631302
-276.2662 -.9535385
-275.2746 -.9423362
-274.289 -.9300823
-273.283 -.917109
-272.264 -.9039927
-271.2615 -.8924654
-270.2404 -.8828017
-269.2183 -.8720865
-268.2312 -.8612968
-267.225 -.8501942
-266.2206 -.8370085
-265.2354 -.8250693
-264.2486 -.8133531
-263.249 -.8021932
-262.2541 -.7901603
-261.2696 -.7767336
-260.2207 -.7630261
-259.2097 -.7488791
-258.2001 -.7382394
-257.1752 -.7282611
-256.2036 -.7179915
-255.2115 -.7071636
-254.2192 -.6958252
-253.2354 -.6800884
-252.2175 -.6682281
-251.1991 -.6557906
-250.1991 -.6421108
-249.1886 -.6318586
-248.1909 -.618047
-247.217 -.605384
-246.2241 -.5931449
-245.2257 -.5787907
-244.2433 -.5679638
-243.2399 -.5551508
-242.2277 -.5402384
-241.2207 -.5262708
-240.273 -.516849
-239.2682 -.5067762
-238.3063 -.4961919
-237.3006 -.4764702
-236.2912 -.4689997
-235.2767 -.4493654
-234.2399 -.4358287
-233.297 -.4333989
-232.258 -.408835
-231.2723 -.3970362
-230.3089 -.3856129
-229.276 -.3698951
-228.2854 -.3592892
-227.3221 -.3473518
-226.3157 -.3320951
-225.3228 -.3186373
-224.3134 -.3027488
-223.2923 -.2898518
-222.28 -.274492
-221.2578 -.2579941
-220.2594 -.2445527
-219.259 -.2292502
-218.2672 -.216296
-217.287 -.206478
-216.2945 -.1929473
-215.2773 -.179935
-214.2757 -.1661182
-213.2865 -.1506155
-212.2684 -.135892
-211.2707 -.1204733
-210.2589 -.105905
-209.2219 -8.023839E-02
-208.0816 -.0553086
-206.9813 -4.378814E-02
-205.9501 -3.573336E-02
-204.9845 -3.905426E-02
-204.1634 -3.933166E-02
-203.3271 -2.744452E-02
-202.4084 -9.87344E-03
-201.4703 7.311893E-03
-200.4893 2.318655E-02
-199.5004 3.894504E-02
-198.5099 5.458218E-02
-197.497 6.917302E-02
-196.4798 8.583478E-02
-195.4477 .1022269
-194.4134 .1165404
-193.3921 .1296628
-192.395 .1417112
-190.9925 .2084813
-190.1169 .1678979
-189.3039 .1802046
-188.1025 .2228147
-187.5842 .148646
-186.6908 .1986538
-185.6887 .2060844
-185.0147 .1878623
-184.0406 .2338332
-182.8811 .2658313
-181.728 .288861
-180.6152 .304245
-179.5224 .31558
-178.4769 .3239806
-177.4546 .3316461
-176.4532 .3410055
-175.4559 .3494877
-174.4453 .3576699
-173.4455 .368848
-172.4175 .3777549
-171.4142 .3877575
-170.4149 .3991904
-169.4022 .407227
-168.4365 .4150191
-167.4187 .4246801
-166.4246 .4295206
-165.4734 .4356579
-164.0712 .5058547
-163.2284 .4642848
-162.0383 .4902757
-160.9736 .4960471
-160.3434 .4360211
-159.199 .4868048
-158.245 .49056
-157.2589 .4773899
-156.1958 .5016964
-155.1253 .5106562
-154.207 .5103918
-153.2542 .5220952
-152.2096 .5285766
-151.2902 .5182732
-150.3185 .5260272
-149.2422 .5465543
-148.2856 .5385142
-147.1877 .5612856
-146.2602 .54224
-145.216 .5601205
-144.1649 .5591478
-143.4655 .5303857
-142.3546 .5816028
-141.2417 .5798422
-140.2634 .582526
-139.0519 .6072165
-138.1633 .5654117
-137.3655 .5645094
-136.3865 .579616
-135.2869 .5922885
-134.4534 .5517363
-133.2822 .638672
-132.157 .5856744
-131.6143 .5859709
-130.0681 .6687153
-129.2425 .5406883
-128.5562 .6177488
-127.1157 .6117632
-126.4483 .5970787
-125.2647 .6426283
-124.2391 .6055106
-123.363 .6153979
-122.295 .6222365
-121.4763 .6161339
-120.3483 .6439112
-119.3172 .6405383
-118.3249 .6421342
-117.3039 .6495146
-116.2405 .6417233
-115.2327 .646595
-114.3229 .6265838
-113.4169 .6499133
-112.2955 .6592458
-111.3093 .6466739
-110.291 .6772434
-109.0507 .6525121
-108.4335 .6381727
-107.3356 .6690837
-106.3204 .6578312
-105.4235 .6685185
-104.2322 .6868291
-103.3237 .6754274
-102.2899 .6745467
-101.3222 .68194
-100.3156 .6707966
-99.2957 .7013835
-98.32864 .6756848
-97.34559 .7083685
-96.30788 .701341
-95.36069 .6868169
-94.36913 .7167848
-93.38256 .6884605
-92.40799 .7229559
-91.29135 .7175217
-90.26906 .7219712
-89.34367 .7287725
-88.25784 .7323534
-87.3576 .729661
-86.42805 .7307194
-85.29498 .7582958
-84.29268 .7380513
-83.44331 .7486078
-82.24744 .781289
-81.33327 .7414875
-80.40807 .791972
-79.20007 .7884605
-78.38273 .7668785
-77.26402 .7733001
-76.45035 .7707264
-75.3532 .783685
-74.41757 .7947096
-73.40565 .8298561
-72.41644 .795638
-71.37997 .8323882
-70.42838 .8208616
-69.38899 .8374835
-68.33054 .8520076
-67.40621 .8555366
-66.14745 .8633755
-65.54206 .840768
-64.07919 .8897009
-63.49495 .8331683
-62.44557 .8904967
-61.37922 .8913636
-60.53521 .8928217
-59.17599 .9303684
-58.37452 .9003892
-57.11493 .9341176
-56.4437 .9017797
-55.558 .9370891
-54.31992 .9608079
-53.44325 .9409961
-52.26566 .9788306
-51.13236 .9805557
-50.30216 .9673128
-49.41683 .9980391
-48.37018 .9980296
-47.45185 1.011681
-46.34529 1.038119
-45.25525 1.030373
-44.40598 1.040244
-43.38461 1.039541
-42.42994 1.059717
-41.3863 1.06938
-40.27509 1.090478
-39.33836 1.095088
-38.33334 1.097996
-37.29161 1.12564
-36.40406 1.109504
-35.27267 1.144198
-34.34259 1.143362
-33.33399 1.149763
-32.34898 1.171505
-31.35371 1.173064
-30.39439 1.184931
-29.28054 1.21276
-28.34459 1.208536
-27.34494 1.229349
-26.42409 1.243366
-25.35464 1.2366
-24.41588 1.270022
-23.34246 1.27424
-22.23526 1.302524
-21.42892 1.314423
-20.27245 1.299977
-19.38381 1.337446
-18.49156 1.313049
-17.4322 1.353554
-16.49432 1.406378
-15.31318 1.396861
-14.34491 1.426505
-13.08399 1.442498
-12.32051 1.390394
-11.33326 1.445318
-10.23536 1.421886
-9.647052 1.454883
-8.13168 1.486834
-7.3806 1.488403
-6.419503 1.50195
-5.265604 1.518693
-4.551067 1.523299
-3.350289 1.50969
-2.294669 1.575701
-1.476835 1.532481
-.7819895 1.522328
-.9396604 1.461872
-1.265338 1.371622
-2.161111 1.274864
-3.199282 1.251111
-4.280527 1.14615
-5.143413 1.157075
-6.17487 1.088914
-7.238584 1.04329
-7.938912 1.061803
-9.35785 .9328685
-10.23391 .9839927
-11.16173 .9000155
-12.3115 .8665178
-13.11599 .8708426
-14.08992 .786354
-15.18526 .7816522
-16.1186 .754512
-17.14694 .7199428
-18.43152 .6781727
-19.12535 .6887621
-20.31861 .6444634
-21.18596 .6329915
-22.04929 .6272157
-23.30063 .553366
-24.30701 .5532619
-25.25647 .541361
-26.1238 .5197945
-27.15942 .5059648
-28.08731 .4787769
-29.16129 .4565083
-30.24987 .4265846
-31.24478 .430065
-32.08053 .4086347
-33.22083 .3704239
-34.17823 .3694348
-35.11533 .3431874
-36.25755 .309766
-37.29558 .3107533
-38.18251 .2997677
-39.25076 .2720631
-40.24819 .2752557
-41.15553 .2540794
-42.28697 .2315863
-43.16665 .2371645
-44.23691 .1972079
-45.36983 .1915352
-46.14481 .1999454
-47.19689 .1596368
-48.2434 .1609128
-49.188 .1473223
-50.29362 .1250772
-51.23936 .1334345
-52.10114 .1167762
-53.08266 .1002791
-54.16839 8.271065E-02
-55.21763 7.402306E-02
-56.20344 6.895372E-02
-57.20184 5.695475E-02
-58.19588 4.553745E-02
-59.17886 3.724341E-02
-60.16633 3.234483E-02
-61.11443 2.289789E-02
-62.10566 1.019244E-02
-63.16314 -1.737171E-03
-64.12773 -7.462726E-03
-65.08858 -1.560073E-02
-66.08679 -2.460645E-02
-67.0683 -3.410281E-02
-68.07704 -4.463852E-02
-69.08748 -5.291869E-02
-70.0737 -5.996013E-02
-71.07717 -6.709431E-02
-72.07072 -7.376647E-02
-73.0727 -8.273578E-02
-74.07382 -9.158114E-02
-75.04623 -9.913401E-02
-76.04729 -.1063462
-77.05281 -.1117337
-78.05474 -.1183764
-79.07307 -.1279785
-80.08469 -.1365291
-81.33426 -.1576855
-82.28624 -.1579681
-83.34184 -.1627991
-84.36096 -.1687881
-85.15335 -.1640465
-86.22815 -.1759553
-87.21153 -.1838644
-88.21347 -.1888263
-89.16568 -.1854924
-90.11538 -.2096515
-91.18984 -.2090586
-92.15199 -.2181605
-93.26952 -.2555938
-94.26659 -.2157637
-95.00134 -.2323171
-96.25916 -.2673084
-97.15816 -.2347911
-98.21478 -.2777219
-99.43462 -.2813739
-100.1953 -.2566973
-101.1858 -.2832299
-102.1766 -.2861044
-103.1072 -.2945527
-104.114 -.303978
-105.1272 -.3079482
-106.114 -.3207758
-107.1312 -.3220198
-108.1336 -.3351578
-109.1113 -.3387829
-110.2948 -.3470094
-111.2183 -.3564008
-112.2286 -.3579196
-113.2796 -.3734292
-114.0944 -.3676829
-115.1705 -.3863523
-116.1497 -.394961
-117.1386 -.4045024
-118.1734 -.4197841
-119.1798 -.4212223
-120.1938 -.4348613
-121.1801 -.439935
-122.1756 -.4489251
-123.1754 -.4622763
-124.1998 -.4688584
-125.1964 -.4792571
-126.1025 -.4810029
-127.1414 -.4911711
-128.2589 -.5012127
-129.0394 -.5027679
-130.1329 -.5226396
-131.1328 -.5377029
-132.0458 -.5469695
-133.4017 -.5816635
-134.3676 -.5780721
-135.3028 -.5884016
-136.2567 -.6019548
-137.1437 -.5992337
-138.1499 -.6303605
-139.1815 -.6451066
-140.1511 -.6660913
-141.149 -.6807611
-142.1493 -.6969885
-143.1435 -.7041045
-144.0803 -.7093933
-145.0746 -.724258
-146.086 -.7292624
-147.1149 -.7528545
-148.1773 -.7715127
-149.1911 -.7830349
-150.1741 -.8048882
-151.1562 -.8014771
-152.2128 -.8289017
-153.1616 -.8402168
-154.1511 -.8522278
-155.1981 -.8865075
-156.1527 -.893893
-157.1671 -.9191176
-158.2052 -.9420674
-159.1406 -.946673
-160.1885 -.960638
-161.1569 -.9803277
-162.1366 -.9988462
-163.1677 -1.024416
-164.1358 -1.046846
-165.2086 -1.079822
-166.1893 -1.087676
-167.0962 -1.099994
-168.0962 -1.13086
-169.0364 -1.137804
-170.065 -1.17315
-171.129 -1.195238
-172.1315 -1.205665
-173.154 -1.222324
-174.0627 -1.215325
-175.0331 -1.262676
-176.1434 -1.291319
-177.1477 -1.316088
-178.2272 -1.393827
-179.201 -1.356156
-180.0922 -1.396834
-180.9618 -1.377644
-182.057 -1.358273
-183.1631 -1.436051
-184.09 -1.419606
-185.282 -1.490548
-186.0912 -1.502959
-187.0556 -1.510321
-188.1213 -1.530173
-189.0688 -1.526163
-190.1952 -1.561526
-191.1341 -1.557763
-192.1539 -1.581323
-193.1817 -1.627744
-193.7226 -1.59046
-194.8957 -1.623049
-195.8109 -1.666819
-196.8038 -1.682282
-198.2929 -1.74912
-199.1665 -1.773524
-200.2896 -1.775685
-201.2466 -1.789719
-202.2516 -1.779813
-203.2261 -1.812796
-204.1538 -1.83041
-205.1529 -1.838897
-206.0206 -1.870406
-207.112 -1.897355
-208.0772 -1.896381
-209.0597 -1.909234
-210.106 -1.951709
-211.0651 -1.932344
-212.0703 -1.950021
-213.0872 -1.991056
-214.109 -1.992373
-215.1856 -2.034392
-216.2654 -2.077726
-217.2082 -2.050195
-218.2376 -2.087081
-219.087 -2.078239
-220.0661 -2.072889
-221.1697 -2.122708
-222.163 -2.120842
-223.2639 -2.147106
-224.1628 -2.147959
-225.1948 -2.159535
-226.0833 -2.172064
-227.0509 -2.180649
-228.1914 -2.209795
-229.1139 -2.20126
-230.1672 -2.22779
-231.2092 -2.245
-232.1711 -2.269708
-233.1787 -2.289362
-234.2006 -2.290422
-235.1364 -2.301547
-236.0959 -2.30091
-237.0818 -2.311739
-238.0936 -2.318625
-239.0354 -2.321999
-240.1899 -2.359123
-241.1093 -2.354125
-242.1381 -2.381825
-243.1588 -2.416651
-244.0766 -2.396093
-245.1676 -2.429901
-246.1389 -2.431949
-247.1884 -2.420739
-248.1056 -2.430068
-249.0865 -2.455468
-250.038 -2.458565
-251.0531 -2.464011
-252.0435 -2.484494
-253.0565 -2.46476
-254.1309 -2.479562
-255.1066 -2.48129
-256.0903 -2.475381
-257.0817 -2.497139
-258.0762 -2.505277
-259.0592 -2.523812
-260.1622 -2.536253
-261.2918 -2.532434
-262.1345 -2.516162
-263.0636 -2.522885
-264.1066 -2.542711
-264.9723 -2.558106
-266.1118 -2.590538
-267.1628 -2.588244
-268.0711 -2.576478
-269.0794 -2.596523
-270.0742 -2.592202
-271.1285 -2.596246
-272.081 -2.603552
-273.1454 -2.595242
-274.1336 -2.608298
-275.1068 -2.62062
-276.1708 -2.644528
-277.081 -2.639742
-278.1172 -2.649383
-279.1066 -2.655912
-280.114 -2.635925
-281.1214 -2.649571
-282.1766 -2.650619
-283.1417 -2.647959
-284.0507 -2.638608
-285.1059 -2.651879
-286.0867 -2.648926
-287.0505 -2.643021
-288.2111 -2.696857
-289.0733 -2.67198
-289.9911 -2.676502
-290.9984 -2.70427
-291.9421 -2.683319
-293.0743 -2.70051
-294.0635 -2.703262
-295.1926 -2.701338
-296.0938 -2.690306
-297.0996 -2.6935
-298.1012 -2.679818
-299.029 -2.662855
-300.1129 -2.678906
-301.039 -2.6768
-302.0708 -2.691432
-303.0756 -2.699872
-304.0148 -2.692782
-305.0727 -2.692988
-306.0348 -2.698407
-307.0563 -2.69091
-308.071 -2.693941
-309.0322 -2.700056
-310.0763 -2.696202
-311.0842 -2.704151
-312.071 -2.699567
-313.0599 -2.684036
-314.0064 -2.678956
-314.9819 -2.698585
-315.9988 -2.694606
-317.1169 -2.721065
-318.1531 -2.732904
-319.16 -2.722836
-320.1702 -2.722808
-321.1113 -2.72058
-322.0779 -2.709822
-323.1111 -2.698316
-324.1115 -2.707514
-325.0737 -2.694034
-326.0999 -2.69464
-327.0844 -2.69816
-328.1396 -2.699738
-329.1986 -2.708905
-330.202 -2.714616
-331.1614 -2.700236
-332.11 -2.697069
-333.0774 -2.699163
-334.032 -2.682239
-334.9881 -2.688707
-335.9987 -2.704171
-337.0045 -2.698258
-338.0295 -2.703347
-339.0729 -2.704329
-340.0693 -2.68241
-341.1249 -2.681356
-342.1365 -2.681782
-343.2175 -2.701035
-344.1721 -2.697212
-345.0872 -2.695674
-346.1042 -2.695528
-347.0405 -2.689662
-348.0947 -2.702295
-349.0834 -2.697494
-350.0597 -2.700771
-351.0829 -2.699866
-352.0712 -2.688315
-353.0315 -2.681802
-354.0934 -2.692687
-355.0789 -2.679084
-356.0402 -2.684362
-357.1096 -2.688422
-358.0521 -2.673296
-358.9965 -2.682559
-360.0125 -2.682542
-360.9785 -2.687161
-361.9827 -2.696139
-363.0243 -2.69454
-364.0189 -2.684795
-365.034 -2.68806
-366.0349 -2.688469
-367.044 -2.687536
-368.0541 -2.691608
-369.064 -2.690517
-370.0656 -2.685339
-371.0341 -2.695157
-372.0088 -2.692051
-372.9813 -2.696882
-373.9895 -2.69624
-374.9769 -2.687378
-375.935 -2.693617
-377.0325 -2.692761
-378.0513 -2.6977
-379.1144 -2.692723
-380.151 -2.703781
-381.0946 -2.715459
-382.1203 -2.70247
-383.0728 -2.71384
-384.0931 -2.70868
-385.0413 -2.696225
-385.9887 -2.718902
-387.0001 -2.712804
-388.0072 -2.716906
-389.0168 -2.719255
-390.0451 -2.720183
-391.0107 -2.726216
-392.0484 -2.731099
-393.0163 -2.730524
-393.9949 -2.731722
-395.0125 -2.736902
-395.9428 -2.739196
-396.9977 -2.740189
-397.9868 -2.736248
-399.0064 -2.734981
-400.0399 -2.746682
-401.0286 -2.751949
-402.021 -2.748975
-403.0259 -2.756266
-403.9939 -2.736229
-404.9685 -2.73843
-406.0096 -2.743555
-406.9705 -2.739297
-407.9559 -2.74768
-408.966 -2.742496
-409.8802 -2.744601
-410.8985 -2.753738
-411.8981 -2.755459
-412.9106 -2.776013
-413.9466 -2.764133
-414.9412 -2.760854
-415.9705 -2.764927
-416.9915 -2.757336
-417.973 -2.777974
-419.0221 -2.790268
-420.0769 -2.785284
-421.039 -2.792087
-422.0777 -2.797257
-423.0261 -2.784456
-423.9521 -2.803279
-424.9803 -2.79697
-425.9625 -2.794723
-426.9722 -2.80625
-427.9954 -2.800013
-428.9982 -2.816924
-429.997 -2.808991
-430.9824 -2.818485
-431.9812 -2.824816
-432.9282 -2.816235
-433.9328 -2.825583
-434.9647 -2.814753
-435.9383 -2.821993
-437.0257 -2.823658
-438.0486 -2.838688
-439.0417 -2.853482
-440.061 -2.837736
-440.9736 -2.852616
-441.9463 -2.843106
-442.9529 -2.843111
-443.952 -2.85857
-445.0021 -2.851859
-446.0046 -2.865875
-447 -2.856676
-448.0034 -2.87372
-448.9856 -2.887704
-450.023 -2.885137
-451.0032 -2.895898
-451.9755 -2.890039
-452.9904 -2.887113
-453.9868 -2.889517
-455.027 -2.889761
-456.0299 -2.889795
-457.0104 -2.890592
-457.9683 -2.898916
-458.9254 -2.910972
-459.9399 -2.920512
-460.929 -2.924518
-461.9485 -2.931247
-462.9699 -2.93463
-463.9588 -2.940299
-464.9736 -2.947799
-465.9933 -2.947272
-466.9525 -2.947454
-467.9799 -2.951669
-468.9722 -2.951807
-470.0071 -2.966673
-471.0074 -2.97452
-471.9807 -2.97758
-473.0588 -2.984504
-474.0017 -2.982835
-475.0086 -2.990471
-476.0258 -2.992093
-476.9619 -2.99497
-477.9623 -2.999984
-478.9981 -3.005385
-479.9913 -3.017292
-481.009 -3.029708
-481.9982 -3.033488
-483.0352 -3.046026
-484.0317 -3.049251
-484.9913 -3.059243
-486.0165 -3.067942
-486.9309 -3.06706
-487.936 -3.084728
-488.9846 -3.082272
-489.9186 -3.086897
-490.9666 -3.091774
-491.9565 -3.085999
-492.9214 -3.096256
-493.9781 -3.097154
-494.9816 -3.107223
-496.0065 -3.110786
-497.0374 -3.114952
-498.0139 -3.126766
-498.9905 -3.133662
-499.9664 -3.147145
-501.0225 -3.157334
-502.0206 -3.164162
-502.9985 -3.175488
-504.0416 -3.177255
-504.9673 -3.182867
-505.9741 -3.193361
-506.9905 -3.189091
-507.9706 -3.202255
-508.9587 -3.205329
-509.965 -3.2064
-510.9718 -3.220798
-511.9542 -3.226079
-512.9272 -3.226502
-513.9353 -3.233664
-514.9053 -3.23594
-515.9011 -3.251917
-516.9171 -3.260381
-517.9116 -3.279274
-518.9589 -3.280774
-519.9433 -3.290015
-520.9596 -3.308167
-521.9481 -3.318273
-522.9011 -3.350986
-523.951 -3.352223
-524.9326 -3.365189
-525.928 -3.374746
-526.969 -3.383375
-527.9756 -3.39295
-529.0151 -3.412268
-530.032 -3.421058
-530.993 -3.417066
-532.0533 -3.420083
-533.0053 -3.421161
-534.0354 -3.425921
-535.0512 -3.444998
-535.9471 -3.460092
-536.9507 -3.473045
-537.8965 -3.49609
-538.8865 -3.499123
-539.9362 -3.514618
-540.9666 -3.522139
-542.002 -3.511637
-543.0424 -3.534173
-544.0115 -3.527568
-544.9985 -3.534389
-545.9698 -3.550557
-546.9289 -3.566556
-547.8809 -3.587041
-548.8959 -3.602666
-549.8873 -3.602113
-550.8889 -3.595356
-551.9248 -3.605365
-552.9442 -3.60763
-553.9209 -3.627384
-554.9589 -3.641019
-555.9572 -3.652515
-556.8942 -3.66116
-557.9403 -3.673839
-558.9248 -3.676405
-559.9438 -3.689019
-560.9547 -3.701088
-561.9012 -3.706764
-562.8775 -3.716352
-563.8409 -3.722085
-564.8549 -3.727845
-565.8929 -3.741891
-566.9054 -3.757432
-567.9557 -3.771554
-568.8808 -3.78372
-569.9166 -3.786174
-570.9126 -3.786924
-571.9231 -3.799659
-572.9843 -3.820339
-573.9384 -3.841129
-574.9586 -3.861961
-575.9337 -3.863978
-576.9316 -3.859366
-577.9534 -3.875466
-578.9359 -3.88979
-579.908 -3.903944
-580.9327 -3.918375
-581.9381 -3.937796
-582.932 -3.947125
-583.9536 -3.966182
-584.9636 -3.998212
-585.9496 -3.992122
-586.9597 -4.001375
-587.9371 -4.023664
-588.8925 -4.015498
-589.8489 -4.031606
-590.8701 -4.04549
-591.8798 -4.041617
-592.8805 -4.053586
-593.9374 -4.075562
-594.8507 -4.096245
-595.8675 -4.110842
-596.8726 -4.141048
