-599.4778 -3.790198
-599.2431 -3.779568
-598.7443 -3.763879
-598.0078 -3.744594
-597.0074 -3.720308
-596.0052 -3.704064
-595.015 -3.688174
-594.0227 -3.672316
-593.0303 -3.657299
-592.0194 -3.641266
-591.0264 -3.626272
-590.025 -3.611461
-589.0344 -3.597269
-588.0582 -3.5834
-587.0663 -3.568331
-586.0535 -3.553824
-585.0616 -3.538546
-584.0723 -3.523983
-583.0515 -3.510565
-582.0723 -3.49656
-581.0679 -3.482765
-580.0614 -3.468613
-579.0603 -3.454399
-578.0502 -3.441608
-577.0536 -3.426731
-576.0539 -3.413033
-575.072 -3.398083
-574.0986 -3.383363
-573.0762 -3.371097
-572.0771 -3.358881
-571.074 -3.347152
-570.0675 -3.332611
-569.0953 -3.320439
-568.0859 -3.307658
-567.0734 -3.295805
-566.0618 -3.282263
-565.042 -3.270568
-564.0318 -3.257322
-563.0463 -3.245327
-562.0556 -3.235906
-561.0608 -3.222892
-560.0589 -3.210081
-559.0612 -3.196513
-558.0587 -3.182506
-557.0507 -3.168564
-556.0741 -3.157089
-555.0721 -3.145562
-554.0356 -3.134884
-553.0414 -3.124679
-552.0399 -3.113196
-551.0214 -3.102442
-550.0663 -3.091979
-549.0803 -3.080617
-548.0837 -3.069232
-547.1063 -3.056693
-546.0796 -3.044613
-545.0663 -3.033387
-544.0528 -3.022259
-543.049 -3.012576
-542.0468 -3.003594
-541.0367 -2.993908
-540.0391 -2.984776
-539.0452 -2.973469
-538.0704 -2.961448
-537.1008 -2.948364
-536.1147 -2.935864
-535.1038 -2.924053
-534.1014 -2.911952
-533.0923 -2.901391
-532.0891 -2.890317
-531.1033 -2.87999
-530.0912 -2.870889
-529.0959 -2.861727
-528.0842 -2.851912
-527.0823 -2.842351
-526.073 -2.83109
-525.0547 -2.819755
-524.0608 -2.80975
-523.0546 -2.799616
-522.052 -2.790681
-521.0707 -2.781038
-520.0783 -2.769116
-519.0756 -2.759209
-518.0911 -2.750098
-517.0806 -2.741754
-516.0574 -2.734084
-515.0527 -2.724515
-514.0445 -2.714411
-513.0435 -2.703629
-512.0645 -2.69363
-511.0815 -2.683516
-510.0892 -2.672737
-509.0851 -2.662675
-508.0712 -2.650891
-507.0654 -2.64009
-506.0629 -2.630791
-505.0786 -2.622449
-504.0823 -2.615444
-503.0773 -2.607653
-502.0689 -2.598956
-501.0661 -2.589658
-500.087 -2.580352
-499.0942 -2.571212
-498.1233 -2.561013
-497.1351 -2.549691
-496.1129 -2.538704
-495.1251 -2.527673
-494.1123 -2.515708
-493.1068 -2.504195
-492.1186 -2.494236
-491.1049 -2.484904
-490.1077 -2.476379
-489.1106 -2.468608
-488.0881 -2.459543
-487.0929 -2.447777
-486.0902 -2.437825
-485.0805 -2.426934
-484.1146 -2.415742
-483.1118 -2.406471
-482.1294 -2.396023
-481.1462 -2.386878
-480.1464 -2.377693
-479.1682 -2.369645
-478.1422 -2.362146
-477.1179 -2.352652
-476.1157 -2.343369
-475.0967 -2.333252
-474.0972 -2.322954
-473.1126 -2.314111
-472.1106 -2.305783
-471.1197 -2.296225
-470.1344 -2.285773
-469.1237 -2.276319
-468.1072 -2.267431
-467.1017 -2.259691
-466.0912 -2.2536
-465.0894 -2.246675
-464.0865 -2.237874
-463.0629 -2.229916
-462.0609 -2.222358
-461.0698 -2.21445
-460.1048 -2.20832
-459.1132 -2.199894
-458.1036 -2.189207
-457.1111 -2.180035
-456.1017 -2.170543
-455.0925 -2.163174
-454.1133 -2.156491
-453.1124 -2.148403
-452.0932 -2.141007
-451.1196 -2.13197
-450.1138 -2.123642
-449.1135 -2.115472
-448.1138 -2.106536
-447.1211 -2.097592
-446.1216 -2.087955
-445.1019 -2.078199
-444.116 -2.068881
-443.111 -2.061515
-442.1224 -2.053942
-441.1351 -2.047284
-440.1347 -2.039803
-439.1203 -2.030761
-438.1103 -2.022789
-437.1072 -2.013858
-436.1034 -2.00489
-435.1337 -1.996857
-434.1398 -1.987585
-433.1399 -1.977629
-432.1432 -1.966705
-431.1267 -1.95607
-430.1238 -1.947458
-429.1145 -1.940181
-428.1217 -1.934716
-427.1239 -1.928285
-426.1048 -1.919963
-425.1255 -1.912256
-424.1182 -1.903686
-423.1125 -1.896357
-422.1346 -1.890533
-421.1228 -1.882321
-420.1131 -1.873957
-419.093 -1.864675
-418.0919 -1.85551
-417.1017 -1.848782
-416.1151 -1.84264
-415.1127 -1.83577
-414.1054 -1.827659
-413.0879 -1.819064
-412.0649 -1.812414
-411.0853 -1.805589
-410.0734 -1.798322
-409.0767 -1.791345
-408.0916 -1.781199
-407.1024 -1.772697
-406.1083 -1.765453
-405.1247 -1.757327
-404.1095 -1.7502
-403.1115 -1.742774
-402.1206 -1.735901
-401.1133 -1.728149
-400.1327 -1.72068
-399.1267 -1.713147
-398.1533 -1.704539
-397.1457 -1.696653
-396.15 -1.689147
-395.1405 -1.680928
-394.1169 -1.672529
-393.1248 -1.665509
-392.1262 -1.658179
-391.1171 -1.650931
-390.141 -1.645071
-389.1344 -1.637619
-388.1257 -1.629958
-387.133 -1.621722
-386.1136 -1.612666
-385.1324 -1.604288
-384.1383 -1.595476
-383.1739 -1.588477
-382.1814 -1.580232
-381.166 -1.571498
-380.1884 -1.564779
-379.1827 -1.556999
-378.1923 -1.550244
-377.2185 -1.543763
-376.201 -1.535505
-375.1901 -1.527333
-374.1821 -1.519023
-373.1589 -1.510716
-372.1507 -1.503519
-371.1496 -1.495446
-370.1558 -1.487096
-369.1653 -1.477935
-368.1618 -1.468366
-367.1706 -1.461396
-366.1657 -1.454749
-365.1447 -1.448374
-364.1745 -1.44143
-363.1689 -1.432968
-362.1453 -1.424562
-361.1451 -1.417341
-360.1043 -1.410346
-359.0978 -1.402405
-358.129 -1.393754
-357.1504 -1.384278
-356.1685 -1.375683
-355.1865 -1.36878
-354.1829 -1.361547
-353.1933 -1.354917
-352.1908 -1.347259
-351.17 -1.337816
-350.1735 -1.328973
-349.1666 -1.320187
-348.1909 -1.312157
-347.1955 -1.303298
-346.1867 -1.294375
-345.1953 -1.285928
-344.1786 -1.276586
-343.19 -1.269018
-342.1882 -1.262812
-341.1788 -1.25402
-340.1854 -1.245957
-339.1921 -1.238624
-338.19 -1.229398
-337.194 -1.220999
-336.1672 -1.211182
-335.1548 -1.201396
-334.1675 -1.192641
-333.1491 -1.184063
-332.1744 -1.174766
-331.1936 -1.165066
-330.1937 -1.155452
-329.2092 -1.147891
-328.2348 -1.141271
-327.233 -1.133002
-326.2355 -1.12588
-325.2397 -1.115413
-324.2101 -1.105723
-323.1799 -1.09707
-322.1814 -1.088079
-321.1946 -1.08068
-320.2037 -1.070568
-319.2249 -1.060054
-318.2217 -1.049559
-317.21 -1.039443
-316.2017 -1.032604
-315.2101 -1.025954
-314.1972 -1.017131
-313.2043 -1.008602
-312.2041 -.9991653
-311.1731 -.989421
-310.1627 -.9808218
-309.1358 -.9708599
-308.1316 -.9607013
-307.132 -.9498562
-306.1418 -.9405392
-305.1633 -.9322078
-304.1618 -.9241366
-303.1982 -.9172494
-302.2391 -.9092987
-301.2289 -.8997711
-300.2428 -.8903242
-299.2221 -.8803138
-298.1986 -.8691669
-297.2038 -.8590404
-296.197 -.848542
-295.1963 -.8383452
-294.1742 -.8287136
-293.1734 -.8192112
-292.1693 -.8108695
-291.1848 -.8025641
-290.2037 -.7944756
-289.2287 -.7866228
-288.2537 -.7777393
-287.2339 -.7685922
-286.2305 -.7581943
-285.1898 -.7471099
-284.1824 -.7363141
-283.183 -.7259024
-282.1867 -.7153788
-281.2237 -.7061165
-280.2255 -.6968594
-279.2411 -.6880479
-278.2556 -.6811833
-277.2317 -.673503
-276.2273 -.6650425
-275.227 -.6569305
-274.2212 -.6473674
-273.2701 -.6379637
-272.271 -.6283417
-271.2733 -.6181293
-270.2772 -.6082065
-269.2657 -.5980253
-268.2889 -.5893524
-267.2864 -.5790526
-266.2704 -.5696949
-265.2427 -.562122
-264.2278 -.5522625
-263.2062 -.5442684
-262.2144 -.5366323
-261.2245 -.5273266
-260.2104 -.5195397
-259.215 -.5114684
-258.2076 -.5027601
-257.1913 -.495423
-256.2114 -.4863558
-255.2456 -.4781874
-254.2702 -.4703537
-253.2823 -.4608911
-252.2814 -.4534353
-251.2745 -.4451205
-250.2752 -.4362587
-249.3087 -.4284674
-248.3044 -.4198327
-247.3026 -.4098769
-246.2767 -.4011356
-245.221 -.3913471
-244.2242 -.3828181
-243.2348 -.3770249
-242.2505 -.3696238
-241.2744 -.3627912
-240.2593 -.3555739
-239.2484 -.3470553
-238.2693 -.3389112
-237.2623 -.3294972
-236.2717 -.3212665
-235.2646 -.3126924
-234.2288 -.3032793
-233.239 -.2966999
-232.255 -.2865517
-231.2408 -.2777349
-230.2643 -.2717502
-229.2674 -.2642684
-228.2288 -.2595371
-227.2534 -.2540101
-226.2413 -.2469357
-225.239 -.2396203
-224.2577 -.2310749
-223.2601 -.2240378
-222.2524 -.2166297
-221.2528 -.2085385
-220.2564 -.2013523
-219.2603 -.1915456
-218.2506 -.1824411
-217.2733 -.1768152
-216.2637 -.1708807
-215.236 -.1661113
-214.2437 -.1610758
-213.21 -.1539918
-212.2186 -.1478753
-211.2386 -.1416522
-210.2495 -.1348353
-209.2509 -.1285775
-208.2258 -.1204404
-207.2138 -.1129031
-206.2003 -.106758
-205.2104 -9.942441E-02
-204.2363 -9.499133E-02
-203.2331 -8.973128E-02
-202.2585 -8.389129E-02
-201.2536 -7.951629E-02
-200.2549 -7.271845E-02
-199.2758 -6.647538E-02
-198.2754 -6.010402E-02
-197.2831 -5.220094E-02
-196.2871 -4.557646E-02
-195.2681 -3.884622E-02
-194.2677 -3.250434E-02
-193.2631 -2.762483E-02
-192.2657 -2.198162E-02
-191.2876 -.0178216
-190.2975 -.0132767
-189.3002 -7.225208E-03
-188.3082 -3.621706E-03
-187.2877 2.84154E-03
-186.2619 9.523232E-03
-185.2735 1.509449E-02
-184.2584 2.247659E-02
-183.2603 2.779213E-02
-182.2662 3.312847E-02
-181.2615 3.976595E-02
-180.2769 4.384969E-02
-179.2924 4.771065E-02
-178.3143 5.151439E-02
-177.3177 5.397712E-02
-176.3098 5.941141E-02
-175.3115 6.416348E-02
-174.3057 6.851248E-02
-173.309 7.351162E-02
-172.3174 7.657507E-02
-171.3183 8.117025E-02
-170.2931 8.625694E-02
-169.2895 9.207957E-02
-168.2864 9.891557E-02
-167.2994 .1031389
-166.3174 .1060498
-165.3099 .1078719
-164.3327 .1095718
-163.3231 .1124064
-162.3235 .1160151
-161.3352 .1194539
-160.3174 .1236113
-159.322 .1287457
-158.3223 .1342242
-157.2909 .1400035
-156.2772 .1433686
-155.2567 .1464554
-154.2589 .1492718
-153.285 .1502852
-152.2831 .1530435
-151.2971 .1553632
-150.2991 .1573093
-149.2958 .160111
-148.2951 .1641427
-147.2962 .1684145
-146.2725 .172578
-145.2835 .176602
-144.2707 .1795527
-143.2802 .1816514
-142.3231 .1834414
-141.3141 .1856987
-140.3539 .1862535
-139.3642 .1879161
-138.32 .1916227
-137.332 .1936789
-136.2985 .1970232
-135.2735 .2001907
-134.2882 .2013532
-133.284 .2038063
-132.3059 .2078121
-131.3081 .2126786
-130.3281 .2150009
-129.3487 .2167545
-128.3482 .2173552
-127.3536 .2160454
-126.3571 .2169504
-125.3371 .2194894
-124.3467 .220482
-123.3521 .2219868
-122.3497 .22429
-121.3606 .2246489
-120.371 .2272339
-119.3767 .2312431
-118.3874 .2329239
-117.3822 .2353676
-116.3814 .2348951
-115.3752 .2360333
-114.361 .2382247
-113.3626 .2388462
-112.3321 .2427869
-111.3328 .242168
-110.336 .2438115
-109.3261 .2470987
-108.3511 .2476924
-107.3538 .2505375
-106.3267 .2535315
-105.3235 .2538965
-104.3042 .2568083
-103.2807 .2572503
-102.3073 .2552479
-101.302 .2576023
-100.3194 .2568178
-99.33295 .25944
-98.32216 .2627332
-97.32054 .2637951
-96.31783 .2668455
-95.31329 .2679473
-94.31536 .2693559
-93.30733 .2721021
-92.29361 .273262
-91.3087 .2747356
-90.32638 .2752349
-89.35912 .2737751
-88.35706 .2748448
-87.34191 .2757359
-86.31164 .278659
-85.29193 .2824705
-84.29866 .2847599
-83.30212 .287018
-82.31248 .2879005
-81.31476 .2905695
-80.30404 .2934041
-79.29739 .2944946
-78.31727 .295332
-77.33281 .295111
-76.35257 .2935844
-75.35748 .2950234
-74.34077 .297311
-73.34961 .2981744
-72.35971 .30041
-71.38698 .3024523
-70.39946 .3043351
-69.38703 .3086252
-68.39426 .3132645
-67.37221 .3162249
-66.36185 .3177436
-65.36387 .3174584
-64.34489 .3167025
-63.34376 .3169348
-62.33562 .3189659
-61.31799 .3221489
-60.30524 .3239321
-59.31506 .3271195
-58.32579 .329668
-57.34402 .3317909
-56.35318 .3354404
-55.34243 .3385342
-54.32294 .3409171
-53.31474 .3422217
-52.33758 .3434345
-51.34813 .3446038
-50.38113 .3456146
-49.37872 .3483166
-48.34037 .3519669
-47.34671 .3546264
-46.33209 .3590213
-45.3287 .3627315
-44.35798 .3644626
-43.36463 .3670909
-42.35361 .3698093
-41.36486 .371719
-40.34981 .3747183
-39.34927 .376999
-38.37989 .3791401
-37.37131 .3827514
-36.37249 .386224
-35.33741 .390755
-34.31034 .393711
-33.33412 .3957975
-32.33698 .39974
-31.35277 .4040647
-30.35162 .4088783
-29.31205 .412721
-28.30225 .4141305
-27.31436 .41444
-26.32111 .4157212
-25.35017 .4179117
-24.35012 .4222816
-23.35451 .4264329
-22.36697 .430215
-21.37404 .4346385
-20.37465 .4377713
-19.37756 .4434926
-18.38344 .4493161
-17.37156 .4530279
-16.37321 .4568126
-15.37186 .4582385
-14.36061 .4593559
-13.35016 .462018
-12.35556 .4645839
-11.37088 .4685194
-10.385 .4733851
-9.394726 .4779594
-8.3981 .4835012
-7.370613 .489141
-6.337677 .4930314
-5.318615 .4976084
-4.283701 .502311
-3.281873 .5026447
-2.311669 .5058209
-1.349192 .5087214
-.416844 .5116583
.5425918 .5174879
1.525259 .5223309
2.527985 .5281588
3.540431 .5328207
4.534964 .5377739
5.526522 .5425251
6.512979 .5458885
7.486756 .5510046
8.498937 .5559735
9.505301 .5598223
10.49927 .5640612
11.51268 .5676378
12.50499 .5714797
13.50753 .5758833
14.51103 .581042
15.49059 .5861452
16.49329 .5898622
17.45967 .5957177
18.45084 .6022356
19.45442 .6063089
20.44423 .6119435
21.48194 .6159362
22.49099 .6181735
23.5013 .622057
24.51803 .6260376
25.49618 .6297339
26.46671 .6345909
27.43396 .6390569
28.41596 .6443768
29.42773 .6492207
30.43805 .655638
31.4676 .6626769
32.4711 .6658279
33.44215 .6710645
34.44144 .6746905
35.44151 .6770544
36.42284 .6830071
37.42078 .6871879
38.41108 .6900962
39.42754 .6954135
40.42494 .699662
41.44677 .7069192
42.45661 .7140396
43.42308 .7194929
44.44759 .7239251
45.43599 .7269132
46.44212 .7309899
47.48022 .7353667
48.46728 .739727
49.4814 .7434163
50.48436 .7478346
51.44727 .7499748
52.45651 .7562994
53.45249 .7615196
54.44598 .7664745
55.44177 .7740135
56.43408 .7788497
57.41103 .7832022
58.4054 .7867666
59.41978 .7899064
60.4066 .794681
61.40491 .79834
62.409 .8031554
63.39643 .8092571
64.40145 .8133599
65.4101 .8197643
66.40968 .8246602
67.40759 .8295866
68.40437 .8364441
69.40697 .8415465
70.38979 .8462881
71.38411 .8493932
72.39898 .8518845
73.40619 .8550997
74.43134 .8591418
75.45908 .8641626
76.43413 .8678589
77.42057 .8716835
78.37969 .8760878
79.35767 .8809553
80.36153 .8874654
81.36328 .8942969
82.38829 .8997079
83.38203 .902923
84.40691 .9049852
85.41494 .9085264
86.41904 .9122946
87.43183 .9164017
88.4333 .9207854
89.41678 .9233807
90.39996 .9274905
91.40045 .9327393
92.39051 .9380686
93.41586 .9423952
94.41584 .9459735
95.41003 .9502054
96.40114 .9528008
97.40253 .9569687
98.42316 .9624532
98.96251 .9315517
99.00085 .8938254
98.53316 .8486928
97.56024 .794004
96.57159 .7703684
95.57696 .74821
94.55933 .728268
93.55174 .7108556
92.54356 .6920752
91.55229 .6772139
90.55329 .6613982
89.56813 .6472962
88.56803 .6345172
87.56512 .6171498
86.57109 .6014112
85.57225 .5852991
84.56804 .5698448
83.567 .5566895
82.56384 .5453892
81.56004 .5343083
80.54904 .5223916
79.52985 .5126292
78.53458 .5019391
77.53026 .4921636
76.55598 .4836382
75.59718 .4740083
74.60117 .4640465
73.61768 .453457
72.60446 .4455721
71.57274 .4370969
70.56793 .4276309
69.55401 .4196862
68.55092 .4071047
67.56491 .3962604
66.57878 .3868334
65.58727 .3763445
64.59808 .3691089
63.59949 .3611754
62.59381 .3524055
61.56626 .344336
60.55854 .3353519
59.53629 .3273223
58.54941 .3206007
57.59748 .3144435
56.61707 .3086122
55.64406 .30041
54.64308 .294531
53.61226 .2876066
52.61525 .281302
51.61538 .2760316
50.61494 .2682793
49.63696 .2605574
48.63081 .2524601
47.62091 .2459986
46.61129 .2399905
45.59507 .2341245
44.58904 .2289554
43.58011 .2223136
42.57436 .2158356
41.58018 .2097798
40.56865 .2023969
39.59268 .1967692
38.59956 .1923925
37.60336 .1886841
36.62 .1839398
35.60964 .1784977
34.61146 .1727306
33.61378 .1649645
32.60639 .1606345
31.61535 .1554508
30.62306 .1484024
29.61252 .144238
28.61571 .1382125
27.60767 .1337916
26.61211 .1307403
25.63522 .1258192
24.65401 .1224151
23.66171 .1163402
22.64863 .1106025
21.64526 .1067302
20.63416 .1000511
19.63509 9.717666E-02
18.63535 9.524792E-02
17.62974 9.060939E-02
16.62493 8.846308E-02
15.62096 8.342666E-02
14.63357 7.788055E-02
13.63682 7.299758E-02
12.63537 6.906553E-02
11.64029 .0656172
10.64035 .0596992
9.645507 5.620059E-02
8.651274 5.174497E-02
7.663271 4.770024E-02
6.640754 4.679351E-02
5.648315 4.418169E-02
4.640205 4.038835E-02
3.621128 3.797417E-02
2.653516 3.349688E-02
1.6308 2.998786E-02
.660014 2.728589E-02
-.3173192 2.461945E-02
-1.276788 2.317701E-02
-2.226818 .0198483
-3.199116 1.816054E-02
-4.172228 1.401439E-02
-5.189045 9.241505E-03
-6.193549 6.080097E-03
-7.199282 9.544038E-04
-8.212692 -2.866678E-03
-9.215601 -6.868932E-03
-10.20226 -1.010836E-02
-11.20035 -1.284761E-02
-12.18704 -1.505721E-02
-13.17432 -1.579144E-02
-14.2046 -.0192155
-15.20033 -2.191921E-02
-16.21231 -2.405513E-02
-17.21582 -2.900832E-02
-18.19617 -2.992978E-02
-19.20261 -3.073682E-02
-20.1992 -3.201023E-02
-21.20701 -3.224081E-02
-22.22107 -3.638783E-02
-23.22049 -4.025139E-02
-24.22534 -4.488384E-02
-25.20797 -4.817961E-02
-26.1758 -4.939927E-02
-27.18273 -5.394504E-02
-28.17537 -5.625087E-02
-29.18429 -5.916609E-02
-30.21487 -6.263696E-02
-31.20739 -6.276438E-02
-32.2024 -6.396758E-02
-33.20094 -6.484223E-02
-34.20008 -6.590585E-02
-35.19878 -6.711512E-02
-36.19662 -6.881155E-02
-37.19388 -7.011009E-02
-38.18863 -7.012136E-02
-39.18893 -.0714381
-40.1821 -7.529126E-02
-41.20732 -7.884276E-02
-42.20374 -8.274012E-02
-43.2103 -8.803138E-02
-44.21683 -8.921029E-02
-45.18175 -9.065708E-02
-46.18238 -9.392684E-02
-47.18895 -9.467927E-02
-48.18986 -9.654734E-02
-49.20166 -.0990482
-50.20041 -9.970354E-02
-51.17619 -.1017528
-52.1723 -.1026699
-53.15977 -.1039268
-54.15067 -.1063904
-55.15617 -.1065543
-56.16902 -.1094704
-57.1911 -.110501
-58.19701 -.1105973
-59.21219 -.1141644
-60.21719 -.1150624
-61.21164 -.1188653
-62.22622 -.1234215
-63.2278 -.1245562
-64.20341 -.1267302
-65.19691 -.1278667
-66.18408 -.1281137
-67.1933 -.1311512
-68.21245 -.1328927
-69.22484 -.1343611
-70.25131 -.1361512
-71.2423 -.1348396
-72.24588 -.1368915
-73.23973 -.1378736
-74.23544 -.1378138
-75.22743 -.141139
-76.21239 -.1419721
-77.20653 -.1430756
-78.17999 -.1477141
-79.16995 -.1494747
-80.17628 -.1526898
-81.19093 -.1561936
-82.19676 -.1566843
-83.19777 -.1586746
-84.19124 -.1594808
-85.17004 -.1604924
-86.18083 -.1627141
-87.18181 -.1638202
-88.19109 -.1661078
-89.19707 -.1684969
-90.16789 -.1694599
-91.1504 -.171758
-92.14902 -.1727678
-93.15435 -.1742259
-94.17015 -.1767979
-95.18845 -.1781441
-96.15671 -.1813584
-97.13809 -.1839485
-98.11905 -.1858105
-99.11349 -.1885515
-100.1258 -.1901291
-101.1354 -.1914104
-102.1324 -.1927063
-103.128 -.1942112
-104.1205 -.1956163
-105.1193 -.197786
-106.1355 -.1999133
-107.1538 -.2034917
-108.1738 -.2064615
-109.1756 -.2088722
-110.1784 -.2111928
-111.1609 -.2107923
-112.1699 -.2120085
-113.1669 -.215033
-114.1579 -.2189147
-115.1606 -.2240057
-116.1569 -.2292874
-117.1582 -.232637
-118.1787 -.2366357
-119.1951 -.2397963
-120.1971 -.2419842
-121.1932 -.2437101
-122.1812 -.2443273
-123.1766 -.2464052
-124.1739 -.248112
-125.1855 -.2510021
-126.1852 -.254896
-127.1847 -.2582412
-128.195 -.2610853
-129.1951 -.2643091
-130.1968 -.2652271
-131.2117 -.2677063
-132.2055 -.2726638
-133.2137 -.2776595
-134.2304 -.2845111
-135.2014 -.2901621
-136.1988 -.2946931
-137.2116 -.3004248
-138.1935 -.3053754
-139.1955 -.3103927
-140.197 -.3145735
-141.1563 -.3174255
-142.1659 -.3212517
-143.1668 -.3278407
-144.161 -.3311018
-145.179 -.3357039
-146.1582 -.3401534
-147.1645 -.3415551
-148.1554 -.3484709
-149.1464 -.3527384
-150.1543 -.3581856
-151.1604 -.36556
-152.1562 -.3709189
-153.1757 -.3813332
-154.1566 -.387767
-155.1424 -.3945284
-156.1426 -.4019513
-157.1349 -.4055201
-158.1693 -.4124619
-159.1829 -.4192129
-160.1962 -.4245267
-161.211 -.430664
-162.189 -.4376855
-163.1707 -.4433703
-164.1755 -.4511442
-165.1592 -.4594929
-166.1638 -.4662457
-167.1613 -.4727106
-168.1551 -.4801569
-169.1753 -.4878199
-170.1854 -.4967233
-171.2024 -.5079109
-172.2008 -.5175329
-173.1762 -.5271827
-174.1669 -.5365153
-175.1787 -.544838
-176.1704 -.5535749
-177.1809 -.5630279
-178.1582 -.5725702
-179.1337 -.5820128
-180.1256 -.5912942
-181.1097 -.6008998
-182.1167 -.609531
-183.1099 -.617988
-184.1081 -.6295354
-185.1099 -.6377497
-186.1014 -.648411
-187.1245 -.6605938
-188.1512 -.6701014
-189.1479 -.6831233
-190.1618 -.6962483
-191.135 -.707552
-192.1047 -.7200199
-193.0962 -.7330348
-194.0971 -.7450927
-195.1312 -.7586815
-196.1308 -.7703944
-197.1435 -.7837968
-198.1411 -.7964077
-199.1092 -.808092
-200.1147 -.8237673
-201.107 -.8351829
-202.1132 -.8466973
-203.1103 -.8600572
-204.0936 -.8712223
-205.065 -.8849194
-206.0525 -.9010376
-207.0347 -.9161703
-208.0467 -.9332724
-209.0678 -.9494625
-210.0877 -.9652358
-211.1069 -.9820328
-212.1178 -.9947938
-213.1251 -1.009578
-214.1213 -1.024257
-215.121 -1.03716
-216.127 -1.055368
-217.1264 -1.071907
-218.1134 -1.087746
-219.1348 -1.107336
-220.1445 -1.123228
-221.1562 -1.139045
-222.1551 -1.157044
-223.1131 -1.171892
-224.0797 -1.18956
-225.0686 -1.208838
-226.0611 -1.226284
-227.0974 -1.246536
-228.1095 -1.265071
-229.111 -1.283402
-230.1225 -1.302582
-231.1267 -1.319578
-232.1362 -1.337848
-233.1356 -1.355347
-234.1203 -1.373084
-235.0868 -1.392232
-236.0732 -1.410643
-237.0622 -1.430496
-238.076 -1.451092
-239.0944 -1.47068
-240.1072 -1.489249
-241.1092 -1.506279
-242.0909 -1.523606
-243.0883 -1.543219
-244.0652 -1.564698
-245.0686 -1.588116
-246.0938 -1.610135
-247.0679 -1.630993
-248.0789 -1.652212
-249.0803 -1.671168
-250.061 -1.69078
-251.0962 -1.710924
-252.0864 -1.728497
-253.0717 -1.747568
-254.0887 -1.766527
-255.0582 -1.784122
-256.0533 -1.804234
-257.0587 -1.825361
-258.032 -1.847048
-259.0524 -1.868022
-260.0633 -1.886059
-261.0876 -1.905212
-262.1005 -1.924025
-263.0889 -1.944071
-264.0839 -1.968284
-265.0736 -1.988788
-266.0748 -2.00912
-267.0789 -2.031578
-268.0916 -2.050959
-269.0726 -2.070467
-270.0714 -2.090666
-271.0972 -2.107626
-272.0885 -2.12583
-273.0881 -2.144382
-274.1062 -2.160532
-275.0745 -2.178415
-276.0945 -2.194539
-277.1185 -2.212349
-278.1177 -2.230571
-279.1417 -2.245756
-280.1244 -2.264819
-281.1263 -2.282085
-282.1036 -2.299162
-283.0711 -2.320377
-284.0773 -2.337159
-285.0626 -2.354548
-286.067 -2.373448
-287.1041 -2.388591
-288.1056 -2.405385
-289.0997 -2.421925
-290.1131 -2.436516
-291.0968 -2.451711
-292.0725 -2.465106
-293.0482 -2.478173
-294.0386 -2.491875
-295.0326 -2.505591
-296.0404 -2.519746
-297.0687 -2.533309
-298.0902 -2.545664
-299.1003 -2.557717
-300.0866 -2.571336
-301.0954 -2.583842
-302.0592 -2.598119
-303.0569 -2.611105
-304.077 -2.622557
-305.0706 -2.633583
-306.0692 -2.645041
-307.0432 -2.655244
-308.0368 -2.665673
-309.0033 -2.676724
-310.0188 -2.685778
-311.0208 -2.696059
-312.0158 -2.706889
-313.0478 -2.713773
-314.0364 -2.722507
-315.0664 -2.73205
-316.0783 -2.738127
-317.0675 -2.747453
-318.088 -2.754803
-319.0644 -2.761111
-320.0589 -2.769918
-321.0727 -2.778634
-322.0595 -2.786901
-323.0627 -2.794679
-324.0928 -2.801544
-325.0957 -2.808082
-326.105 -2.812961
-327.1194 -2.815705
-328.0912 -2.819417
-329.082 -2.82197
-330.0543 -2.824744
-331.0536 -2.830652
-332.0488 -2.834796
-333.0298 -2.838103
-334.0404 -2.841332
-335.034 -2.843776
-336.0405 -2.847034
-337.0431 -2.850998
-338.0434 -2.856258
-339.0417 -2.86064
-340.0374 -2.863481
-341.0571 -2.867412
-342.062 -2.871097
-343.0506 -2.873329
-344.048 -2.875105
-345.0261 -2.87635
-346.0121 -2.87559
-347.0008 -2.876476
-348.0059 -2.877877
-349.0088 -2.877412
-350.025 -2.877923
-351.0326 -2.877853
-352.02 -2.877241
-353.0325 -2.87647
-354.0137 -2.875505
-355.0267 -2.874751
-356.0351 -2.875381
-357.0165 -2.876531
-358.0237 -2.877638
-358.9874 -2.878708
-359.9788 -2.878002
-360.9808 -2.877848
-361.9591 -2.878615
-362.9847 -2.878071
-363.9901 -2.877523
-364.9978 -2.876989
-366.0293 -2.875414
-367.0348 -2.873111
-368.0074 -2.871527
-369.0056 -2.869383
-369.9869 -2.867485
-370.9853 -2.866702
-372.0247 -2.864441
-373.0415 -2.863389
-374.0811 -2.862164
-375.0943 -2.860952
-376.078 -2.862068
-377.0695 -2.860557
-378.0121 -2.859448
-378.9956 -2.858044
-379.9901 -2.854378
-380.9754 -2.853759
-382.007 -2.852891
-383.004 -2.850558
-383.9918 -2.849519
-385.0011 -2.846378
-385.988 -2.843823
-386.9815 -2.841828
-387.9732 -2.838598
-388.9521 -2.837007
-389.9595 -2.83391
-390.9531 -2.830952
-391.9695 -2.831323
-392.9896 -2.82973
-393.9746 -2.828095
-394.9866 -2.829592
-395.9861 -2.827368
-396.9619 -2.825679
-397.9629 -2.825154
-398.9539 -2.821493
-399.9448 -2.820004
-400.9543 -2.818541
-401.955 -2.816961
-402.9361 -2.816866
-403.9301 -2.815609
-404.9305 -2.814206
-405.9435 -2.813372
-406.952 -2.809124
-407.9381 -2.807031
-408.9349 -2.806023
-409.8867 -2.802145
-410.8906 -2.803888
-411.906 -2.803958
-412.897 -2.803358
-413.917 -2.80574
-414.9117 -2.804694
-415.9207 -2.803226
-416.9236 -2.801879
-417.9476 -2.797936
-418.9576 -2.796614
-419.9455 -2.795408
-420.9512 -2.79482
-421.941 -2.796502
-422.9423 -2.795287
-423.9726 -2.795322
-424.9852 -2.795597
-425.9854 -2.79239
-426.9828 -2.792317
-427.9717 -2.79234
-428.9547 -2.790694
-429.9609 -2.793421
-430.9587 -2.793442
-431.9489 -2.793087
-432.9694 -2.795619
-433.9569 -2.795415
-434.9403 -2.796098
-435.9324 -2.796315
-436.9254 -2.793894
-437.921 -2.794019
-438.9446 -2.793509
-439.9581 -2.792701
-440.963 -2.793987
-441.9622 -2.79384
-442.9689 -2.794819
-443.9583 -2.796154
-444.9364 -2.794447
-445.9532 -2.793681
-446.9335 -2.794991
-447.9394 -2.795364
-448.9495 -2.799872
-449.9603 -2.803136
-450.9796 -2.801518
-451.9949 -2.804549
-453.0067 -2.805115
-454.0145 -2.805243
-455.0136 -2.808944
-455.999 -2.809326
-456.9904 -2.810739
-457.967 -2.812964
-458.9476 -2.812773
-459.9384 -2.813698
-460.9288 -2.816058
-461.9395 -2.817549
-462.9558 -2.821743
-463.9644 -2.824871
-464.9654 -2.826063
-465.9518 -2.830211
-466.9449 -2.832321
-467.9597 -2.834244
-468.979 -2.837567
-469.9911 -2.839059
-470.9892 -2.841074
-471.9619 -2.844188
-472.9424 -2.845182
-473.9148 -2.847134
-474.9149 -2.849966
-475.9301 -2.851633
-476.9571 -2.855985
-477.9854 -2.859311
-479.0053 -2.862125
-480.004 -2.86594
-480.987 -2.86686
-481.9808 -2.869105
-482.9696 -2.87219
-483.9741 -2.875138
-484.9555 -2.880997
-485.9428 -2.885864
-486.9424 -2.890445
-487.9238 -2.896089
-488.9304 -2.89965
-489.9463 -2.903884
-490.9544 -2.908909
-491.9807 -2.911162
-492.9818 -2.914228
-493.9741 -2.917522
-494.9593 -2.920066
-495.9483 -2.925256
-496.9449 -2.930755
-497.9182 -2.935276
-498.9099 -2.940047
-499.9023 -2.942291
-500.9126 -2.94414
-501.9487 -2.949425
-502.9571 -2.953399
-503.9604 -2.960493
-504.9516 -2.968008
-505.9398 -2.971945
-506.9402 -2.979553
-507.9365 -2.984182
-508.939 -2.988839
-509.9412 -2.994946
-510.9258 -2.998627
-511.9193 -3.002671
-512.8882 -3.007766
-513.8616 -3.012108
-514.864 -3.016734
-515.8773 -3.022341
-516.9104 -3.028059
-517.9314 -3.034354
-518.9472 -3.038558
-519.9415 -3.044093
-520.9432 -3.049295
-521.9302 -3.054801
-522.9221 -3.064088
-523.9232 -3.071719
-524.9203 -3.078734
-525.9232 -3.087349
-526.9266 -3.093739
-527.9313 -3.101285
-528.9478 -3.109616
-529.9819 -3.115028
-530.9791 -3.121856
-531.9725 -3.126673
-532.9361 -3.131915
-533.8993 -3.138398
-534.8994 -3.142809
-535.8964 -3.150128
-536.9067 -3.156611
-537.9122 -3.16156
-538.9174 -3.169365
-539.9294 -3.176983
-540.9242 -3.186319
-541.9346 -3.197372
-542.9284 -3.207191
-543.912 -3.216955
-544.9182 -3.22483
-545.9241 -3.233332
-546.9356 -3.2437
-547.9474 -3.253044
-548.9604 -3.262059
-549.9421 -3.270476
-550.899 -3.276707
-551.8924 -3.283729
-552.8798 -3.293555
-553.8799 -3.302499
-554.917 -3.311816
-555.9275 -3.321553
-556.9305 -3.326097
-557.9365 -3.334276
-558.9222 -3.342354
-559.917 -3.351186
-560.9196 -3.364267
-561.9091 -3.373802
-562.9056 -3.383724
-563.8719 -3.392861
-564.8453 -3.400292
-565.864 -3.410002
-566.8756 -3.419239
-567.9039 -3.428081
-568.9238 -3.438419
-569.9188 -3.447065
-570.9191 -3.456916
-571.9006 -3.467495
-572.8959 -3.476954
-573.9 -3.487531
-574.8936 -3.497429
-575.8966 -3.507099
-576.9025 -3.517455
-577.8989 -3.527259
-578.9146 -3.537804
-579.9198 -3.549351
-580.942 -3.560498
-581.9415 -3.572335
-582.9261 -3.58331
-583.9401 -3.592151
-584.9114 -3.601667
-585.9068 -3.611276
-586.8945 -3.621949
-587.8868 -3.633412
-588.86 -3.643779
-589.8318 -3.654136
-590.8393 -3.664347
-591.832 -3.67424
-592.8594 -3.685931
-593.8896 -3.696978
-594.8607 -3.707332
-595.8524 -3.719534
-596.8461 -3.731092
