-599.4655 -6.255208
-599.258 -6.250383
-598.7412 -6.221932
-597.9982 -6.191055
-596.9978 -6.152947
-595.981 -6.12102
-595.0433 -6.093464
-594.051 -6.057464
-593.04 -6.029816
-592.046 -5.999939
-590.9833 -5.978883
-589.9958 -5.996238
-589.024 -5.970878
-588.0211 -5.934433
-587.0489 -5.91206
-586.0322 -5.859196
-585.0551 -5.84563
-584.0389 -5.831781
-583.0629 -5.806922
-582.0199 -5.770369
-581.0329 -5.732122
-580.0176 -5.725821
-579.0243 -5.728722
-578.1365 -5.736954
-577.0999 -5.723391
-576.1555 -5.692756
-575.1355 -5.657361
-574.0905 -5.61734
-573.0737 -5.60583
-572.0477 -5.582445
-571.0554 -5.561689
-570.0499 -5.55092
-569.0199 -5.519953
-568.0093 -5.502144
-567.0071 -5.457335
-565.939 -5.407754
-565.005 -5.414297
-564.0335 -5.37309
-563.0469 -5.38607
-562.1161 -5.38217
-561.0911 -5.340518
-560.0095 -5.337097
-558.9717 -5.303967
-557.9683 -5.267139
-557.0366 -5.270783
-556.0829 -5.211209
-555.1005 -5.184819
-554.0953 -5.155962
-553.0876 -5.098287
-552.0391 -5.111471
-551.0428 -5.099341
-550.045 -5.107067
-549.0148 -5.091651
-548.0643 -5.082658
-547.0455 -5.041529
-546.0618 -5.026501
-545.0375 -5.010076
-544.0874 -4.979947
-543.1528 -4.972346
-542.1241 -4.94335
-541.1455 -4.912972
-540.0913 -4.898546
-539.0331 -4.873919
-538.0286 -4.837064
-536.9838 -4.829978
-536.0474 -4.820512
-535.0592 -4.808732
-534.1035 -4.832088
-533.1661 -4.819479
-532.1191 -4.800115
-531.1354 -4.779378
-530.1271 -4.737797
-529.1185 -4.725495
-528.0835 -4.682174
-527.0849 -4.696396
-526.1049 -4.675783
-525.1357 -4.646474
-524.1582 -4.650943
-523.1515 -4.594633
-522.1304 -4.58747
-521.0854 -4.54774
-520.1622 -4.533876
-519.1477 -4.509839
-518.1298 -4.494541
-517.0963 -4.516261
-516.025 -4.481287
-514.9835 -4.450937
-514.0238 -4.442073
-513.0234 -4.404371
-512.0701 -4.3947
-511.1113 -4.40564
-510.0685 -4.382956
-509.1254 -4.369754
-508.104 -4.339851
-507.1344 -4.324337
-506.0631 -4.292417
-505.1097 -4.264869
-504.0543 -4.25543
-503.0368 -4.258576
-502.1178 -4.241828
-501.0703 -4.232057
-500.1178 -4.21672
-499.1361 -4.188397
-498.1165 -4.156355
-497.1083 -4.146133
-496.1098 -4.121928
-495.0719 -4.085036
-494.1362 -4.093038
-493.0956 -4.074727
-492.111 -4.077233
-491.1529 -4.070281
-490.0506 -4.071346
-489.0755 -4.043154
-488.0713 -4.024293
-487.0977 -4.020564
-486.1169 -3.980969
-485.1351 -3.977341
-484.1123 -3.955857
-483.117 -3.945798
-482.1792 -3.924115
-481.1687 -3.916324
-480.1695 -3.89009
-479.1053 -3.863746
-478.1305 -3.867266
-477.1145 -3.850108
-476.1292 -3.850535
-475.1631 -3.838412
-474.1534 -3.816954
-473.1271 -3.795965
-472.1331 -3.776614
-471.131 -3.749539
-470.0747 -3.712353
-469.0696 -3.684421
-468.084 -3.662237
-467.052 -3.650622
-466.1128 -3.670735
-465.1537 -3.653942
-464.1005 -3.635523
-463.1179 -3.62528
-461.9561 -3.580271
-461.0343 -3.592015
-460.0771 -3.591597
-459.0718 -3.580435
-458.1519 -3.579665
-457.1193 -3.553285
-456.1163 -3.540131
-455.131 -3.513891
-454.2115 -3.502347
-453.2161 -3.484701
-452.1895 -3.47122
-451.2351 -3.473782
-450.1617 -3.454502
-449.101 -3.449262
-448.1545 -3.42549
-447.0658 -3.385802
-446.1208 -3.391696
-445.1356 -3.370762
-444.0966 -3.363867
-443.177 -3.362122
-442.1215 -3.340679
-441.1246 -3.328353
-440.1274 -3.333076
-439.0365 -3.312092
-438.1064 -3.299065
-437.0498 -3.29102
-436.0667 -3.261214
-435.1635 -3.252494
-434.1521 -3.225338
-433.2049 -3.211576
-432.1967 -3.197257
-431.1515 -3.19033
-430.1349 -3.187794
-429.1259 -3.175134
-428.1415 -3.168834
-427.1265 -3.153942
-426.123 -3.136315
-425.1934 -3.123945
-424.1484 -3.102764
-423.2018 -3.094408
-422.1813 -3.076939
-421.0535 -3.066136
-420.0713 -3.055234
-419.0284 -3.042638
-418.0608 -3.032996
-417.1301 -3.020513
-416.13 -3.001472
-415.1231 -2.986893
-414.1245 -2.969897
-413.0991 -2.955521
-412.108 -2.948137
-411.1289 -2.939588
-410.1036 -2.929456
-409.0961 -2.920473
-408.1056 -2.908344
-407.0951 -2.891615
-406.1279 -2.880961
-405.1596 -2.85444
-404.166 -2.841825
-403.1385 -2.830096
-402.1046 -2.812229
-401.1093 -2.803297
-400.0792 -2.787827
-399.0956 -2.767847
-398.1443 -2.772963
-397.11 -2.746895
-396.1204 -2.73111
-395.0971 -2.728136
-394.114 -2.716167
-393.1781 -2.716109
-392.1788 -2.721152
-391.2173 -2.712034
-390.1493 -2.683363
-389.1215 -2.675555
-388.119 -2.65261
-387.1297 -2.642159
-386.1673 -2.638211
-385.175 -2.617151
-384.194 -2.600425
-383.1816 -2.582289
-382.2327 -2.55796
-381.2403 -2.552844
-380.2229 -2.536324
-379.1956 -2.52135
-378.1743 -2.544496
-377.174 -2.524905
-376.1246 -2.518181
-375.2351 -2.499541
-374.1261 -2.448241
-373.1643 -2.438398
-372.2021 -2.416841
-371.1042 -2.423916
-370.2035 -2.4112
-369.1873 -2.391521
-368.2277 -2.419147
-367.2589 -2.384809
-366.2855 -2.384541
-365.1433 -2.39359
-364.2896 -2.384981
-363.225 -2.400842
-362.1368 -2.355454
-361.2246 -2.345566
-360.0963 -2.289183
-359.124 -2.290095
-358.1194 -2.255719
-357.1811 -2.261067
-356.1534 -2.248193
-355.1614 -2.198109
-354.1987 -2.25564
-353.174 -2.216249
-352.1892 -2.220528
-351.2367 -2.209863
-350.2542 -2.193224
-349.2079 -2.171554
-348.1853 -2.141029
-347.1667 -2.140593
-346.1583 -2.105152
-345.2133 -2.135095
-344.2057 -2.134024
-343.2268 -2.12715
-342.24 -2.106223
-341.0879 -2.067132
-340.2182 -2.062735
-339.155 -2.024275
-338.067 -2.0323
-337.2694 -2.000154
-336.1055 -1.989896
-335.133 -1.970617
-334.2235 -2.006522
-333.1211 -2.025385
-332.228 -1.970254
-331.2352 -1.981615
-330.2917 -1.922789
-329.2683 -1.891194
-328.2903 -1.933597
-327.2185 -1.907953
-326.1123 -1.899277
-325.2153 -1.891485
-324.2404 -1.865438
-323.3835 -1.865067
-322.3788 -1.843775
-321.3387 -1.825332
-320.1778 -1.797334
-319.1532 -1.794804
-318.2725 -1.770895
-317.1906 -1.745446
-316.3097 -1.736141
-315.204 -1.703271
-314.139 -1.706439
-313.2247 -1.707453
-312.1758 -1.706498
-311.2212 -1.703484
-310.1704 -1.690204
-309.2124 -1.662477
-308.0701 -1.654807
-307.0915 -1.624387
-306.1428 -1.602699
-305.1958 -1.616458
-304.1792 -1.543064
-303.3069 -1.601729
-302.2811 -1.583966
-301.2225 -1.55206
-300.3333 -1.574456
-299.2118 -1.492848
-298.214 -1.501748
-297.0148 -1.476284
-296.1426 -1.485591
-295.1307 -1.479537
-294.1823 -1.454626
-293.3764 -1.454955
-292.3027 -1.433672
-291.2838 -1.408156
-290.2481 -1.384593
-289.1987 -1.370844
-288.3062 -1.361122
-287.2527 -1.339596
-286.2242 -1.325412
-285.2639 -1.309588
-284.1522 -1.279959
-283.207 -1.275885
-282.2003 -1.265765
-281.1733 -1.237243
-280.1719 -1.199783
-279.2348 -1.191003
-278.2879 -1.199353
-277.2816 -1.196126
-276.3362 -1.237746
-275.3631 -1.239855
-274.3349 -1.193506
-273.3333 -1.157802
-272.3707 -1.093364
-271.4254 -1.107514
-270.4191 -1.131312
-269.2944 -1.140981
-268.1724 -1.144524
-267.0554 -1.083201
-266.0309 -1.052345
-265.1961 -1.028836
-264.2495 -1.020367
-263.314 -1.012875
-262.3495 -.9891973
-261.287 -.9789623
-260.2875 -.964388
-259.1772 -.9485844
-258.2352 -.9360246
-257.297 -.9322816
-256.1667 -.9177592
-255.2627 -.8992926
-254.2545 -.8980799
-253.1083 -.8594972
-252.285 -.840013
-251.2578 -.8345804
-250.1824 -.8034423
-249.325 -.8015283
-248.2933 -.791289
-247.2576 -.773711
-246.2262 -.7375814
-245.2457 -.7306666
-244.2308 -.7181562
-243.2867 -.7183114
-242.212 -.6846437
-241.2559 -.664603
-240.4194 -.683242
-239.0242 -.6122859
-238.2884 -.5902618
-237.3843 -.6246516
-236.0572 -.598268
-235.393 -.576562
-234.3409 -.6117285
-233.1028 -.5620172
-232.3453 -.521595
-231.312 -.537917
-230.2401 -.5231866
-229.3141 -.4925243
-228.2017 -.4720467
-227.3108 -.4681302
-226.2364 -.4302869
-225.2733 -.4254733
-224.2575 -.4018039
-223.2281 -.3851534
-222.3265 -.3970328
-221.2906 -.3572096
-220.3106 -.3536746
-219.3273 -.3417501
-218.2752 -.2947139
-217.2608 -.2974384
-216.2916 -.2743464
-215.2234 -.2432438
-214.3101 -.2568663
-213.3111 -.218952
-212.2783 -.2083486
-211.3616 -.2004542
-210.309 -.1685246
-209.3111 -.1704022
-208.3142 -.1424575
-207.213 -.1167892
-206.1922 -.1065066
-205.2251 -9.077063E-02
-204.2612 -.0807481
-203.3174 -6.775312E-02
-202.3383 -4.538402E-02
-201.3293 -2.617285E-02
-200.3401 -1.110957E-02
-199.3618 3.918172E-04
-198.4103 1.099341E-02
-197.4608 2.548891E-02
-196.5146 4.132108E-02
-195.5865 5.559812E-02
-194.6566 7.273578E-02
-193.6879 9.156899E-02
-192.6998 .1097746
-191.7161 .12972
-190.6936 .1482975
-189.6623 .166224
-188.6079 .1845553
-187.5458 .2003606
-186.5081 .2165274
-185.5023 .231452
-184.4991 .2459873
-183.4857 .2623301
-182.4619 .2765777
-181.4429 .2924853
-180.4511 .3082819
-179.4479 .3224107
-178.4518 .3366531
-177.4691 .3493377
-176.4637 .3622763
-175.4631 .3742086
-174.4707 .3870406
-173.4498 .3983799
-172.4616 .4079499
-171.4992 .4170614
-170.5275 .4232212
-169.5654 .4319322
-168.5907 .4461963
-167.5972 .4601179
-166.6065 .476445
-165.5932 .4905816
-164.5763 .5001265
-163.5432 .5092589
-162.5287 .5176196
-161.5194 .5252938
-160.5098 .5313471
-159.5076 .5405097
-158.4972 .5493022
-157.4976 .5564017
-156.4635 .5681198
-154.849 .6559137
-153.5431 .6452886
-152.6797 .6063965
-151.6504 .6342224
-151.1721 .5550841
-150.45 .5786719
-149.3028 .6132949
-148.3126 .6175338
-147.3576 .6052054
-146.4481 .6049393
-145.4001 .6433391
-144.3306 .6312222
-143.3093 .6544365
-142.1748 .669336
-141.2929 .6369764
-140.2932 .6545215
-139.4247 .6396455
-138.4853 .6466002
-137.4075 .66627
-136.513 .6497946
-135.4218 .6746472
-134.3913 .6680635
-133.3665 .6728485
-132.3285 .6730599
-131.2584 .6621047
-130.2933 .6701369
-129.2713 .6775052
-128.2766 .6710697
-127.4109 .6806406
-126.3834 .676719
-125.3977 .6748977
-124.4479 .6735324
-123.6439 .6628771
-122.5391 .6929594
-121.5239 .6865855
-120.4577 .7030652
-119.1813 .7142215
-118.2652 .6860697
-117.2798 .6946671
-116.4191 .6927938
-115.0972 .7141565
-114.0927 .7071126
-113.097 .7087544
-111.8642 .7073153
-111.198 .6760939
-110.4007 .676348
-109.189 .7025651
-108.235 .6923015
-107.1215 .7132091
-105.9866 .7136676
-105.1416 .6869851
-104.099 .7021004
-103.2059 .6947816
-102.0659 .7209778
-101.1073 .7115378
-100.2295 .7157576
-99.0697 .7163255
-98.22441 .7111633
-97.35226 .6965958
-96.1587 .7298769
-95.45502 .7058461
-94.22432 .7190386
-93.16571 .7355011
-92.27727 .7090256
-91.23888 .7286624
-90.33282 .7276335
-89.32048 .7274887
-88.37926 .7281814
-87.3069 .7409084
-86.32085 .731745
-85.27699 .7418377
-84.28596 .7399021
-83.28064 .735885
-82.33569 .7307793
-81.42615 .7334067
-80.37955 .7412335
-79.35047 .7484916
-78.35468 .751608
-77.30072 .7563046
-76.36198 .747116
-75.36284 .7554455
-74.37029 .7534275
-73.34741 .7642389
-72.29581 .7671385
-71.41675 .7704794
-70.36108 .778249
-69.46643 .7732299
-68.43597 .7975035
-67.29605 .7784796
-66.4477 .8038957
-65.29603 .7952046
-64.38386 .7935922
-63.41864 .8126543
-62.30711 .7894105
-61.38887 .8030791
-60.39275 .7946792
-59.41664 .8013982
-58.41247 .8130955
-57.35585 .8226629
-56.36554 .824492
-55.36461 .8338826
-54.28066 .8363272
-53.48348 .8231475
-52.36887 .8479846
-51.3133 .8340135
-50.48912 .8344843
-49.26399 .8651222
-48.37822 .8281752
-47.56305 .861178
-46.29618 .8629881
-45.4584 .8699532
-44.35715 .8853641
-43.21714 .8822243
-42.37104 .8809952
-41.29502 .8664954
-40.18082 .8948432
-39.52568 .8720345
-38.30245 .9035645
-37.40041 .9023093
-36.44325 .9019166
-35.13035 .9213254
-34.32269 .8972989
-33.38923 .903809
-32.50505 .9060264
-31.36633 .9101517
-30.41925 .9311243
-29.32314 .9284024
-28.37332 .9446143
-27.49171 .9338427
-26.39052 .960918
-25.41161 .9507473
-24.33924 .9476881
-23.38474 .9637924
-22.37515 .956361
-21.38198 .9606025
-20.41603 .9747764
-19.29929 .9755851
-18.42221 .9659501
-17.36107 1.000107
-16.33588 .9778537
-15.35662 1.017146
-14.40687 .9839269
-13.3397 1.020485
-12.35009 1.003227
-11.29081 1.007334
-10.33169 1.027534
-9.330281 1.010281
-8.486789 1.020848
-7.156873 1.038415
-6.458438 1.005072
-5.368419 1.068874
-4.122823 1.056704
-3.631365 1.03328
-2.101336 1.092435
-1.298641 1.024121
-.4575246 1.065712
.6477499 1.076923
1.373853 1.051408
2.568383 1.106084
3.451825 1.081384
4.450279 1.114854
5.564528 1.10103
6.574033 1.100375
7.569911 1.107054
8.550352 1.085987
9.542691 1.155687
10.44988 1.090513
11.42647 1.16068
12.63235 1.127826
13.28187 1.099905
14.36877 1.147201
15.23094 1.085739
15.93808 1.138442
17.52694 1.175146
18.65553 1.146424
19.90298 1.205603
20.82737 1.183925
21.60102 1.131299
22.46313 1.20305
23.43742 1.161642
24.47845 1.170614
25.57433 1.219306
26.10006 1.134241
27.27906 1.204892
28.18052 1.171815
29.17761 1.217943
30.69488 1.214049
31.35313 1.180955
32.72479 1.232991
33.57825 1.169795
34.35941 1.229688
35.46899 1.211171
36.47542 1.234066
37.4587 1.22336
38.50008 1.239182
39.60128 1.251181
40.25527 1.204042
41.23965 1.257952
42.23453 1.243527
43.59035 1.293175
44.38557 1.252038
45.54622 1.288175
46.482 1.271913
47.28744 1.243129
48.58242 1.301914
49.54581 1.278224
50.63794 1.283737
51.54417 1.287193
52.0492 1.239943
53.12741 1.278292
54.20694 1.298301
55.24724 1.287626
56.83036 1.35965
57.89343 1.3204
58.55461 1.280934
59.53782 1.317715
60.42907 1.294219
61.20644 1.290808
62.40247 1.342926
63.34264 1.315363
64.38439 1.333177
65.39572 1.333503
66.48573 1.33815
67.4051 1.325118
68.51029 1.338392
69.48958 1.335934
70.34406 1.318279
71.45058 1.349225
72.35783 1.345616
73.26261 1.298909
74.42653 1.382522
75.33623 1.354839
76.33949 1.360075
77.46216 1.412315
78.415 1.364117
79.38432 1.379198
80.37791 1.363094
81.28798 1.354819
81.80861 1.31494
82.68109 1.387761
84.20603 1.395535
85.81978 1.469191
86.86588 1.426349
88.1869 1.374739
88.32775 1.354885
88.82704 1.337742
90.11885 1.386502
90.88956 1.398788
92.32751 1.421575
93.00969 1.362926
93.96577 1.392904
95.06255 1.417428
96.27901 1.410474
97.54199 1.452416
98.94786 1.450287
99.59842 1.334341
98.85411 1.290985
98.67884 1.228109
97.60817 1.142372
96.09706 1.11214
95.37807 1.071137
93.73908 1.043662
92.90277 1.028537
92.45724 1.043184
91.56551 .9931033
90.6991 .9438913
89.8324 1.012631
88.87217 .9165621
87.82884 .9170761
87.14678 .9129984
85.69478 .8009838
84.48083 .839414
83.59682 .8321126
82.47672 .799147
81.576 .7859076
80.49197 .7711329
79.54044 .7673301
78.54495 .7407819
77.45518 .7367788
76.56717 .71375
75.59359 .7039806
74.51517 .6951214
73.64647 .6316609
71.89552 .6124228
70.75824 .633424
70.00753 .6212518
68.79477 .6300911
68.42206 .6303693
67.68735 .6168264
66.78986 .5682472
65.7006 .5623353
64.83744 .5674115
63.89544 .5176855
62.93517 .5726751
62.00311 .4945094
60.54715 .4874445
59.72282 .532253
58.77652 .4496481
57.20485 .4679664
56.63898 .480195
55.39293 .3960801
54.17004 .4424567
53.90272 .4574081
53.00965 .4281649
51.94827 .4217563
50.64569 .3622824
49.65947 .4236841
48.86315 .3849419
47.61661 .3471507
46.72994 .3909787
45.71135 .3236434
44.32094 .3096689
43.60185 .3497798
42.5902 .3048431
41.55328 .3147659
40.86551 .3004065
39.18705 .2410983
37.97668 .2735697
36.92204 .2612041
35.69072 .2670596
35.20216 .2920709
34.5051 .2708963
33.55825 .25166
32.54201 .2434527
31.60036 .241986
30.6261 .2285888
29.64516 .2223422
28.6832 .2135593
27.60089 .1983703
26.56212 .1921229
25.57031 .1866886
24.58121 .1812734
23.66797 .1779092
22.71003 .1712266
21.727 .1651396
20.71148 .1552973
19.68705 .1473856
18.66492 .136133
17.62628 .1269149
16.60742 .1228346
15.60501 .1185463
14.63359 .1181571
13.66289 .1135706
12.67838 .1069001
11.69923 .100781
10.709 9.440187E-02
9.735709 8.791435E-02
8.729976 8.233009E-02
7.729676 7.443395E-02
6.702922 6.793343E-02
5.713025 6.542909E-02
4.760253 5.846134E-02
3.744516 5.344833E-02
2.759539 .0496914
1.742871 4.116591E-02
.7090701 3.380374E-02
-.2599874 2.943221E-02
-1.234928 2.563627E-02
-2.192701 2.668169E-02
-3.127975 2.728936E-02
-4.111606 2.238731E-02
-5.087028 1.569608E-02
-6.09876 5.099688E-03
-7.092844 -1.533461E-03
-8.086895 -6.51699E-03
-9.092312 -1.225815E-02
-10.08585 -1.487431E-02
-11.11535 -1.883062E-02
-12.11295 -2.188454E-02
-13.09391 -2.409327E-02
-14.08979 -2.893637E-02
-15.06592 -3.318308E-02
-16.06401 -3.801924E-02
-17.0923 -4.491071E-02
-18.11016 -.0515742
-19.14014 -5.626127E-02
-20.14384 -5.569868E-02
-21.13519 -5.670163E-02
-22.13168 -5.772365E-02
-23.11834 -5.961165E-02
-24.10866 -.0671862
-25.10383 -.0707819
-26.08821 -7.414009E-02
-27.06672 -7.810853E-02
-28.05972 -8.240898E-02
-29.07388 -8.861304E-02
-30.0847 -9.235177E-02
-31.09612 -9.617025E-02
-32.11057 -9.859571E-02
-33.0952 -.1006111
-34.08454 -.1046489
-35.07985 -.1076612
-36.07885 -.1111902
-37.09443 -.1150893
-38.09885 -.1159327
-39.11015 -.1194313
-40.11382 -.1226127
-41.10961 -.1258053
-42.10815 -.1302817
-43.1139 -.133542
-44.09823 -.137559
-45.09554 -.14056
-46.09828 -.1446229
-47.1014 -.1490603
-48.09577 -.1534631
-49.1142 -.1563384
-50.52217 -.1827661
-51.42555 -.1482394
-52.21213 -.1471281
-53.56488 -.1915031
-54.04168 -.137656
-54.89514 -.1770657
-56.58426 -.213607
-57.03259 -.1415205
-57.98252 -.2081059
-59.34858 -.1994894
-59.78729 -.1708573
-60.94818 -.2202809
-62.45912 -.1983443
-63.15751 -.1993941
-64.44991 -.2391895
-65.41438 -.198379
-66.09947 -.2161165
-67.26833 -.2548847
-68.1536 -.1914147
-69.26001 -.2484067
-70.24153 -.2217744
-71.29144 -.218711
-72.20349 -.242884
-73.18717 -.2404837
-74.2851 -.2521897
-75.15865 -.2318871
-76.12367 -.2474792
-76.95621 -.2392224
-78.28644 -.2675641
-79.05089 -.2491669
-80.41972 -.2816826
-81.56398 -.2823708
-82.15929 -.2676257
-83.50798 -.3077939
-84.21002 -.2863731
-85.22685 -.2959006
-86.22594 -.3009457
-87.20656 -.3066791
-88.21773 -.3124853
-89.07816 -.2921472
-90.18039 -.3255557
-91.1563 -.3388453
-92.16101 -.3447876
-93.30519 -.3711642
-94.19943 -.3508373
-95.24031 -.3465777
-96.22218 -.348776
-97.20239 -.3604837
-98.19263 -.3650061
-99.20224 -.3727574
-100.1778 -.3810108
-101.1732 -.3849662
-102.162 -.3928459
-103.1171 -.3967094
-104.121 -.4085653
-105.13 -.4176942
-106.1383 -.4256259
-107.1684 -.4377072
-108.213 -.4435576
-109.1839 -.448047
-110.2098 -.4613904
-111.2132 -.4696992
-112.2288 -.4781467
-113.2274 -.4867502
-114.1339 -.4699402
-115.3087 -.6716427
-116.1678 -.467728
-116.7043 -.5336859
-118.3008 -.5417277
-119.0879 -.3841938
-120.2099 -.6106926
-121.74 -.5667311
-122.2507 -.5964979
-123.2641 -.5832793
-124.2647 -.5869678
-125.2492 -.6039511
-126.2199 -.6115378
-127.2158 -.6189997
-128.226 -.6530808
-129.1756 -.667604
-130.1748 -.6845354
-131.2018 -.6987864
-132.1834 -.6942728
-133.222 -.7010159
-134.1959 -.7221784
-135.1735 -.733724
-136.1511 -.7462916
-137.1441 -.7670518
-138.1464 -.7848293
-139.1617 -.8092797
-140.1335 -.8293394
-141.1509 -.857272
-142.1474 -.8641722
-143.1595 -.8824584
-144.1853 -.9008963
-145.1099 -.8825286
-146.1945 -.9260064
-147.1775 -.9452965
-148.1931 -.9709197
-149.2648 -1.011963
-150.203 -1.009097
-151.2053 -1.02689
-152.1673 -1.040684
-153.0852 -1.063217
-154.0717 -1.084629
-155.0645 -1.111202
-156.0711 -1.138868
-157.1205 -1.161463
-158.1237 -1.189539
-159.1438 -1.206798
-160.1798 -1.223192
-161.211 -1.251763
-162.2118 -1.274996
-163.2082 -1.301931
-164.1711 -1.326096
-165.1708 -1.347181
-166.1608 -1.377646
-167.1352 -1.392446
-168.1598 -1.420237
-169.1729 -1.444735
-170.1971 -1.462121
-171.2068 -1.498315
-172.2066 -1.522918
-173.1564 -1.546252
-174.15 -1.576214
-175.1864 -1.601823
-176.1748 -1.628756
-177.1977 -1.659864
-178.1972 -1.685444
-179.1443 -1.709182
-180.1624 -1.741876
-181.1515 -1.770292
-182.1218 -1.787868
-183.1204 -1.823947
-184.1258 -1.848536
-185.1206 -1.871913
-186.1292 -1.904004
-187.1471 -1.926027
-188.1398 -1.945866
-189.1566 -1.986038
-190.1616 -2.014562
-191.1754 -2.034478
-192.1562 -2.068049
-193.1432 -2.082802
-194.1482 -2.121882
-195.1284 -2.157043
-196.1367 -2.183225
-197.148 -2.222224
-198.1213 -2.237649
-199.106 -2.26677
-200.1213 -2.297205
-201.1045 -2.313311
-202.1243 -2.338411
-203.1774 -2.371591
-204.1537 -2.390311
-205.1442 -2.410307
-206.137 -2.443991
-207.0987 -2.462171
-208.1087 -2.496956
-209.1191 -2.528318
-210.1286 -2.559695
-211.1213 -2.580178
-212.1187 -2.612857
-213.1223 -2.63491
-214.1142 -2.655055
-215.1423 -2.683922
-216.1416 -2.696395
-217.1376 -2.730774
-218.1219 -2.75344
-219.114 -2.782068
-220.1249 -2.812317
-221.129 -2.837304
-222.162 -2.866858
-223.1668 -2.886994
-224.1519 -2.907248
-225.1366 -2.922137
-226.1328 -2.940533
-227.1265 -2.966009
-228.1356 -2.991099
-229.147 -3.015561
-230.1095 -3.036192
-231.1064 -3.055401
-232.1239 -3.078697
-233.1308 -3.101725
-234.1323 -3.126309
-235.1496 -3.155073
-236.1371 -3.170583
-237.1489 -3.184957
-238.1538 -3.200517
-239.1504 -3.214797
-240.1365 -3.240204
-241.1218 -3.26079
-242.1496 -3.277952
-243.1365 -3.290196
-244.1133 -3.293292
-245.1059 -3.312389
-246.1039 -3.332199
-247.1231 -3.349903
-248.1552 -3.375188
-249.1599 -3.390667
-250.1514 -3.403793
-251.1308 -3.416447
-252.1282 -3.429663
-253.1225 -3.445923
-254.1232 -3.458339
-255.1154 -3.473042
-256.0957 -3.482708
-257.0812 -3.496193
-258.0624 -3.511753
-259.0859 -3.533988
-260.0876 -3.549014
-261.1233 -3.554102
-262.1179 -3.5538
-263.0815 -3.55268
-264.1015 -3.561953
-265.075 -3.571719
-266.1121 -3.58572
-267.1326 -3.596174
-268.1161 -3.599847
-269.1214 -3.611587
-270.0927 -3.620505
-271.0916 -3.635497
-272.1024 -3.646413
-273.1325 -3.643581
-274.0994 -3.625407
-275.1238 -3.663254
-276.0971 -3.653515
-276.92 -3.649499
-277.9158 -3.68163
-278.968 -3.655692
-280.0167 -3.67123
-281.1304 -3.686691
-282.1672 -3.686708
-283.0684 -3.674217
-284.0827 -3.688357
-285.0689 -3.680686
-286.0722 -3.695799
-287.0823 -3.711376
-288.0322 -3.706396
-289.0646 -3.715926
-290.0536 -3.710856
-291.0487 -3.70902
-292.0762 -3.717918
-293.0876 -3.720807
-294.075 -3.719396
-295.0623 -3.709722
-296.0349 -3.711659
-297.0386 -3.718011
-298.0457 -3.715486
-299.0476 -3.712176
-300.066 -3.716637
-301.004 -3.703115
-302.0353 -3.712777
-303.0571 -3.721285
-304.0683 -3.71376
-305.1129 -3.720597
-306.0962 -3.715715
-307.0572 -3.711092
-307.9838 -3.696833
-309.0235 -3.710357
-310.0522 -3.71495
-311.1246 -3.721225
-312.1911 -3.723858
-313.1643 -3.715142
-314.0453 -3.694523
-315.0618 -3.691797
-316.0071 -3.700135
-317.0545 -3.710927
-318.1837 -3.720128
-319.0897 -3.707752
-320.0959 -3.704513
-321.062 -3.692033
-322.0476 -3.692758
-323.0624 -3.701701
-324.0467 -3.696533
-325.0477 -3.688802
-326.0633 -3.687356
-327.0529 -3.678811
-328.1267 -3.681995
-329.1096 -3.674995
-330.0946 -3.685075
-331.139 -3.683461
-332.0601 -3.670798
-333.0695 -3.680038
-334.0554 -3.665077
-335.0661 -3.666134
-336.0981 -3.669866
-337.0162 -3.662524
-338.0756 -3.67074
-339.0382 -3.662883
-340.0282 -3.657809
-341.069 -3.672228
-342.0646 -3.649882
-343.1114 -3.658815
-344.0973 -3.645605
-345.0988 -3.631461
-346.064 -3.637347
-347.0074 -3.625869
-348.0697 -3.641833
-349.0885 -3.638259
-350.0655 -3.646153
-351.0777 -3.649999
-352.0934 -3.643732
-352.9931 -3.634719
-354.0688 -3.627803
-355.0803 -3.62254
-356.0591 -3.616154
-357.0865 -3.620485
-358.061 -3.630364
-359.0224 -3.627298
-360.037 -3.638818
-361.0934 -3.633346
-362.0527 -3.622432
-363.0406 -3.61724
-364.0537 -3.617193
-365.038 -3.621046
-366.0558 -3.6227
-367.1116 -3.642932
-368.0801 -3.627584
-369.0654 -3.620982
-370.0375 -3.628457
-370.9516 -3.608743
-372.0446 -3.631652
-373.0492 -3.618948
-374.0403 -3.603139
-375.1086 -3.614027
-376.0645 -3.602659
-376.9637 -3.607537
-378.0255 -3.613448
-379.0221 -3.604093
-379.9517 -3.591288
-381.0619 -3.613146
-381.9916 -3.609871
-383.0093 -3.618915
-384.0017 -3.630322
-385.0057 -3.623188
-385.9962 -3.617157
-387.003 -3.635428
-387.9994 -3.621637
-388.9869 -3.619232
-390.0184 -3.62598
-390.9596 -3.600955
-392.0042 -3.612946
-393.0438 -3.616464
-393.9567 -3.609643
-395.0016 -3.626021
-395.9864 -3.62269
-396.905 -3.607868
-397.9694 -3.624757
-398.9922 -3.617504
-399.9944 -3.622151
-401.0609 -3.642994
-402.034 -3.637886
-403.0157 -3.639468
-403.9876 -3.638785
-404.9758 -3.642645
-405.9612 -3.639992
-406.958 -3.645765
-407.9107 -3.651966
-408.9116 -3.651393
-409.9145 -3.660798
-410.9116 -3.661326
-411.9849 -3.667115
-412.9308 -3.667813
-413.9284 -3.660379
-414.8934 -3.672095
-415.9111 -3.681416
-416.9555 -3.689235
-417.9882 -3.698435
-418.9753 -3.698732
-419.9589 -3.687485
-420.9517 -3.696468
-422.043 -3.702811
-423.0316 -3.693578
-424.0404 -3.714308
-424.9669 -3.706605
-425.8871 -3.700575
-426.9205 -3.719281
-427.9813 -3.707142
-429.0463 -3.698141
-430.0807 -3.712986
-431.0582 -3.705471
-431.9541 -3.720863
-432.8857 -3.737873
-433.9346 -3.743555
-434.8811 -3.729041
-435.8813 -3.741282
-436.9951 -3.755805
-437.9354 -3.753169
-438.9769 -3.780832
-439.9321 -3.762179
-440.9365 -3.772562
-441.9743 -3.789163
-443.0048 -3.787238
-444.0396 -3.804826
-445.0182 -3.800179
-446.035 -3.800059
-446.9731 -3.813184
-447.9286 -3.807402
-448.9118 -3.80945
-449.9437 -3.815408
-451.0169 -3.820733
-451.9724 -3.828293
-452.9667 -3.829469
-453.9681 -3.840141
-455.0123 -3.84705
-456.0639 -3.866221
-456.9484 -3.870283
-457.9419 -3.884743
-458.9547 -3.890682
-459.9621 -3.891469
-461.0486 -3.906218
-461.9847 -3.910917
-462.9877 -3.921256
-463.8842 -3.915571
-464.9364 -3.92803
-465.9466 -3.933665
-466.9395 -3.946601
-468.0228 -3.94392
-468.9825 -3.948179
-469.9932 -3.954834
-471.0714 -3.972999
-472.07 -3.998418
-473.0295 -4.009529
-474.053 -4.022868
-474.9422 -4.008463
-475.9803 -4.026226
-476.978 -4.025372
-477.9721 -4.033977
-478.9554 -4.042407
-479.9883 -4.045712
-481.01 -4.070051
-481.9981 -4.069131
-482.9955 -4.075052
-483.9885 -4.097755
-485.0029 -4.089745
-485.9777 -4.097743
-487.0178 -4.127691
-487.9961 -4.123299
-488.983 -4.142344
-489.9036 -4.153953
-490.9399 -4.162787
-491.9582 -4.175508
-492.9369 -4.195807
-494.0193 -4.213336
-494.9511 -4.217562
-495.9653 -4.236157
-497.0359 -4.246475
-497.9699 -4.241088
-498.9407 -4.260593
-499.9523 -4.266888
-500.9628 -4.276217
-501.9257 -4.305319
-502.9598 -4.308073
-503.9676 -4.315514
-504.9222 -4.327264
-506.0118 -4.332108
-506.8989 -4.334077
-507.9411 -4.359145
-508.9479 -4.369957
-509.8909 -4.366982
-510.9498 -4.399902
-511.9148 -4.397224
-512.9089 -4.395223
-513.8999 -4.418025
-514.9826 -4.415041
-515.9421 -4.422887
-516.9894 -4.44214
-517.9949 -4.455968
-518.9413 -4.470915
-519.9084 -4.47564
-520.9234 -4.491751
-521.9452 -4.500556
-522.9285 -4.508368
-523.9407 -4.525908
-524.9385 -4.533471
-525.9195 -4.548434
-526.9396 -4.564467
-527.9839 -4.577669
-528.8931 -4.591315
-529.9489 -4.603777
-531.0139 -4.624794
-531.9507 -4.641212
-533.0337 -4.653784
-533.9911 -4.656833
-534.9442 -4.654292
-535.9708 -4.673929
-536.9209 -4.683316
-537.9539 -4.703316
-538.8925 -4.722006
-539.8758 -4.720357
-540.9365 -4.747469
-541.9305 -4.748061
-542.9606 -4.755929
-543.9948 -4.783019
-545.0012 -4.774349
-545.8801 -4.79219
-546.9127 -4.81629
-547.9103 -4.810928
-548.8422 -4.848532
-549.9114 -4.878264
-550.9124 -4.893084
-551.8614 -4.924066
-552.8885 -4.94307
-553.8738 -4.9365
-554.9339 -4.969051
-555.9814 -4.970513
-556.9575 -4.968728
-558.032 -5.002023
-558.9504 -4.987617
-559.9227 -5.016608
-560.9622 -5.026811
-561.8991 -5.040373
-562.8409 -5.056299
-563.866 -5.061975
-564.8275 -5.084456
-565.907 -5.092866
-566.8824 -5.113362
-567.9542 -5.13343
-568.9551 -5.141662
-569.8971 -5.152588
-570.9578 -5.169649
-571.8821 -5.179852
-572.8882 -5.189049
-573.937 -5.216609
-574.9067 -5.235034
-575.927 -5.249574
-576.9424 -5.269569
-577.8875 -5.27006
-578.9244 -5.274298
-579.9289 -5.29945
-580.9189 -5.313457
-581.9218 -5.34314
-582.9225 -5.36056
-583.9071 -5.375814
-584.9329 -5.402172
-585.9568 -5.405262
-586.9117 -5.415523
-587.875 -5.428204
-588.9131 -5.443481
-589.8643 -5.456636
-590.8688 -5.477029
-591.8975 -5.496035
-592.857 -5.506126
-593.8954 -5.533226
-594.8766 -5.552061
-595.8896 -5.577383
-596.9248 -5.594516
