-599.3602 -3.866515
-599.1439 -3.861161
-598.6594 -3.851737
-597.9095 -3.83865
-596.9272 -3.820849
-595.903 -3.808812
-594.9036 -3.794923
-593.9079 -3.779196
-592.9078 -3.767762
-591.8889 -3.751101
-590.8774 -3.73922
-589.894 -3.727146
-588.8697 -3.709128
-587.913 -3.698763
-586.9223 -3.684756
-585.9225 -3.6748
-584.9517 -3.670396
-583.9315 -3.658558
-582.9526 -3.649605
-581.9529 -3.636673
-580.9553 -3.62366
-579.9661 -3.613905
-578.9344 -3.602053
-577.9271 -3.593801
-576.9115 -3.581411
-575.8976 -3.570772
-574.9139 -3.56262
-573.9158 -3.553133
-572.9009 -3.545445
-571.9159 -3.535809
-570.9296 -3.525402
-569.9371 -3.515476
-568.9528 -3.505817
-567.9483 -3.494943
-566.9358 -3.484155
-565.9124 -3.473308
-564.9105 -3.463559
-563.9078 -3.454641
-562.8776 -3.446724
-561.8824 -3.439781
-560.899 -3.433222
-559.9042 -3.4254
-558.936 -3.417474
-557.9641 -3.409034
-556.9628 -3.397437
-555.973 -3.386975
-554.9867 -3.375432
-553.9634 -3.363829
-552.9411 -3.354772
-551.9337 -3.345587
-550.9203 -3.334781
-549.9361 -3.327941
-548.9545 -3.32168
-547.9722 -3.316354
-546.9783 -3.311481
-545.9946 -3.302248
-544.9939 -3.292536
-543.9767 -3.282224
-542.966 -3.273523
-541.9395 -3.264983
-540.9081 -3.255207
-539.9211 -3.244137
-538.9174 -3.230086
-537.9332 -3.221384
-536.9685 -3.215987
-535.9566 -3.210758
-534.9626 -3.207804
-533.9604 -3.200031
-532.9561 -3.189821
-531.9631 -3.181635
-530.9792 -3.174407
-529.9848 -3.167933
-528.9854 -3.160414
-527.9679 -3.151729
-526.9531 -3.140958
-525.9635 -3.131547
-524.9715 -3.124208
-523.9827 -3.118628
-522.9878 -3.114073
-521.9574 -3.107817
-520.9681 -3.101451
-519.9641 -3.093109
-518.9747 -3.084696
-517.9989 -3.076658
-516.9871 -3.067669
-515.9724 -3.058943
-514.9437 -3.050443
-513.9285 -3.042255
-512.9134 -3.036857
-511.9301 -3.032513
-510.9497 -3.028167
-509.9564 -3.023131
-508.9445 -3.01506
-507.9495 -3.006618
-506.9611 -2.997374
-505.9592 -2.986611
-504.9863 -2.976783
-503.9762 -2.966927
-502.966 -2.958289
-501.954 -2.950646
-500.9439 -2.94106
-499.9485 -2.935485
-498.9604 -2.931857
-497.9646 -2.929286
-496.9653 -2.927728
-495.95 -2.921965
-494.9452 -2.913543
-493.9561 -2.904124
-492.9536 -2.894765
-491.9877 -2.886064
-490.969 -2.87902
-489.9426 -2.870438
-488.9421 -2.860873
-487.9284 -2.853699
-486.9225 -2.847674
-485.9455 -2.844389
-484.9547 -2.842908
-483.962 -2.838234
-482.9689 -2.830922
-481.9831 -2.825096
-480.9939 -2.818197
-480.0007 -2.811716
-479.0265 -2.806209
-478.0144 -2.797713
-476.9956 -2.78825
-475.9641 -2.781635
-474.9421 -2.775959
-473.9353 -2.772502
-472.9533 -2.770781
-471.9875 -2.766534
-470.9943 -2.761022
-470.0039 -2.755322
-468.9951 -2.748678
-467.9781 -2.742985
-466.9769 -2.736666
-465.9741 -2.729421
-464.9581 -2.722652
-463.9313 -2.715996
-462.919 -2.710801
-461.9253 -2.707923
-460.9433 -2.706754
-459.9671 -2.704659
-458.9913 -2.701487
-457.9911 -2.696318
-457.0013 -2.68902
-456.0085 -2.681935
-455.0091 -2.674615
-454.0037 -2.667725
-453.0002 -2.663578
-451.9963 -2.658021
-450.9632 -2.64989
-449.9779 -2.645891
-448.9964 -2.641322
-448.0054 -2.639353
-447.0268 -2.640116
-446.0015 -2.636039
-444.9745 -2.63063
-443.9714 -2.624932
-442.9706 -2.621516
-441.9704 -2.614395
-440.9966 -2.611602
-439.9969 -2.606319
-439.0073 -2.59857
-438.0376 -2.595315
-437.0068 -2.588758
-436.0117 -2.582871
-435.0075 -2.583592
-433.9967 -2.57979
-433.0113 -2.576178
-431.9905 -2.573691
-431.0095 -2.566071
-430.0061 -2.56354
-428.9949 -2.557984
-428.0122 -2.552135
-426.9983 -2.549334
-425.9929 -2.547866
-425.009 -2.546337
-424.0125 -2.546788
-422.9933 -2.543293
-422.0086 -2.539237
-420.9976 -2.538188
-419.9891 -2.534123
-418.9978 -2.530134
-417.9964 -2.524788
-416.9954 -2.51792
-415.9784 -2.51114
-414.9606 -2.50548
-413.949 -2.49947
-412.9237 -2.494877
-411.9296 -2.495446
-410.9544 -2.494218
-409.9323 -2.493761
-408.9451 -2.492614
-407.9631 -2.487452
-406.9543 -2.481394
-405.958 -2.475736
-404.9611 -2.469584
-403.9498 -2.465488
-402.9585 -2.462572
-401.998 -2.457217
-401.0122 -2.448484
-399.9989 -2.4419
-399.0015 -2.439183
-397.9779 -2.438708
-396.9565 -2.441184
-395.9662 -2.438629
-394.9654 -2.432605
-393.9858 -2.425166
-392.9988 -2.419789
-391.9895 -2.416183
-390.9915 -2.413656
-389.969 -2.411985
-388.9825 -2.403936
-387.998 -2.395812
-386.9879 -2.389496
-385.9923 -2.385004
-384.9969 -2.387245
-384.011 -2.386966
-383.0217 -2.384361
-382.028 -2.379956
-381.0164 -2.373432
-380.0018 -2.369949
-379.008 -2.366111
-378.0171 -2.361179
-377.0408 -2.355984
-376.0392 -2.350641
-375.0179 -2.346519
-374.013 -2.343699
-372.9932 -2.341883
-372.0133 -2.339964
-371.0297 -2.33774
-370.0322 -2.334372
-369.044 -2.329901
-368.0415 -2.323783
-367.0323 -2.317106
-366.0295 -2.30924
-365.0251 -2.30367
-364.033 -2.298469
-363.0437 -2.29338
-362.018 -2.28955
-361.0067 -2.286609
-359.9908 -2.285356
-358.9914 -2.282112
-358.0238 -2.280572
-357.0208 -2.274614
-356.0067 -2.266167
-355.0156 -2.259736
-354.0047 -2.250604
-353.0105 -2.246082
-352.039 -2.240633
-351.0354 -2.230857
-350.0324 -2.224455
-349.0369 -2.219472
-348.0453 -2.217932
-347.0368 -2.218616
-346.0396 -2.216213
-345.0427 -2.21052
-344.0194 -2.20213
-343.015 -2.195133
-342.0167 -2.19077
-341.0209 -2.183616
-340.041 -2.178401
-339.0537 -2.168913
-338.0614 -2.157616
-337.0598 -2.151083
-336.0272 -2.144392
-335.014 -2.14297
-334.0033 -2.142645
-333.0064 -2.136559
-332.0171 -2.131296
-331.0294 -2.12425
-330.052 -2.115224
-329.0509 -2.109468
-328.0628 -2.102676
-327.0627 -2.093612
-326.0718 -2.085433
-325.0663 -2.075935
-324.0652 -2.067549
-323.0385 -2.061
-322.0135 -2.056357
-321.0181 -2.051683
-320.0098 -2.044581
-319.0656 -2.03722
-318.0684 -2.025172
-317.0567 -2.011874
-316.0498 -1.999711
-315.0259 -1.987825
-314.023 -1.978421
-313.026 -1.969491
-312.0307 -1.961604
-311.0292 -1.951858
-310.0221 -1.942347
-309.0235 -1.933976
-308.0295 -1.923536
-307.0217 -1.912529
-306.0112 -1.899441
-305.0254 -1.885558
-304.014 -1.86921
-303.0063 -1.856823
-302.0289 -1.845473
-301.0211 -1.826303
-300.0547 -1.812727
-299.0736 -1.797918
-298.0775 -1.78372
-297.0691 -1.776674
-296.0536 -1.764229
-295.0586 -1.74962
-294.0561 -1.732321
-293.0696 -1.714749
-292.0673 -1.699951
-291.0473 -1.683377
-290.0476 -1.667795
-289.0494 -1.648347
-288.0592 -1.625044
-287.0851 -1.604786
-286.1013 -1.582974
-285.0943 -1.564761
-284.0831 -1.545306
-283.0802 -1.526729
-282.0713 -1.503813
-281.0985 -1.479813
-280.1124 -1.455105
-279.1111 -1.425767
-278.1232 -1.401553
-277.1165 -1.37148
-276.1349 -1.343609
-275.1434 -1.317314
-274.1348 -1.291041
-273.1434 -1.266578
-272.1215 -1.240785
-271.1063 -1.211546
-270.1019 -1.178932
-269.0663 -1.142295
-268.0671 -1.111366
-267.0707 -1.078355
-266.0671 -1.044626
-265.0963 -1.015196
-264.1016 -.9750355
-263.1052 -.9301456
-262.1139 -.8876239
-261.082 -.8420865
-260.0739 -.802285
-259.0442 -.7636443
-258.0302 -.7235966
-257.0356 -.6860125
-256.0274 -.6440161
-255.0498 -.6038809
-254.0597 -.5593776
-253.0626 -.5053589
-252.0693 -.4551777
-251.0707 -.3993204
-250.0682 -.3418273
-249.077 -.2918499
-248.0809 -.2351994
-247.0781 -.1814407
-246.0894 -.1303233
-245.0915 -7.264303E-02
-244.102 -1.611217E-02
-243.12 .0431328
-242.1068 .1102237
-241.114 .181068
-240.0951 .2556415
-239.082 .3255886
-238.0857 .3936304
-237.0724 .4629248
-236.1022 .5224055
-235.105 .5924445
-234.1177 .668014
-233.1204 .7356501
-232.0927 .8157853
-231.0883 .8973292
-230.084 .9714503
-229.0897 1.056282
-228.1034 1.139941
-227.1031 1.216837
-226.0983 1.299284
-225.0947 1.382079
-224.0774 1.465283
-223.0781 1.548909
-222.0815 1.637947
-221.085 1.735046
-220.0894 1.820457
-219.0706 1.912632
-218.07 2.002697
-217.0835 2.076706
-216.0959 2.163415
-215.1318 2.252875
-214.1131 2.341915
-213.083 2.444204
-212.0754 2.545551
-211.0658 2.643648
-210.0782 2.738485
-209.0917 2.829594
-208.0775 2.925305
-207.0655 3.005548
-206.066 3.083907
-205.0603 3.169966
-204.0883 3.239834
-203.0985 3.328857
-202.0807 3.42896
-201.1062 3.515333
-200.0847 3.610171
-199.0722 3.699479
-198.1016 3.775634
-197.0841 3.853122
-196.104 3.928067
-195.1117 4.007478
-194.0972 4.081735
-193.1011 4.155944
-192.11 4.239533
-191.1239 4.311305
-190.1334 4.38791
-189.1187 4.473772
-188.1112 4.533609
-187.1093 4.596103
-186.1324 4.658642
-185.1658 4.702331
-184.1725 4.762615
-183.162 4.823395
-182.1282 4.880573
-181.098 4.94204
-180.0934 4.992294
-179.0936 5.036961
-178.1187 5.07809
-177.1351 5.110096
-176.1366 5.152004
-175.1678 5.188042
-174.1658 5.217443
-173.1664 5.256103
-172.1634 5.280525
-171.1382 5.309528
-170.1275 5.344809
-169.1362 5.365556
-168.1313 5.387743
-167.1464 5.399103
-166.1638 5.400218
-165.1668 5.407162
-164.1772 5.41608
-163.1666 5.432962
-162.1405 5.451461
-161.1337 5.458213
-160.1213 5.463114
-159.1144 5.45654
-158.1368 5.450518
-157.1154 5.449539
-156.1276 5.433572
-155.1241 5.421493
-154.0985 5.407724
-153.1388 5.38542
-152.1571 5.381862
-151.1501 5.375764
-150.1788 5.362314
-149.1703 5.350672
-148.1402 5.32689
-147.1643 5.297118
-146.16 5.269701
-145.1579 5.244231
-144.1671 5.225209
-143.1653 5.201638
-142.1579 5.181146
-141.149 5.163561
-140.1802 5.132699
-139.1798 5.109509
-138.1881 5.082754
-137.1865 5.046043
-136.1727 5.018617
-135.1841 4.989487
-134.1861 4.956312
-133.1915 4.925849
-132.1566 4.899101
-131.1612 4.869473
-130.1481 4.843169
-129.1547 4.811121
-128.1742 4.777442
-127.168 4.740778
-126.1819 4.703311
-125.1718 4.677547
-124.1851 4.641102
-123.1804 4.611234
-122.184 4.582238
-121.1847 4.546154
-120.1888 4.517225
-119.1849 4.482057
-118.1692 4.448472
-117.172 4.417034
-116.1524 4.383235
-115.1457 4.352781
-114.1627 4.319502
-113.1724 4.291082
-112.1695 4.266903
-111.1756 4.237761
-110.1619 4.20676
-109.1349 4.17439
-108.1378 4.136388
-107.1298 4.104109
-106.1056 4.07739
-105.1115 4.044642
-104.1007 4.014822
-103.1136 3.986362
-102.1199 3.956305
-101.1265 3.932064
-100.1269 3.907015
-99.09885 3.880649
-98.11358 3.850075
-97.12269 3.815351
-96.12666 3.785469
-95.14365 3.756378
-94.13771 3.733051
-93.11369 3.712424
-92.12722 3.688387
-91.12511 3.66617
-90.12782 3.644091
-89.14883 3.617121
-88.14607 3.596518
-87.1503 3.573446
-86.15707 3.549899
-85.14764 3.527777
-84.14629 3.500386
-83.17163 3.475302
-82.17223 3.451545
-81.16409 3.431925
-80.14664 3.41589
-79.13446 3.396625
-78.12633 3.375917
-77.15741 3.353896
-76.17894 3.329787
-75.18087 3.31631
-74.19423 3.302473
-73.20282 3.281948
-72.21374 3.265434
-71.21848 3.239681
-70.23953 3.216143
-69.20857 3.199954
-68.19044 3.180791
-67.1636 3.164408
-66.15614 3.145185
-65.17702 3.126968
-64.18474 3.110974
-63.20573 3.098042
-62.21806 3.090606
-61.21475 3.079945
-60.21346 3.06318
-59.21891 3.044252
-58.18158 3.024716
-57.17863 3.004814
-56.18258 2.991461
-55.16299 2.979799
-54.15741 2.964538
-53.15548 2.953584
-52.15939 2.941847
-51.16392 2.930516
-50.17231 2.918331
-49.17816 2.905925
-48.17447 2.893779
-47.19051 2.876095
-46.22165 2.862168
-45.21041 2.85166
-44.20978 2.837763
-43.21454 2.830752
-42.19813 2.825588
-41.19245 2.816304
-40.17918 2.810633
-39.14875 2.802105
-38.13726 2.789916
-37.13966 2.779707
-36.13559 2.769232
-35.13931 2.758609
-34.14709 2.746619
-33.14358 2.734954
-32.14682 2.727739
-31.15996 2.719736
-30.15275 2.715613
-29.14421 2.712879
-28.13412 2.703563
-27.11928 2.693034
-26.12884 2.6847
-25.14791 2.675822
-24.17145 2.672066
-23.18067 2.665266
-22.17411 2.656259
-21.1756 2.645042
-20.16322 2.632667
-19.15598 2.626485
-18.16224 2.620909
-17.16591 2.613527
-16.1704 2.606953
-15.17824 2.598495
-14.18765 2.589754
-13.17898 2.590188
-12.18466 2.588128
-11.18188 2.583358
-10.14629 2.578988
-9.157438 2.565559
-8.156458 2.55448
-7.157671 2.54546
-6.187135 2.536189
-5.173956 2.530296
-4.185772 2.52327
-3.202024 2.514886
-2.212925 2.509748
-1.242256 2.505051
-.2687949 2.500606
.7198219 2.498448
1.706877 2.491187
2.705813 2.481553
3.700961 2.471326
4.682265 2.462826
5.686437 2.457014
6.675984 2.451847
7.686071 2.450185
8.707492 2.447546
9.692303 2.443174
10.69569 2.440126
11.68044 2.435635
12.66116 2.432753
13.6598 2.429678
14.64359 2.423393
15.64704 2.419217
16.6549 2.408258
17.64109 2.403537
18.64336 2.408132
19.62367 2.401452
20.61195 2.406907
21.62073 2.405087
22.62287 2.397269
23.65302 2.397412
24.66013 2.39429
25.65599 2.391172
26.63756 2.38687
27.61679 2.379521
28.59469 2.370928
29.591 2.365315
30.58766 2.361617
31.60803 2.363001
32.61772 2.363681
33.6209 2.363728
34.64089 2.366452
35.62538 2.362655
36.6297 2.36605
37.6522 2.370155
38.64944 2.364421
39.64881 2.3657
40.66231 2.360563
41.66101 2.35495
42.67062 2.355812
43.65509 2.355275
44.64164 2.356148
45.62138 2.357097
46.60032 2.359991
47.63322 2.366668
48.63976 2.368896
49.6395 2.372853
50.66239 2.375987
51.64062 2.374128
52.64577 2.375348
53.65227 2.37637
54.6437 2.375502
55.6477 2.37917
56.63572 2.382891
57.63055 2.388939
58.62537 2.399153
59.6321 2.407334
60.64137 2.415412
61.63166 2.422025
62.62978 2.424777
63.61295 2.429732
64.59406 2.432885
65.59522 2.435839
66.61518 2.44266
67.62159 2.447346
68.64193 2.456529
69.66164 2.468339
70.64205 2.479551
71.64248 2.495698
72.63029 2.511501
73.61523 2.525381
74.60765 2.538608
75.58942 2.540851
76.56536 2.53993
77.56895 2.538161
78.56604 2.539398
79.58705 2.547577
80.59936 2.557059
81.57663 2.568077
82.59462 2.576736
83.57935 2.581251
84.59662 2.590261
85.62367 2.600513
86.60851 2.613246
87.61479 2.630089
88.60215 2.640076
89.59223 2.646029
90.58236 2.652579
91.60397 2.658405
92.60342 2.666008
93.60833 2.675304
94.61029 2.683107
95.59427 2.693008
96.5859 2.703255
97.58321 2.716298
98.60533 2.730336
99.15825 2.653671
99.20264 2.538171
98.74446 2.389825
97.76002 2.212977
96.75519 2.106911
95.76572 2.022407
94.7597 1.948943
93.76987 1.887204
92.74345 1.831671
91.72532 1.783486
90.72295 1.741126
89.72701 1.700975
88.74583 1.662172
87.75952 1.620238
86.75791 1.581886
85.7504 1.546467
84.73241 1.511575
83.71224 1.484328
82.72095 1.460236
81.72581 1.434515
80.7336 1.410698
79.72777 1.38398
78.72769 1.354627
77.74131 1.330304
76.75047 1.305559
75.79211 1.284872
74.79475 1.264347
73.78988 1.243413
72.78278 1.228389
71.76859 1.211522
70.76091 1.197362
69.77515 1.184756
68.7739 1.166951
67.7732 1.149925
66.76559 1.134459
65.73505 1.117374
64.76569 1.106742
63.76379 1.101095
62.76492 1.091237
61.78191 1.077844
60.75731 1.060934
59.75688 1.041722
58.76571 1.025457
57.7674 1.012802
56.77963 1.001734
55.78429 .9884015
54.78708 .977312
53.7949 .9680696
52.77839 .959473
51.76691 .9528086
50.79597 .9450225
49.79385 .9341609
48.80053 .9228537
47.81404 .9114841
46.77837 .9013445
45.7828 .8985072
44.786 .8961772
43.77177 .8909163
42.79585 .8833894
41.76659 .869004
40.76552 .8557498
39.77571 .8421177
38.77715 .8331302
37.79281 .8258096
36.79766 .8154993
35.79115 .8082246
34.77366 .8006796
33.76032 .7918629
32.76278 .7876447
31.76987 .7790915
30.77935 .7743481
29.80035 .7693377
28.8015 .758438
27.80803 .7558573
26.80273 .7481632
25.79613 .7414225
24.79738 .7406744
23.79321 .7303996
22.79577 .7217658
21.81634 .7146159
20.81355 .7055808
19.81197 .7009821
18.80848 .693997
17.80504 .6852228
16.80115 .6760307
15.81052 .6690273
14.82875 .6631475
13.82902 .6567051
12.8573 .6553138
11.86962 .64929
10.85581 .6396975
9.867156 .6340958
8.848246 .6237968
7.833239 .6182351
6.832375 .6143395
5.818665 .60864
4.826758 .5986512
3.815757 .5871983
2.8297 .5790196
1.850804 .5702557
.8700312 .5641288
-9.222946E-02 .5588176
-1.038072 .5528667
-2.020158 .545
-3.027121 .5359284
-4.022916 .5274705
-5.042808 .5170579
-6.055305 .5104421
-7.024146 .5071247
-7.995945 .5005062
-9.014225 .4928901
-9.990278 .4886763
-11.00636 .4783773
-12.02292 .4705314
-12.99982 .4632143
-14.01321 .4491366
-15.01416 .439251
-16.01279 .4301335
-17.02207 .4225
-18.02644 .418008
-19.03762 .4127792
-20.0528 .4067805
-21.06572 .3991115
-22.07475 .3893091
-23.06855 .3792389
-24.05695 .3689485
-25.04921 .3591106
-26.03111 .3520986
-27.02308 .3459301
-28.0272 .3388523
-29.01619 .3309778
-30.02298 .3202366
-31.01617 .308379
-32.00508 .2971143
-33.01218 .2871004
-34.01698 .2783642
-35.01609 .27
-36.00962 .2635064
-37.00336 .2587803
-37.9998 .2534189
-38.99059 .2493342
-39.99697 .2419548
-41.00867 .2325902
-42.00425 .222526
-43.0242 .2108348
-44.03076 .2027133
-45.0049 .1980799
-46.01025 .1951508
-46.98451 .1928511
-47.9883 .1843559
-48.98582 .1701916
-49.96683 .1567727
-50.97668 .1424809
-51.97318 .131042
-52.98719 .1211338
-54.00253 .111354
-55.02034 .1043819
-56.02306 9.730496E-02
-57.05113 9.416956E-02
-58.03136 .0903294
-59.01494 7.950156E-02
-60.01118 7.333131E-02
-60.9826 6.351248E-02
-62.0009 4.995579E-02
-63.00543 4.392163E-02
-63.99576 .0381588
-64.9866 3.272711E-02
-65.97749 2.880028E-02
-66.98138 1.798197E-02
-67.98637 2.60749E-03
-69.00251 -1.478675E-02
-70.00385 -3.028519E-02
-71.01353 -4.122486E-02
-72.02026 -5.567961E-02
-73.01878 -6.714979E-02
-74.03447 -7.742459E-02
-75.047 -9.197816E-02
-76.05009 -.1012067
-77.03392 -.1087847
-78.00811 -.1236911
-78.97265 -.1334267
-79.96653 -.1451907
-80.97723 -.1613029
-81.99076 -.1725581
-83.0237 -.1839563
-84.02031 -.1938575
-85.02373 -.2103762
-86.0407 -.2271134
-86.99993 -.2455028
-88.015 -.2684665
-89.00153 -.2863774
-89.95125 -.302715
-90.98629 -.3258608
-91.95481 -.3483313
-92.97084 -.3679447
-94.00192 -.3919027
-94.97942 -.4110593
-95.99493 -.4290742
-96.9718 -.4458226
-97.95733 -.4627505
-98.9429 -.4809553
-99.93746 -.500111
-100.9396 -.5274185
-101.9486 -.5509908
-102.9527 -.5759847
-103.9545 -.6060931
-104.9553 -.6371741
-105.9777 -.6689883
-106.9937 -.7040308
-107.993 -.7349758
-109.003 -.7636703
-109.9969 -.7972816
-111.0037 -.8289164
-112.0199 -.864733
-113.0288 -.902988
-114.0289 -.9372677
-115.0098 -.9754274
-115.9815 -1.012629
-116.9734 -1.047775
-117.9728 -1.089869
-119.0024 -1.12968
-120.0199 -1.171661
-121.0317 -1.218229
-122.0337 -1.260791
-123.0277 -1.314212
-124.0418 -1.362657
-125.044 -1.41006
-126.0533 -1.46111
-127.0519 -1.50474
-128.0357 -1.549081
-129.0209 -1.598575
-130.0141 -1.646127
-131.0082 -1.700541
-132.0294 -1.76111
-133.0552 -1.820075
-134.0456 -1.882297
-135.0422 -1.942926
-136.0345 -2.00574
-137.0166 -2.069396
-137.9994 -2.131825
-138.9963 -2.198483
-139.981 -2.262223
-140.9651 -2.325582
-141.9784 -2.395368
-142.9803 -2.463033
-143.9787 -2.536881
-144.9857 -2.613695
-145.9892 -2.689343
-146.9864 -2.769745
-147.9925 -2.849188
-148.9961 -2.931923
-150.0014 -3.014977
-151.0072 -3.092444
-151.9983 -3.170573
-152.9912 -3.245831
-153.9528 -3.316859
-154.9581 -3.405439
-155.9481 -3.495088
-156.9492 -3.589218
-157.9807 -3.688609
-158.9703 -3.77743
-159.964 -3.86582
-160.9771 -3.960627
-161.9521 -4.053422
-162.9661 -4.148905
-163.9767 -4.244177
-164.9469 -4.334803
-165.9733 -4.430128
-166.9482 -4.525689
-167.9615 -4.632699
-168.9886 -4.739371
-169.983 -4.836816
-170.9984 -4.942286
-172.0003 -5.030831
-173.003 -5.113609
-174.0143 -5.213901
-175.0161 -5.303328
-176.0055 -5.401659
-176.9957 -5.510119
-177.9853 -5.61222
-178.9668 -5.708361
-179.956 -5.804248
-180.9604 -5.904654
-181.9537 -5.998574
-182.9588 -6.093271
-183.9777 -6.192215
-184.9601 -6.280693
-185.9542 -6.362381
-186.9545 -6.467741
-187.9463 -6.563942
-188.9555 -6.654467
-189.9727 -6.754184
-190.9625 -6.829861
-191.9465 -6.897455
-192.9278 -6.972855
-193.9155 -7.047156
-194.9193 -7.126123
-195.9344 -7.20824
-196.9563 -7.290845
-197.9448 -7.368855
-198.9498 -7.438677
-199.9475 -7.513963
-200.9376 -7.578777
-201.9394 -7.626409
-202.9173 -7.684247
-203.8984 -7.731102
-204.8846 -7.771617
-205.8807 -7.835796
-206.8953 -7.893857
-207.9014 -7.954512
-208.9157 -8.016783
-209.9139 -8.062516
-210.9237 -8.102333
-211.9207 -8.124252
-212.9262 -8.147617
-213.9535 -8.175295
-214.9488 -8.192203
-215.9483 -8.225325
-216.94 -8.25456
-217.9227 -8.270706
-218.924 -8.300947
-219.9534 -8.321163
-220.9578 -8.332308
-221.9867 -8.348753
-222.987 -8.340267
-223.9837 -8.330655
-224.9865 -8.325556
-225.9568 -8.31572
-226.9481 -8.31432
-227.9398 -8.318437
-228.944 -8.312643
-229.9522 -8.304953
-230.9358 -8.284063
-231.9391 -8.259331
-232.9297 -8.239513
-233.9243 -8.214585
-234.9361 -8.206212
-235.9102 -8.187918
-236.9089 -8.162397
-237.9222 -8.151502
-238.9331 -8.125692
-239.9511 -8.099312
-240.9655 -8.073124
-241.9473 -8.032902
-242.9433 -7.988399
-243.9412 -7.948868
-244.9087 -7.914005
-245.9108 -7.879383
-246.895 -7.845458
-247.902 -7.818162
-248.9316 -7.777875
-249.9423 -7.728338
-250.9626 -7.690968
-251.9577 -7.641289
-252.9327 -7.598308
-253.9212 -7.568255
-254.9093 -7.528501
-255.8815 -7.487097
-256.9029 -7.451267
-257.8945 -7.413769
-258.9188 -7.376729
-259.9458 -7.33907
-260.9281 -7.293728
-261.9481 -7.245398
-262.9384 -7.190282
-263.9513 -7.142209
-264.9829 -7.096819
-265.9753 -7.044539
-266.9848 -7.006068
-267.9695 -6.961837
-268.9267 -6.907591
-269.9203 -6.869449
-270.9164 -6.825031
-271.9175 -6.784571
-272.9518 -6.748908
-273.9578 -6.709293
-274.9489 -6.670252
-275.9442 -6.622949
-276.9437 -6.586337
-277.955 -6.546191
-278.9507 -6.502643
-279.9597 -6.468859
-280.9531 -6.425217
-281.9353 -6.380662
-282.924 -6.345206
-283.922 -6.300962
-284.9046 -6.26421
-285.9068 -6.234302
-286.9177 -6.19411
-287.8995 -6.158586
-288.9171 -6.120259
-289.9279 -6.082481
-290.9433 -6.042534
-291.9633 -6.004404
-292.9532 -5.969979
-293.9436 -5.933072
-294.9303 -5.895726
-295.9304 -5.865917
-296.9285 -5.834993
-297.92 -5.801431
-298.9065 -5.775997
-299.9107 -5.742989
-300.8999 -5.708305
-301.913 -5.675723
-302.9034 -5.639851
-303.8784 -5.606561
-304.8904 -5.576444
-305.8648 -5.546319
-306.8599 -5.518266
-307.8475 -5.490897
-308.8346 -5.463981
-309.8612 -5.438399
-310.8687 -5.412708
-311.8959 -5.388039
-312.899 -5.359928
-313.9032 -5.329534
-314.9015 -5.303303
-315.8957 -5.274734
-316.9069 -5.247909
-317.895 -5.225082
-318.9072 -5.199143
-319.917 -5.173527
-320.9125 -5.150131
-321.9096 -5.12387
-322.9301 -5.098172
-323.9095 -5.073033
-324.91 -5.047672
-325.9194 -5.025431
-326.9063 -5.004412
-327.94 -4.984953
-328.9451 -4.965091
-329.9465 -4.94397
-330.9407 -4.924004
-331.9352 -4.902813
-332.9235 -4.879303
-333.8995 -4.857252
-334.8925 -4.833137
-335.8568 -4.811572
-336.8582 -4.79275
-337.8782 -4.773175
-338.8845 -4.754386
-339.901 -4.735935
-340.891 -4.716173
-341.8716 -4.692943
-342.8657 -4.671206
-343.8657 -4.652536
-344.8839 -4.634104
-345.8842 -4.619436
-346.894 -4.607656
-347.8888 -4.592629
-348.8911 -4.576939
-349.8972 -4.563148
-350.9031 -4.544317
-351.9188 -4.52397
-352.8903 -4.504554
-353.8918 -4.485214
-354.8835 -4.466582
-355.8663 -4.451539
-356.8778 -4.438615
-357.8732 -4.424019
-358.8621 -4.40868
-359.8509 -4.393371
-360.8641 -4.373756
-361.8649 -4.354026
-362.8663 -4.341535
-363.8799 -4.326331
-364.8589 -4.316741
-365.8661 -4.309795
-366.8812 -4.299072
-367.883 -4.287581
-368.8958 -4.274794
-369.8876 -4.261213
-370.8807 -4.24554
-371.8681 -4.231241
-372.8451 -4.215906
-373.8302 -4.2008
-374.8257 -4.186181
-375.8245 -4.173132
-376.8476 -4.161867
-377.8561 -4.150691
-378.8553 -4.13819
-379.8625 -4.12197
-380.8455 -4.105219
-381.8522 -4.093616
-382.8352 -4.086426
-383.822 -4.081351
-384.824 -4.07725
-385.8145 -4.067663
-386.8051 -4.057551
-387.8199 -4.047403
-388.8412 -4.036926
-389.8452 -4.027326
-390.8577 -4.0149
-391.844 -4.003193
-392.8305 -3.990072
-393.8298 -3.97653
-394.847 -3.965135
-395.8496 -3.95527
-396.8294 -3.946685
-397.8325 -3.93596
-398.8149 -3.922073
-399.8138 -3.910717
-400.8354 -3.902565
-401.8402 -3.897275
-402.8264 -3.895289
-403.8219 -3.89001
-404.8181 -3.881701
-405.8107 -3.874208
-406.8149 -3.866006
-407.8109 -3.858854
-408.797 -3.850199
-409.7771 -3.841177
-410.7853 -3.83156
-411.8031 -3.822293
-412.7975 -3.813815
-413.8101 -3.805872
-414.8126 -3.797721
-415.8077 -3.78897
-416.8207 -3.78025
-417.8323 -3.768065
-418.8367 -3.760421
-419.8347 -3.75557
-420.8295 -3.752862
-421.8102 -3.751567
-422.7888 -3.745686
-423.7808 -3.740188
-424.811 -3.730911
-425.8402 -3.723786
-426.8704 -3.718501
-427.902 -3.711784
-428.8968 -3.707698
-429.9084 -3.700967
-430.8961 -3.692536
-431.8929 -3.683235
-432.8898 -3.674425
-433.8719 -3.669797
-434.8654 -3.66509
-435.8506 -3.660444
-436.8466 -3.654992
-437.8378 -3.64964
-438.8605 -3.643878
-439.8535 -3.640143
-440.8665 -3.638313
-441.8613 -3.634049
-442.8741 -3.631397
-443.8793 -3.624757
-444.8734 -3.618186
-445.8996 -3.610677
-446.8721 -3.603332
-447.8668 -3.597899
-448.8413 -3.591346
-449.8154 -3.58731
-450.8171 -3.583072
-451.8066 -3.581093
-452.8262 -3.57719
-453.828 -3.56939
-454.8118 -3.56069
-455.8373 -3.55527
-456.8323 -3.552938
-457.8081 -3.556023
-458.817 -3.559704
-459.8087 -3.558986
-460.7888 -3.554747
-461.8067 -3.549302
-462.8167 -3.546899
-463.8129 -3.543169
-464.857 -3.540778
-465.8646 -3.537826
-466.8598 -3.53205
-467.8588 -3.52628
-468.8171 -3.52196
-469.8207 -3.518316
-470.8237 -3.514746
-471.8181 -3.512517
-472.8558 -3.50488
-473.8548 -3.498838
-474.8615 -3.495958
-475.8865 -3.495055
-476.8679 -3.500335
-477.8623 -3.501733
-478.8547 -3.500971
-479.8474 -3.498473
-480.8462 -3.493573
-481.8437 -3.491148
-482.8536 -3.490622
-483.8335 -3.488317
-484.8207 -3.488354
-485.8217 -3.487184
-486.7895 -3.482004
-487.785 -3.478824
-488.7956 -3.47456
-489.782 -3.470466
-490.8015 -3.469434
-491.8153 -3.467707
-492.8091 -3.465328
-493.8268 -3.465499
-494.8175 -3.465403
-495.8229 -3.46553
-496.8533 -3.466418
-497.8348 -3.464
-498.8391 -3.460963
-499.8265 -3.457093
-500.8187 -3.454476
-501.8345 -3.45225
-502.8452 -3.451182
-503.8324 -3.450247
-504.8048 -3.448472
-505.7924 -3.446514
-506.7815 -3.444988
-507.7736 -3.443669
-508.7747 -3.44231
-509.7819 -3.441791
-510.7747 -3.43953
-511.7698 -3.439607
-512.7706 -3.439793
-513.7725 -3.440753
-514.7697 -3.442997
-515.79 -3.442437
-516.803 -3.440794
-517.7939 -3.437903
-518.7854 -3.433952
-519.7807 -3.429684
-520.767 -3.426768
-521.7658 -3.423938
-522.7814 -3.423292
-523.7955 -3.423814
-524.7877 -3.423954
-525.7957 -3.425631
-526.8036 -3.423526
-527.7996 -3.421435
-528.8127 -3.420269
-529.8124 -3.418585
-530.8065 -3.419129
-531.8112 -3.421134
-532.8058 -3.4238
-533.8254 -3.426135
-534.8292 -3.427075
-535.8368 -3.425914
-536.8536 -3.422753
-537.8248 -3.417583
-538.8087 -3.414136
-539.7922 -3.41287
-540.7784 -3.411267
-541.7876 -3.412025
-542.8121 -3.41222
-543.8129 -3.410958
-544.8194 -3.411465
-545.8264 -3.407886
-546.804 -3.402282
-547.8 -3.40169
-548.7897 -3.401529
-549.7847 -3.405018
-550.7781 -3.411
-551.7758 -3.412296
-552.7756 -3.413251
-553.7777 -3.413898
-554.7894 -3.413196
-555.7908 -3.412623
-556.7882 -3.410785
-557.7709 -3.408847
-558.7794 -3.408204
-559.7957 -3.408107
-560.7836 -3.406771
-561.7825 -3.406838
-562.7643 -3.407548
-563.7477 -3.405386
-564.7528 -3.402569
-565.7743 -3.39863
-566.7828 -3.396019
-567.7859 -3.399072
-568.7993 -3.404153
-569.772 -3.40966
-570.7764 -3.413128
-571.7635 -3.413532
-572.7587 -3.414515
-573.7872 -3.416159
-574.7925 -3.415838
-575.7803 -3.415769
-576.7886 -3.415288
-577.7615 -3.414384
-578.7593 -3.414806
-579.7881 -3.415109
-580.7921 -3.415704
-581.8123 -3.417264
-582.7947 -3.417677
-583.7893 -3.419156
-584.787 -3.418903
-585.7698 -3.41857
-586.7659 -3.419099
-587.7513 -3.42083
-588.7318 -3.425706
-589.7339 -3.429804
-590.7612 -3.433203
-591.765 -3.434024
-592.769 -3.435267
-593.7772 -3.434454
-594.7568 -3.43469
-595.7549 -3.43657
-596.7611 -3.436166
