200.2115 0.115073 -0.07414 -0.072914
200.47 0.131235 -0.046477 -0.04953
200.9866 0.150771 -0.013962 -0.019641
201.7475 0.171458 0.018161 0.012828
202.7579 0.194834 0.053426 0.049621
203.752 0.201707 0.060824 0.062792
204.7444 0.206657 0.064185 0.072491
205.7377 0.211523 0.069769 0.081564
206.7327 0.215187 0.07477 0.089595
207.734 0.219026 0.079445 0.097345
208.722 0.222306 0.085523 0.104531
209.6898 0.225489 0.091553 0.111627
210.6959 0.229751 0.097736 0.118464
211.6981 0.23296 0.101922 0.12508
212.6979 0.237549 0.105828 0.13262
213.7255 0.241491 0.105829 0.139705
214.715 0.24391 0.11125 0.144736
215.6992 0.247202 0.116996 0.150707
216.6996 0.250807 0.120553 0.15423
217.682 0.252952 0.124051 0.156169
218.6755 0.255965 0.122348 0.159754
219.6754 0.258182 0.123497 0.16227
220.6754 0.259033 0.127669 0.165633
221.6768 0.260888 0.134762 0.168894
222.669 0.262661 0.141869 0.172347
223.6731 0.265442 0.147761 0.177716
224.6781 0.26783 0.151527 0.182847
225.6958 0.270845 0.15537 0.188643
226.7241 0.27433 0.158794 0.194197
227.7119 0.276323 0.158735 0.19584
228.7099 0.279768 0.160956 0.198558
229.7032 0.283487 0.163171 0.201426
230.6703 0.285252 0.162867 0.20196
231.6652 0.288409 0.167157 0.204674
232.6559 0.290574 0.171786 0.206726
233.6283 0.29117 0.175372 0.207316
234.6304 0.29307 0.181009 0.210549
235.6357 0.294914 0.186324 0.213023
236.6216 0.297054 0.190481 0.215327
237.6269 0.299651 0.194873 0.217882
238.6232 0.302058 0.195588 0.219293
239.6283 0.305988 0.191179 0.223242
240.6485 0.309232 0.178548 0.225061
241.6523 0.313517 0.173259 0.227552
242.6545 0.317882 0.17264 0.230314
243.6425 0.318549 0.175527 0.229137
244.6276 0.320887 0.183954 0.230045
245.6391 0.323221 0.187252 0.231914
246.6438 0.324871 0.187854 0.231915
247.6535 0.328514 0.189887 0.233473
248.6385 0.330978 0.193564 0.235803
249.6376 0.333066 0.194765 0.236907
250.6464 0.336487 0.196752 0.240282
251.6494 0.340294 0.197366 0.244329
252.6751 0.345177 0.198393 0.247989
253.6766 0.348935 0.198319 0.250373
254.6723 0.350951 0.198419 0.24995
255.671 0.354028 0.199813 0.250173
256.6625 0.355767 0.200211 0.247848
257.645 0.358857 0.201963 0.247787
258.6417 0.364058 0.205493 0.250391
259.6265 0.366357 0.206386 0.250736
260.6261 0.369057 0.208749 0.253533
261.6388 0.372383 0.21086 0.255776
262.6427 0.374936 0.209251 0.257707
263.6594 0.380137 0.209888 0.262197
264.6708 0.385876 0.209529 0.265399
265.6709 0.390504 0.209042 0.267658
266.657 0.394888 0.209227 0.269053
267.645 0.397644 0.209048 0.270124
268.6279 0.400348 0.209426 0.274079
269.6142 0.403621 0.210013 0.276806
270.6055 0.405973 0.212278 0.278774
271.5971 0.410178 0.216241 0.280936
272.6005 0.414058 0.217373 0.280111
273.6 0.418508 0.218494 0.280802
274.6377 0.425065 0.219548 0.283027
275.6478 0.429672 0.216263 0.283268
276.6461 0.434942 0.216089 0.285021
277.6656 0.439879 0.216541 0.288609
278.6504 0.444367 0.215168 0.291629
279.6527 0.449041 0.216592 0.295468
280.6626 0.452873 0.217697 0.29826
281.6443 0.455829 0.218571 0.300214
282.6397 0.458722 0.221041 0.301882
283.6363 0.462738 0.222971 0.302727
284.6155 0.467418 0.224049 0.30429
285.6133 0.472807 0.224055 0.305285
286.6075 0.477199 0.222658 0.306265
287.6079 0.482131 0.222535 0.309061
288.6102 0.486597 0.221636 0.311426
289.6152 0.492563 0.221581 0.31482
290.616 0.500316 0.2242 0.319232
291.6158 0.505774 0.223757 0.321396
292.6098 0.511416 0.225186 0.322695
293.618 0.515651 0.226946 0.323691
294.6161 0.518385 0.226055 0.323481
295.6039 0.523277 0.227537 0.326719
296.6228 0.52859 0.227956 0.330761
297.6175 0.533468 0.228437 0.333575
298.6401 0.539331 0.229591 0.3385
299.6542 0.54485 0.229508 0.342764
300.636 0.550416 0.22899 0.348441
301.649 0.557603 0.228636 0.354895
302.6459 0.565043 0.228457 0.359374
303.6718 0.572725 0.230406 0.361566
304.7094 0.578634 0.231289 0.360018
305.6813 0.58414 0.231283 0.358643
306.6761 0.589235 0.232064 0.357761
307.6498 0.593804 0.230059 0.357151
308.6224 0.599753 0.231346 0.359281
309.6568 0.606412 0.233278 0.362306
310.6257 0.612376 0.233462 0.364287
311.6267 0.620204 0.234307 0.368951
312.6442 0.628975 0.233483 0.374218
313.6212 0.636592 0.23113 0.378984
314.6431 0.645402 0.231143 0.385364
315.6483 0.652633 0.231547 0.389979
316.6586 0.659699 0.232139 0.394399
317.6696 0.666108 0.232833 0.396313
318.6497 0.672116 0.231659 0.397843
319.6343 0.679538 0.231799 0.400656
320.6052 0.685861 0.231399 0.402282
321.6007 0.694002 0.233498 0.406965
322.6144 0.704408 0.235658 0.41406
323.619 0.713267 0.23424 0.418568
324.6317 0.722894 0.234096 0.425096
325.6315 0.732591 0.232856 0.432803
326.6431 0.739735 0.230926 0.437943
327.629 0.749052 0.232954 0.445153
328.6285 0.759429 0.234496 0.451957
329.6292 0.768645 0.234248 0.456539
330.6384 0.778235 0.235903 0.460904
331.6547 0.786368 0.236513 0.465134
332.6447 0.79429 0.236814 0.469748
333.6564 0.803543 0.237807 0.475534
334.6301 0.813755 0.237414 0.483197
335.6277 0.825168 0.237971 0.491812
336.6245 0.835645 0.23671 0.500382
337.571 0.845487 0.23691 0.507477
338.5741 0.856295 0.238389 0.51566
339.5685 0.866307 0.236878 0.5219
340.556 0.878704 0.238309 0.528027
341.6027 0.892337 0.239959 0.536089
342.6101 0.903572 0.239667 0.541215
343.6258 0.915074 0.240903 0.547043
344.645 0.925878 0.241119 0.55301
345.6397 0.936491 0.239927 0.559522
346.6425 0.949215 0.240582 0.567982
347.6234 0.961597 0.242306 0.577197
348.6387 0.974479 0.244126 0.587627
349.6464 0.987108 0.245075 0.596881
350.6519 0.999933 0.245176 0.606957
351.6652 1.015289 0.246008 0.618291
352.647 1.030443 0.245123 0.628525
353.6642 1.045977 0.245988 0.64085
354.6709 1.062054 0.248466 0.652735
355.6806 1.075297 0.247089 0.663155
356.673 1.088294 0.247284 0.674143
357.6498 1.101877 0.246686 0.684562
358.6255 1.114711 0.245751 0.694591
359.6093 1.130234 0.248125 0.707278
360.6265 1.146687 0.250491 0.720252
361.6158 1.163227 0.252712 0.733129
362.6247 1.181444 0.2533 0.748771
363.618 1.199027 0.252921 0.763534
364.61 1.217108 0.252582 0.778386
365.6184 1.235062 0.253339 0.793106
366.6082 1.252518 0.254303 0.805689
367.6364 1.270822 0.256037 0.819822
368.6337 1.287877 0.256458 0.832928
369.6401 1.306149 0.256828 0.847559
370.64 1.325075 0.258715 0.864453
371.6153 1.343449 0.259782 0.879235
372.6062 1.364531 0.261923 0.898566
373.6074 1.386361 0.263933 0.918642
374.6172 1.407292 0.262878 0.937068
375.6227 1.430043 0.264235 0.958527
376.6165 1.451989 0.265376 0.977949
377.616 1.47404 0.266034 0.996855
378.6221 1.498385 0.269291 1.017816
379.5996 1.521923 0.270117 1.038118
380.6143 1.54578 0.272096 1.059015
381.5889 1.568907 0.273817 1.080304
382.5732 1.591883 0.27543 1.103638
383.5953 1.617069 0.278098 1.128739
384.5882 1.642305 0.279254 1.155042
385.5865 1.669036 0.281378 1.184154
386.6187 1.697622 0.283208 1.21376
387.6198 1.72342 0.283708 1.241804
388.6307 1.750995 0.285881 1.270916
389.6342 1.780466 0.288131 1.300309
390.602 1.808157 0.289622 1.326227
391.6085 1.839602 0.293192 1.355316
392.6101 1.871064 0.29708 1.384763
393.6377 1.901071 0.300308 1.413974
394.6463 1.932818 0.304294 1.446733
395.6415 1.964451 0.30689 1.478874
396.646 1.996934 0.308938 1.512906
397.6459 2.030126 0.311235 1.547343
398.6451 2.064505 0.314443 1.582499
399.6577 2.101449 0.318706 1.62151
400.6424 2.137553 0.321384 1.659129
401.6337 2.175838 0.324986 1.700029
402.6519 2.215333 0.329564 1.744447
403.6438 2.251963 0.332666 1.785888
404.6572 2.291728 0.337995 1.831292
405.6931 2.332811 0.343838 1.87708
406.6945 2.372797 0.346646 1.922071
407.7049 2.414904 0.350614 1.970193
408.7091 2.457676 0.354853 2.018816
409.6735 2.499466 0.35841 2.068045
410.6671 2.544203 0.36402 2.120411
411.6557 2.588801 0.369004 2.174491
412.6405 2.635885 0.375176 2.231719
413.6308 2.684038 0.379678 2.290798
414.6195 2.732757 0.383711 2.350974
415.6324 2.784986 0.391068 2.412664
416.6358 2.834766 0.395734 2.473865
417.6449 2.886878 0.401738 2.536955
418.6568 2.942113 0.410443 2.60316
419.6387 2.994877 0.414915 2.668649
420.6417 3.050898 0.422019 2.737581
421.6496 3.109025 0.431208 2.809482
422.6304 3.166343 0.437636 2.882083
423.6146 3.227847 0.446474 2.961504
424.6171 3.291011 0.455002 3.042814
425.6179 3.353876 0.461573 3.125725
426.6298 3.418112 0.469651 3.20977
427.6418 3.483514 0.478027 3.293199
428.6384 3.5507 0.487055 3.378316
429.6106 3.619416 0.49683 3.465778
430.5938 3.690023 0.507232 3.556811
431.6086 3.764174 0.518914 3.653468
432.6054 3.837361 0.529385 3.751513
433.6124 3.913123 0.541023 3.852056
434.6245 3.991721 0.553021 3.958124
435.5926 4.067686 0.562747 4.062521
436.5903 4.147826 0.573815 4.171731
437.5957 4.23027 0.585948 4.284788
438.5926 4.312303 0.59696 4.396524
439.6212 4.399411 0.61003 4.515313
440.615 4.489303 0.622865 4.636717
441.604 4.579771 0.634972 4.759724
442.6122 4.675216 0.650044 4.889288
443.6019 4.771507 0.66453 5.021227
444.6026 4.870955 0.680732 5.158218
445.6026 4.97128 0.696459 5.298753
446.586 5.07176 0.711327 5.441586
447.5881 5.17455 0.727824 5.586469
448.5783 5.276958 0.742669 5.732637
449.5922 5.384457 0.758466 5.883965
450.6001 5.498458 0.775702 6.042692
451.5875 5.613193 0.790976 6.203964
452.5922 5.732485 0.808342 6.370426
453.6004 5.855332 0.826468 6.542917
454.5942 5.976123 0.842829 6.714212
455.6032 6.103371 0.862275 6.894482
456.629 6.233559 0.880935 7.080725
457.6276 6.362855 0.900075 7.267665
458.6343 6.496257 0.920991 7.460273
459.6326 6.629377 0.940368 7.652597
460.614 6.764803 0.960095 7.847502
461.6007 6.905092 0.980037 8.04761
462.5862 7.050926 0.999095 8.255432
463.5952 7.202188 1.019742 8.472212
464.5945 7.352926 1.039448 8.691562
465.6001 7.506788 1.059492 8.914635
466.6182 7.663907 1.081186 9.143066
467.5981 7.818444 1.101039 9.36759
468.6037 7.97993 1.123822 9.600027
469.591 8.146708 1.148424 9.841324
470.5871 8.312343 1.172395 10.08237
471.5982 8.485617 1.198456 10.33285
472.5877 8.662326 1.223374 10.58966
473.5923 8.836936 1.24613 10.84671
474.5774 9.018169 1.269762 11.11132
475.5835 9.20074 1.293284 11.38061
476.5992 9.384007 1.317115 11.65193
477.5896 9.570275 1.341263 11.92558
478.5849 9.757483 1.36527 12.20141
479.5681 9.948635 1.391166 12.4831
480.543 10.13697 1.417478 12.76672
481.5398 10.33223 1.446502 13.05845
482.5724 10.53341 1.478908 13.3638
483.579 10.72865 1.50757 13.66555
484.5866 10.9283 1.537328 13.97117
485.5922 11.12748 1.565785 14.28087
486.5699 11.31824 1.590264 14.582
487.5603 11.51546 1.618269 14.89124
488.564 11.71763 1.646628 15.20691
489.552 11.9189 1.674915 15.52419
490.538 12.12652 1.70557 15.84848
491.5323 12.33566 1.736686 16.1765
492.5158 12.54473 1.768748 16.50869
493.5313 12.75494 1.802391 16.84532
494.5398 12.96709 1.835896 17.18635
495.5609 13.18523 1.871643 17.53763
496.5685 13.39822 1.904255 17.88554
497.5619 13.61124 1.937065 18.2331
498.5637 13.82888 1.971603 18.58791
499.5438 14.03935 2.002229 18.93599
500.5485 14.26033 2.03652 19.29379
501.5516 14.491 2.072134 19.66369
502.5634 14.7182 2.106359 20.0319
503.5691 14.95273 2.143593 20.40735
504.5693 15.18749 2.181226 20.78559
505.5837 15.41754 2.217819 21.16277
506.5739 15.65389 2.255533 21.54681
507.5768 15.89005 2.293669 21.9334
508.6046 16.13147 2.333009 22.32484
509.606 16.37225 2.371353 22.71581
510.6085 16.61152 2.408825 23.10442
511.605 16.85728 2.446301 23.4994
512.5735 17.10008 2.481969 23.89589
513.5826 17.34919 2.519027 24.29622
514.6044 17.6067 2.559563 24.70988
515.6141 17.85797 2.597605 25.11764
516.6401 18.1103 2.636786 25.52645
517.6265 18.36517 2.676289 25.93782
518.5891 18.61413 2.713391 26.34073
519.597 18.87169 2.754528 26.75553
520.5801 19.13565 2.796556 27.17725
521.5746 19.40247 2.838285 27.60465
522.6022 19.67542 2.880747 28.04302
523.5935 19.94685 2.920395 28.47853
524.5879 20.21746 2.959123 28.91227
525.5938 20.48788 2.997662 29.34833
526.573 20.75798 3.036412 29.78295
527.5938 21.03451 3.077216 30.22313
528.585 21.30921 3.117109 30.66322
529.5688 21.58494 3.158496 31.10486
530.5795 21.86764 3.200928 31.55566
531.5443 22.14691 3.241472 32.00264
532.5567 22.43467 3.284772 32.4637
533.5856 22.72967 3.327475 32.93382
534.5837 23.0185 3.367224 33.39544
535.5984 23.31001 3.407552 33.8628
536.6042 23.59762 3.445473 34.32243
537.5684 23.8775 3.48123 34.77304
538.556 24.16458 3.518607 35.23335
539.5474 24.45442 3.55567 35.69872
540.5437 24.74957 3.593426 36.16999
541.5475 25.05018 3.632209 36.64548
542.5381 25.34991 3.670537 37.12319
543.541 25.65306 3.709621 37.60565
544.5078 25.95517 3.747088 38.08656
545.5117 26.26028 3.784738 38.57472
546.5467 26.57167 3.82289 39.072
547.5554 26.876 3.857833 39.55724
548.5591 27.18185 3.891915 40.04535
549.5524 27.49013 3.925122 40.53639
550.5244 27.7913 3.955035 41.01601
551.5031 28.10407 3.987145 41.51106
552.5214 28.42257 4.020564 42.01616
553.5206 28.73845 4.053061 42.51858
554.535 29.05963 4.086544 43.02659
555.559 29.3759 4.118562 43.53185
556.5541 29.68772 4.148932 44.03278
557.5697 30.00116 4.178911 44.53464
558.5527 30.31642 4.20799 45.04042
559.552 30.64034 4.237846 45.55723
560.5854 30.96048 4.263684 46.06746
561.5826 31.27925 4.287667 46.57732
562.5955 31.603 4.311405 47.09561
563.597 31.91407 4.331613 47.59881
564.5597 32.23042 4.353632 48.11107
565.575 32.55295 4.377184 48.63094
566.5698 32.86217 4.3976 49.1367
567.5474 33.17461 4.417835 49.64688
568.5542 33.48729 4.437545 50.1575
569.531 33.79282 4.454465 50.66383
570.5266 34.10615 4.472881 51.17921
571.5269 34.4189 4.491171 51.70107
572.5427 34.73618 4.507858 52.2317
573.5579 35.05484 4.52274 52.76149
574.5623 35.37268 4.53502 53.28519
575.5798 35.69366 4.546969 53.81008
576.5737 36.0052 4.557201 54.3225
577.5613 36.3154 4.567277 54.83463
578.5699 36.62988 4.578458 55.35987
579.5574 36.93117 4.586128 55.87404
580.5626 37.23304 4.594074 56.39109
581.5585 37.53691 4.602674 56.91675
582.546 37.82898 4.608831 57.43407
583.5584 38.13298 4.616062 57.96239
584.5597 38.44256 4.621824 58.4962
585.5773 38.74326 4.624443 59.02411
586.5905 39.04417 4.6236 59.5484
587.571 39.33555 4.623258 60.06026
588.5687 39.61622 4.621879 60.56606
589 39.89396 4.620466 61.07043
590.562 40.16986 4.619303 61.57485
591.5833 40.44902 4.619449 62.09424
592.5625 40.72113 4.617185 62.6108
593.5533 40.9932 4.614151 63.12521
594.5613 41.26954 4.61143 63.647
595.5393 41.53399 4.60522 64.15382
596.5605 41.80165 4.59861 64.66286
597.5788 42.07203 4.592385 65.1745
598.5771 42.32623 4.583018 65.67358
599.582 42.57745 4.574122 66.17609
600.5914 42.82315 4.564438 66.67476
601.5765 43.05627 4.553443 67.16801
602.5754 43.2916 4.544188 67.66926
603.5929 43.52638 4.534454 68.16867
604.5898 43.76071 4.525347 68.66925
605.5793 43.98856 4.515199 69.1615
606.5779 44.208 4.502897 69.64594
607.5587 44.4246 4.490753 70.13007
608.5523 44.62861 4.477489 70.60612
609.5696 44.82951 4.464352 71.08847
610.5914 45.03488 4.451776 71.57954
611.608 45.22126 4.436288 72.05396
612.5962 45.40083 4.420314 72.5283
613.6034 45.57719 4.40373 72.9975
614.574 45.73498 4.385702 73.442
615.5766 45.89624 4.369799 73.89378
616.6004 46.0547 4.353607 74.3411
617.5902 46.20118 4.336205 74.77592
618.5917 46.34165 4.319995 75.21344
619.578 46.46908 4.302565 75.64466
620.5585 46.58913 4.285845 76.07001
621.5431 46.70446 4.269823 76.49905
622.5389 46.81581 4.252299 76.92577
623.5506 46.9336 4.235507 77.35976
624.5567 47.0401 4.216486 77.78357
625.569 47.136 4.197335 78.1968
626.5677 47.22637 4.179318 78.60645
627.5673 47.29237 4.15955 78.98687
628.5435 47.35386 4.141777 79.36839
629.5463 47.41274 4.124974 79.75348
630.556 47.45329 4.106294 80.12347
631.5408 47.49456 4.090354 80.50232
632.5696 47.52802 4.073817 80.87986
633.5694 47.55166 4.055352 81.24178
634.5602 47.57803 4.038192 81.60437
635.5724 47.59698 4.019851 81.9541
636.5752 47.60876 4.000414 82.29673
637.5833 47.60616 3.980978 82.62469
638.5817 47.58624 3.961428 82.93862
639.5726 47.55618 3.942107 83.25075
640.5486 47.51312 3.923465 83.54269
641.5229 47.4674 3.907198 83.83864
642.5299 47.42366 3.892056 84.14346
643.5215 47.36705 3.875139 84.42706
644.5235 47.30628 3.859107 84.7059
645.5294 47.24049 3.841281 84.97752
646.5172 47.15744 3.822137 85.22018
647.5173 47.07663 3.80522 85.46359
648.5203 46.98873 3.787608 85.70341
649.5251 46.88855 3.770391 85.93084
650.5206 46.78427 3.752776 86.15416
651.5212 46.66743 3.735902 86.36621
652.5035 46.54324 3.71995 86.56609
653.5064 46.41576 3.704558 86.75266
654.514 46.28387 3.690031 86.92947
655.5297 46.15195 3.674911 87.10449
656.5569 46.00962 3.658431 87.25624
657.5452 45.86051 3.642718 87.39587
658.5504 45.70819 3.628026 87.53221
659.5541 45.54112 3.612048 87.64377
660.5313 45.37583 3.596522 87.7571
661.5333 45.2114 3.581717 87.87303
662.5322 45.03452 3.564426 87.96633
663.538 44.86 3.549122 88.05068
664.547 44.67927 3.534596 88.11718
665.5433 44.48705 3.519157 88.15629
666.5312 44.29647 3.505358 88.18446
667.515 44.10139 3.491708 88.19949
668.5268 43.90245 3.478386 88.20436
669.5317 43.70092 3.464777 88.19781
670.5363 43.49582 3.451771 88.17619
671.5139 43.29214 3.438478 88.15183
672.4901 43.08645 3.423894 88.11366
673.4839 42.8846 3.409824 88.06767
674.4923 42.68761 3.39658 88.02191
675.522 42.48123 3.382456 87.94876
676.5472 42.27403 3.369668 87.85822
677.552 42.06501 3.357605 87.75225
678.54 41.84394 3.344252 87.61647
679.5258 41.62917 3.33268 87.47813
680.4923 41.41645 3.321587 87.33526
681.4933 41.20264 3.310143 87.18141
682.5004 40.99508 3.299074 87.02527
683.4932 40.78745 3.2872 86.85238
684.5099 40.5799 3.274737 86.66475
685.5101 40.3731 3.262358 86.46458
686.5209 40.16666 3.250427 86.24863
687.5422 39.9633 3.239749 86.02796
688.5474 39.75438 3.228769 85.78889
689.5306 39.54454 3.217894 85.53579
690.5281 39.33851 3.207954 85.27769
691.5139 39.12677 3.196814 85.00099
692.5127 38.92265 3.187116 84.72374
693.5408 38.7261 3.177898 84.44492
694.5431 38.52464 3.166659 84.1482
695.5303 38.33038 3.156596 83.84641
696.5354 38.13606 3.146193 83.53298
697.5148 37.93962 3.136015 83.20348
698.4983 37.74741 3.127149 82.87478
699.5065 37.55663 3.118099 82.54123
700.5137 37.37088 3.10921 82.20742
701.5228 37.18443 3.099946 81.86897
702.5125 36.99945 3.091214 81.5185
703.5193 36.81781 3.082842 81.16481
704.5262 36.63385 3.074087 80.79929
705.5267 36.45404 3.0655 80.43279
706.5542 36.2802 3.057206 80.06761
707.5623 36.10258 3.048172 79.68843
708.5499 35.92789 3.040099 79.30923
709.5477 35.75644 3.032308 78.93013
710.5261 35.58183 3.023676 78.54196
711.5115 35.41569 3.016124 78.16656
712.5161 35.2532 3.008556 77.79343
713.5381 35.09178 3.001166 77.41537
714.5702 34.93215 2.99444 77.03723
715.5909 34.77085 2.986979 76.64941
716.5997 34.61021 2.979214 76.25365
717.5745 34.45024 2.971094 75.85706
718.5632 34.2924 2.96333 75.46391
719.5459 34.13957 2.956566 75.07917
720.5211 33.98705 2.949856 74.69475
721.5215 33.83688 2.943472 74.31606
722.4971 33.69179 2.936714 73.94463
723.4927 33.54577 2.928776 73.56608
724.4893 33.40397 2.922017 73.19682
725.4862 33.26498 2.915977 72.83217
726.507 33.12336 2.909966 72.45855
727.522 32.98517 2.904525 72.09311
728.5428 32.84663 2.898965 71.72781
729.5478 32.70808 2.892817 71.35876
730.5331 32.57383 2.887295 71.00072
731.5228 32.44099 2.882367 70.64771
732.5035 32.31121 2.877043 70.2999
733.4911 32.18395 2.87175 69.95567
734.4777 32.05714 2.866174 69.61167
735.4808 31.93287 2.860629 69.27216
736.481 31.80881 2.855155 68.93047
737.5009 31.68652 2.850668 68.59708
738.5472 31.56713 2.84696 68.27474
739.5528 31.44603 2.84217 67.94891
740.5685 31.32724 2.837529 67.62913
741.5672 31.20994 2.833134 67.31106
742.5555 31.09118 2.82764 66.98684
743.5493 30.97754 2.823753 66.67184
744.5225 30.86546 2.819731 66.36344
745.5118 30.75373 2.815032 66.05617
746.4872 30.64543 2.810986 65.75439
747.4714 30.53628 2.806999 65.45536
748.4857 30.42816 2.80347 65.16003
749.5065 30.32213 2.799725 64.87131
750.511 30.21734 2.796022 64.58824
751.5317 30.11645 2.793417 64.31359
752.5101 30.01504 2.790049 64.03621
753.4989 29.91376 2.787141 63.76011
754.5013 29.81443 2.785314 63.48756
755.4852 29.71158 2.781685 63.21106
756.5065 29.61335 2.778667 62.94189
757.5099 29.51747 2.777494 62.6804
758.513 29.42034 2.776442 62.41929
759.5198 29.32793 2.776747 62.16556
760.5218 29.23466 2.777076 61.91622
761.5136 29.14215 2.776057 61.66817
762.5116 29.05295 2.774999 61.42583
763.545 28.96521 2.774373 61.18574
764.5625 28.87867 2.77464 60.94763
765.5765 28.79072 2.771479 60.70855
766.5844 28.7018 2.765468 60.46823
767.5591 28.61288 2.758986 60.23295
768.5544 28.52475 2.751535 59.99894
769.5333 28.44019 2.748277 59.77105
770.5265 28.35882 2.748098 59.55154
771.502 28.27639 2.746894 59.33231
772.4924 28.19613 2.746186 59.1185
773.4804 28.11776 2.744666 58.90771
774.4808 28.03756 2.74285 58.69291
775.4976 27.96083 2.741953 58.48228
776.5103 27.88416 2.740278 58.27343
777.522 27.80712 2.738305 58.06501
778.5261 27.73118 2.737006 57.86148
779.5121 27.65525 2.733495 57.65846
780.4935 27.5801 2.733176 57.45714
781.5032 27.50572 2.735221 57.26081
782.5029 27.43353 2.737413 57.06728
783.5341 27.36396 2.74223 56.87865
784.5431 27.29369 2.74423 56.68901
785.549 27.22457 2.744987 56.50058
786.5594 27.15702 2.74475 56.31589
787.5461 27.08755 2.744037 56.1302
788.5399 27.02028 2.744675 55.95203
789.55 26.95537 2.745513 55.7756
790.5272 26.88872 2.746031 55.59867
791.5313 26.82317 2.74808 55.42658
792.5337 26.75847 2.749567 55.25259
793.5109 26.69295 2.751283 55.07999
794.5231 26.62949 2.754349 54.91212
795.5193 26.5681 2.756329 54.74628
796.5348 26.50759 2.758672 54.58342
797.5401 26.44668 2.760314 54.42146
798.5335 26.38545 2.761308 54.2589
799.0644 26.27941 2.740255 54.02233
799.0819 26.1528 2.708822 53.75077
798.6132 26.01054 2.670131 53.45092
797.6642 25.85549 2.62385 53.13018
796.676 25.73263 2.593055 52.86307
795.6854 25.61891 2.566549 52.61662
794.6823 25.51016 2.541587 52.38556
793.6862 25.40546 2.518095 52.1688
792.6765 25.30522 2.497259 51.95934
791.6819 25.20566 2.476875 51.752
790.6815 25.11042 2.45752 51.54649
789.6988 25.01784 2.44003 51.34008
788.6953 24.926 2.421934 51.13615
787.6864 24.83871 2.405282 50.93987
786.705 24.75379 2.38979 50.75104
785.6804 24.66928 2.37446 50.56415
784.6755 24.58667 2.361908 50.38423
783.6704 24.50483 2.351075 50.2077
782.6689 24.42242 2.341276 50.03182
781.6616 24.34248 2.334394 49.85997
780.6906 24.26379 2.325247 49.68951
779.6969 24.18676 2.312963 49.51895
778.6871 24.11084 2.297549 49.34985
777.6723 24.03495 2.280662 49.18072
776.6593 23.96037 2.266503 49.01458
775.6566 23.88507 2.254807 48.85202
774.6653 23.81106 2.242407 48.69314
773.6868 23.73932 2.229435 48.5411
772.6851 23.66655 2.215171 48.38486
771.677 23.59553 2.200439 48.23071
770.6649 23.52594 2.188887 48.07903
769.6678 23.45584 2.176152 47.92385
768.6661 23.38779 2.162293 47.77372
767.6718 23.32121 2.148982 47.62292
766.6859 23.25395 2.135865 47.47101
765.6721 23.1878 2.123576 47.32141
764.6881 23.12167 2.112178 47.17175
763.6945 23.05603 2.100797 47.02722
762.6848 22.99116 2.093083 46.88403
761.6959 22.92604 2.087552 46.74395
760.678 22.86333 2.085938 46.60801
759.6738 22.7991 2.090085 46.46648
758.6622 22.73551 2.093755 46.32449
757.6675 22.67326 2.094584 46.18257
756.6685 22.60936 2.091505 46.03777
755.6831 22.54726 2.082123 45.89747
754.7191 22.48675 2.072152 45.7618
753.7164 22.42379 2.067339 45.62386
752.7177 22.36279 2.064325 45.48895
751.6925 22.30138 2.059954 45.35477
750.6533 22.23951 2.04455 45.21931
749.6436 22.18048 2.024577 45.08704
748.6299 22.12092 2.003568 44.95271
747.6379 22.06297 1.985098 44.81958
746.6383 22.00515 1.975574 44.68682
745.6514 21.94757 1.968058 44.55312
744.6598 21.89071 1.960685 44.42438
743.6791 21.83318 1.95326 44.29451
742.6972 21.77591 1.947201 44.16595
741.707 21.72028 1.940534 44.04144
740.7131 21.66158 1.933069 43.9116
739.6968 21.60391 1.926396 43.78236
738.6942 21.54609 1.920205 43.65221
737.6608 21.48616 1.915091 43.51931
736.6732 21.42997 1.911104 43.39195
735.6821 21.37436 1.906864 43.26565
734.662 21.31774 1.901891 43.13884
733.668 21.26239 1.896603 43.01337
732.6503 21.20586 1.891974 42.88675
731.6388 21.14794 1.888392 42.76046
730.6704 21.09185 1.884482 42.63586
729.6783 21.03622 1.880153 42.51054
728.6885 20.98133 1.875415 42.38457
727.6931 20.92612 1.868559 42.25678
726.6691 20.87147 1.861445 42.12976
725.6979 20.81801 1.85268 42.00652
724.6945 20.76202 1.843533 41.88288
723.6849 20.70805 1.835988 41.76274
722.7131 20.65477 1.830446 41.64284
721.692 20.5974 1.826543 41.51596
720.6911 20.54294 1.82328 41.38964
719.7015 20.48795 1.81927 41.26162
718.6964 20.43167 1.814286 41.1291
717.6935 20.37813 1.809875 41.0037
716.7249 20.32454 1.805342 40.87846
715.7391 20.27034 1.801466 40.751
714.7436 20.21479 1.796935 40.62516
713.7423 20.15899 1.792388 40.49565
712.7152 20.10349 1.787447 40.36787
711.6991 20.04615 1.782119 40.23861
710.697 19.99011 1.776851 40.11285
709.693 19.93573 1.771542 39.98931
708.6792 19.87804 1.766308 39.85741
707.6738 19.82328 1.761309 39.73029
706.6575 19.76985 1.756742 39.60301
705.6544 19.71411 1.751943 39.47211
704.6465 19.66124 1.747849 39.34875
703.6577 19.60749 1.74334 39.22544
702.665 19.55003 1.738315 39.0972
701.657 19.49321 1.733186 38.96886
700.6449 19.43448 1.727308 38.83813
699.6368 19.37626 1.722375 38.70479
698.6121 19.31965 1.718043 38.57209
697.6037 19.2627 1.713974 38.44053
696.6292 19.20833 1.710745 38.31247
695.6291 19.15167 1.706462 38.18063
694.6305 19.09465 1.702056 38.04884
693.6484 19.04008 1.698338 37.92244
692.6454 18.98123 1.693511 37.79062
691.6429 18.92364 1.689319 37.66243
690.6583 18.86712 1.68519 37.53763
689.6498 18.80646 1.679531 37.40099
688.6451 18.74759 1.675258 37.26363
687.6688 18.68891 1.670468 37.12453
686.6746 18.62885 1.665534 36.98064
685.6975 18.57073 1.662014 36.84101
684.6995 18.51152 1.656919 36.70172
683.6744 18.45156 1.65251 36.56387
682.6689 18.38991 1.64778 36.42437
681.6531 18.32612 1.642708 36.28367
680.6669 18.2646 1.639063 36.14627
679.6769 18.20153 1.635335 36.00388
678.6736 18.13999 1.632045 35.86236
677.664 18.08095 1.628947 35.72432
676.6606 18.01725 1.62417 35.57753
675.6606 17.95396 1.619275 35.43166
674.6591 17.89106 1.614271 35.28654
673.6589 17.82474 1.608272 35.13879
672.6599 17.76152 1.603469 34.99593
671.6481 17.69829 1.598598 34.85331
670.6459 17.63259 1.593011 34.70682
669.6561 17.56859 1.588354 34.55765
668.6436 17.50237 1.583839 34.40504
667.6539 17.43703 1.579462 34.25291
666.6591 17.37226 1.575332 34.1018
665.6898 17.30562 1.571319 33.94991
664.7109 17.23976 1.566653 33.80081
663.7016 17.16908 1.560742 33.64692
662.6926 17.09734 1.555173 33.49055
661.6786 17.02629 1.549691 33.33589
660.6412 16.95218 1.544235 33.17413
659.629 16.88084 1.540503 33.01343
658.6428 16.81036 1.536714 32.85295
657.6166 16.73731 1.531173 32.68824
656.6316 16.66695 1.526365 32.52656
655.6528 16.59652 1.520384 32.36396
654.6746 16.52419 1.514439 32.20276
653.6926 16.45319 1.509099 32.04632
652.7076 16.38054 1.503525 31.88808
651.7087 16.30484 1.498196 31.72689
650.6954 16.22773 1.492477 31.5589
649.6799 16.14845 1.487585 31.38239
648.675 16.07002 1.483397 31.2057
647.671 15.99118 1.479015 31.02714
646.6564 15.91396 1.474875 30.85094
645.6816 15.83919 1.471012 30.67976
644.6948 15.75914 1.465145 30.50377
643.6925 15.68016 1.459619 30.33235
642.7072 15.59988 1.454783 30.16253
641.6848 15.51528 1.449937 29.98665
640.6748 15.43395 1.447595 29.81528
639.6771 15.35301 1.446254 29.64187
638.6741 15.2693 1.443487 29.4614
637.6844 15.18628 1.439695 29.2803
636.6812 15.10162 1.432603 29.09389
635.6886 15.01659 1.423865 28.90475
634.6802 14.93178 1.414289 28.71866
633.6846 14.84642 1.404562 28.53471
632.6935 14.76234 1.39643 28.35468
631.7021 14.67292 1.388757 28.17022
630.7101 14.5825 1.382642 27.98169
629.6902 14.49429 1.377594 27.79411
628.6821 14.40136 1.371393 27.59818
627.6688 14.31133 1.365063 27.40508
626.6874 14.22381 1.358616 27.21722
625.7191 14.1308 1.346409 27.01821
624.7405 14.03872 1.339005 26.82469
623.7527 13.94566 1.331366 26.63106
622.7514 13.84938 1.324303 26.43243
621.7527 13.75496 1.321814 26.23978
620.7428 13.65925 1.315325 26.04436
619.7318 13.56349 1.309424 25.84745
618.725 13.46709 1.302507 25.6461
617.7142 13.37009 1.294724 25.4428
616.7272 13.27604 1.287995 25.24205
615.7358 13.18024 1.281923 25.03851
614.7522 13.08547 1.27766 24.84056
613.79 12.99292 1.275801 24.64928
612.7824 12.89259 1.271661 24.44719
611.7894 12.79104 1.266225 24.24283
610.7795 12.68708 1.259281 24.03462
609.7463 12.57825 1.250376 23.8166
608.7374 12.47332 1.241537 23.60369
607.7205 12.36948 1.232591 23.39374
606.6974 12.26532 1.222616 23.18238
605.6991 12.16274 1.212217 22.97224
604.7004 12.05933 1.201567 22.76304
603.7028 11.95535 1.192597 22.55505
602.73 11.85209 1.184919 22.34816
601.7233 11.74793 1.178162 22.14031
600.7333 11.6441 1.171257 21.93415
599.7277 11.53647 1.161736 21.72022
598.6948 11.42702 1.151345 21.50174
597.7147 11.31915 1.141066 21.28711
596.7017 11.21003 1.130482 21.06668
595.7228 11.10454 1.120731 20.85235
594.7476 11.00123 1.110366 20.64565
593.7298 10.89362 1.098012 20.43327
592.7213 10.78596 1.089396 20.22393
591.7076 10.67612 1.081355 20.01169
590.6746 10.56416 1.073845 19.79681
589.6809 10.45449 1.068443 19.58413
588.6958 10.34582 1.060424 19.37083
587.7048 10.23767 1.052147 19.15854
586.739 10.12877 1.043701 18.94194
585.7418 10.01947 1.034458 18.72384
584.7516 9.910399 1.026092 18.50915
583.7346 9.80016 1.016781 18.29454
582.7342 9.691102 1.00731 18.08345
581.7204 9.583112 0.998289 17.87678
580.7141 9.470425 0.987702 17.66427
579.7162 9.358554 0.978639 17.45068
578.7114 9.247413 0.971091 17.23727
577.6985 9.134228 0.962988 17.02044
576.6949 9.025539 0.956042 16.80849
575.717 8.919192 0.947894 16.60081
574.7242 8.810032 0.93811 16.39175
573.7293 8.701008 0.928154 16.18386
572.7297 8.590451 0.917307 15.97468
571.7152 8.478094 0.906819 15.76281
570.7048 8.366775 0.896442 15.55479
569.7141 8.255906 0.887089 15.34601
568.7113 8.148098 0.877403 15.13954
567.7007 8.039171 0.865955 14.93178
566.7094 7.930937 0.854013 14.72308
565.721 7.826149 0.841785 14.52157
564.7369 7.719128 0.829162 14.31835
563.7473 7.614863 0.818279 14.12122
562.7633 7.512989 0.808095 13.92798
561.7664 7.406239 0.796553 13.72612
560.758 7.299271 0.785853 13.52665
559.7522 7.191306 0.775896 13.3242
558.7148 7.081068 0.765515 13.1184
557.6907 6.974272 0.754914 12.91796
556.6483 6.868701 0.744881 12.71827
555.6668 6.764589 0.73429 12.52135
554.6779 6.661394 0.723274 12.32683
553.6769 6.556907 0.713326 12.13349
552.6906 6.455678 0.703821 11.94404
551.6775 6.353499 0.693663 11.75436
550.6789 6.252412 0.684569 11.56798
549.6953 6.154227 0.676703 11.38378
548.7012 6.05243 0.666253 11.19435
547.6959 5.951708 0.655923 11.00547
546.6981 5.851868 0.645376 10.81835
545.6758 5.75121 0.633424 10.63041
544.6842 5.655062 0.623651 10.44985
543.6962 5.560208 0.613776 10.27565
542.6957 5.466061 0.603563 10.09928
541.7235 5.372569 0.593466 9.925774
540.7274 5.277936 0.583285 9.753454
539.7295 5.184381 0.574074 9.579586
538.7206 5.091874 0.565032 9.40926
537.7119 5.000715 0.556116 9.239027
536.7104 4.911977 0.54654 9.072311
535.7054 4.822671 0.534459 8.904577
534.7133 4.733538 0.521521 8.738005
533.711 4.645957 0.509791 8.576525
532.7308 4.557076 0.498776 8.410962
531.7244 4.470429 0.49043 8.251772
530.7329 4.385338 0.48316 8.096084
529.7125 4.298404 0.473996 7.936356
528.6893 4.213716 0.464314 7.781424
527.7019 4.129849 0.453604 7.625901
526.6881 4.046484 0.442823 7.471933
525.6945 3.966796 0.432896 7.323572
524.7043 3.888565 0.423144 7.178699
523.6953 3.810899 0.413319 7.035377
522.7092 3.733386 0.403165 6.891619
521.7225 3.65477 0.393296 6.748448
520.7291 3.577086 0.383974 6.607393
519.7188 3.500063 0.374893 6.466914
518.7176 3.424688 0.366035 6.329536
517.7429 3.352102 0.357825 6.195514
516.7434 3.278003 0.347857 6.061144
515.7625 3.206033 0.338424 5.930783
514.7767 3.136889 0.329578 5.804193
513.7627 3.066352 0.320001 5.677601
512.7759 3.000219 0.312536 5.554635
511.7802 2.934088 0.305168 5.43494
510.7784 2.865531 0.297079 5.312654
509.7797 2.79871 0.288596 5.19135
508.751 2.730957 0.279157 5.068618
507.7459 2.664354 0.269206 4.946775
506.7334 2.600185 0.259887 4.829313
505.7249 2.538145 0.25093 4.715288
504.7244 2.478254 0.242496 4.607536
503.7216 2.417795 0.233871 4.499055
502.7224 2.357941 0.225551 4.392551
501.7267 2.299355 0.218242 4.289907
500.7453 2.239371 0.20981 4.185872
499.7371 2.182822 0.202337 4.084655
498.7596 2.128319 0.195513 3.98424
497.7539 2.071487 0.187655 3.881233
496.7205 2.01742 0.180748 3.780608
495.7114 1.963578 0.173801 3.68242
494.6784 1.910088 0.165296 3.586725
493.6816 1.859874 0.157031 3.49463
492.7036 1.81062 0.148772 3.405525
491.7148 1.761467 0.141186 3.318386
490.7247 1.712618 0.133627 3.231941
489.699 1.663711 0.126061 3.145269
488.7162 1.61613 0.119525 3.060018
487.7192 1.569356 0.112328 2.976724
486.7225 1.52507 0.107873 2.896406
485.7633 1.483889 0.104123 2.821026
484.7466 1.440157 0.098413 2.74453
483.7549 1.397353 0.092117 2.66777
482.7436 1.35476 0.084277 2.593087
481.7338 1.30999 0.076774 2.517989
480.7463 1.268355 0.069662 2.446685
479.7339 1.227848 0.062554 2.377738
478.7437 1.18754 0.054523 2.307064
477.7491 1.148781 0.046538 2.239556
476.7421 1.110898 0.039344 2.173021
475.7683 1.074998 0.033015 2.108598
474.7671 1.039605 0.026962 2.047657
473.7631 1.005069 0.020256 1.986547
472.7843 0.971442 0.013888 1.928569
471.7715 0.936621 0.00684 1.869712
470.749 0.901677 5.4E-4 1.812231
469.7329 0.869248 -0.005152 1.756205
468.7103 0.836097 -0.011389 1.698464
467.6972 0.805208 -0.016263 1.645466
466.7355 0.77753 -0.021393 1.594862
465.7552 0.747906 -0.027498 1.544831
464.7627 0.719349 -0.031394 1.498015
463.7746 0.690154 -0.035695 1.449996
462.757 0.660118 -0.041313 1.40068
461.7718 0.63255 -0.045014 1.352607
460.7752 0.605199 -0.049716 1.304628
459.7889 0.578636 -0.05388 1.256252
458.8038 0.552275 -0.055785 1.20898
457.7761 0.525739 -0.058799 1.163055
456.7558 0.501501 -0.062089 1.119045
455.739 0.477888 -0.065164 1.077915
454.713 0.455923 -0.068471 1.039623
453.7286 0.434972 -0.071216 1.003815
452.7542 0.412291 -0.077001 0.967297
451.7556 0.390769 -0.083519 0.93175
450.7601 0.368953 -0.089933 0.896747
449.7598 0.34739 -0.097498 0.858791
448.7498 0.329122 -0.101626 0.825548
447.7465 0.311074 -0.104721 0.794527
446.7447 0.292456 -0.109003 0.763198
445.7472 0.273708 -0.111514 0.734914
444.7405 0.253553 -0.114624 0.704358
443.7414 0.233668 -0.118254 0.67483
442.7645 0.215638 -0.121718 0.646416
441.7547 0.198734 -0.125777 0.618916
440.7528 0.183222 -0.128932 0.592361
439.7693 0.167316 -0.132176 0.562794
438.7541 0.152248 -0.133734 0.535334
437.7583 0.138635 -0.134645 0.50912
436.7569 0.123776 -0.137835 0.483423
435.7482 0.111745 -0.140986 0.461965
434.7729 0.100418 -0.144162 0.441402
433.7664 0.086781 -0.149407 0.421985
432.7778 0.075693 -0.152494 0.404391
431.7735 0.063196 -0.155722 0.385032
430.7509 0.050157 -0.158439 0.364183
429.7503 0.039998 -0.160027 0.342074
428.7375 0.029597 -0.162335 0.320037
427.7362 0.019485 -0.163946 0.300127
426.736 0.009557 -0.166131 0.28102
425.7541 -0.001246 -0.167748 0.262526
424.7758 -0.011562 -0.168326 0.244845
423.7727 -0.021671 -0.169408 0.227837
422.777 -0.030763 -0.171421 0.212832
421.7748 -0.038709 -0.172165 0.198852
420.7631 -0.048567 -0.174113 0.183175
419.7936 -0.056386 -0.175071 0.167408
418.7936 -0.064074 -0.175905 0.153144
417.7856 -0.071752 -0.178013 0.138446
416.8053 -0.077427 -0.179589 0.126993
415.7907 -0.082871 -0.181743 0.115769
414.8049 -0.089373 -0.183702 0.103399
413.8215 -0.095647 -0.185566 0.092493
412.807 -0.101246 -0.187037 0.081517
411.8152 -0.106461 -0.188269 0.071402
410.8184 -0.110794 -0.188923 0.060588
409.8431 -0.114881 -0.189762 0.050181
408.8524 -0.118752 -0.19075 0.040647
407.8442 -0.125651 -0.192401 0.029963
406.8293 -0.131187 -0.193924 0.020593
405.8041 -0.136714 -0.195333 0.012055
404.7966 -0.143222 -0.197955 0.00281
403.7933 -0.146593 -0.200072 -0.004166
402.8071 -0.150453 -0.201733 -0.010511
401.7737 -0.155136 -0.203793 -0.018604
400.7612 -0.158984 -0.204135 -0.027031
399.7655 -0.163863 -0.204771 -0.035891
398.7372 -0.168286 -0.20615 -0.044348
397.7701 -0.171821 -0.20698 -0.051166
396.7843 -0.174997 -0.208966 -0.05695
395.7724 -0.176965 -0.210999 -0.06268
394.7833 -0.179907 -0.213408 -0.067349
393.763 -0.182879 -0.21478 -0.072339
392.7605 -0.18416 -0.215898 -0.077747
391.7655 -0.187311 -0.216719 -0.083561
390.7677 -0.190091 -0.217222 -0.092471
389.7732 -0.19122 -0.216792 -0.097863
388.7622 -0.195311 -0.217718 -0.10455
387.7485 -0.198163 -0.217348 -0.109942
386.7365 -0.200501 -0.217419 -0.113276
385.7383 -0.203746 -0.219592 -0.120709
384.7573 -0.205859 -0.219144 -0.123977
383.7923 -0.206812 -0.220217 -0.127898
382.8108 -0.208505 -0.221137 -0.132492
381.8147 -0.210361 -0.2217 -0.135299
380.8073 -0.213229 -0.223624 -0.140786
379.7851 -0.215925 -0.225108 -0.145422
378.7579 -0.217957 -0.226392 -0.148715
377.7501 -0.219803 -0.227973 -0.152052
376.7528 -0.219507 -0.228762 -0.154446
375.7628 -0.220918 -0.230405 -0.15808
374.7992 -0.221648 -0.231613 -0.161104
373.8158 -0.222855 -0.231779 -0.164399
372.8242 -0.225407 -0.23385 -0.169269
371.8173 -0.226945 -0.233966 -0.173118
370.7994 -0.228959 -0.233977 -0.17702
369.7881 -0.231811 -0.235936 -0.182028
368.7937 -0.233492 -0.235558 -0.184182
367.7923 -0.235746 -0.235725 -0.186558
366.7773 -0.237995 -0.236287 -0.190146
365.7724 -0.238391 -0.235515 -0.192102
364.7596 -0.239329 -0.235763 -0.194484
363.77 -0.240096 -0.236531 -0.196503
362.8063 -0.240831 -0.237683 -0.197942
361.8174 -0.242375 -0.239357 -0.200339
360.8085 -0.243326 -0.239925 -0.202749
359.8007 -0.244763 -0.241512 -0.206068
358.8005 -0.245019 -0.242335 -0.208417
357.8224 -0.244642 -0.241504 -0.208417
356.8423 -0.245816 -0.243363 -0.211684
355.8521 -0.246027 -0.243747 -0.212482
354.8549 -0.247814 -0.24368 -0.213713
353.8443 -0.250973 -0.245862 -0.218031
352.8156 -0.252252 -0.246924 -0.219397
351.7988 -0.254022 -0.247996 -0.222657
350.7665 -0.25685 -0.250644 -0.22623
349.7361 -0.2582 -0.252324 -0.229025
348.7301 -0.260215 -0.253166 -0.231645
347.7312 -0.261759 -0.253754 -0.233855
346.7362 -0.262423 -0.254748 -0.236539
345.7587 -0.26251 -0.255687 -0.237389
344.7936 -0.261894 -0.256227 -0.23751
343.8107 -0.262795 -0.258544 -0.239327
342.7931 -0.262737 -0.260235 -0.240079
341.7704 -0.262346 -0.260375 -0.241306
340.7371 -0.264437 -0.262291 -0.244934
339.7185 -0.26397 -0.262356 -0.246089
338.7418 -0.262574 -0.261511 -0.246668
337.7517 -0.264201 -0.262609 -0.247957
336.7538 -0.262889 -0.26212 -0.249084
335.7568 -0.263554 -0.262907 -0.249749
334.752 -0.266101 -0.263789 -0.252063
333.748 -0.266796 -0.264504 -0.254079
332.7705 -0.268875 -0.265997 -0.255892
331.7867 -0.27065 -0.267402 -0.25956
330.8188 -0.272975 -0.269787 -0.262341
329.8324 -0.275471 -0.271819 -0.266142
328.8358 -0.276247 -0.271792 -0.267706
327.8041 -0.277932 -0.27193 -0.269903
326.7868 -0.277539 -0.271974 -0.271628
325.7886 -0.275251 -0.271167 -0.270909
324.7772 -0.27604 -0.273786 -0.272626
323.8068 -0.275781 -0.275255 -0.272179
322.7969 -0.275169 -0.275887 -0.272673
321.7884 -0.277095 -0.278024 -0.275098
320.7957 -0.277037 -0.27797 -0.275574
319.801 -0.275709 -0.278195 -0.27657
318.7977 -0.277318 -0.279827 -0.278115
317.781 -0.278235 -0.279757 -0.279347
316.764 -0.279883 -0.280965 -0.282626
315.7369 -0.282032 -0.281876 -0.285287
314.7428 -0.283854 -0.281739 -0.287191
313.7684 -0.284991 -0.28288 -0.288908
312.7971 -0.2856 -0.283039 -0.289491
311.8006 -0.287947 -0.283779 -0.291495
310.807 -0.288708 -0.283609 -0.29308
309.8105 -0.289098 -0.282043 -0.294544
308.7936 -0.290449 -0.281683 -0.297018
307.8169 -0.290035 -0.279937 -0.298588
306.8337 -0.28906 -0.280104 -0.299539
305.8108 -0.290642 -0.283772 -0.302891
304.8045 -0.290903 -0.287289 -0.304282
303.7859 -0.291788 -0.292329 -0.306652
302.7668 -0.293021 -0.297557 -0.311632
301.7785 -0.292901 -0.299367 -0.312906
300.7834 -0.293887 -0.301181 -0.315025
299.7753 -0.294097 -0.302575 -0.316416
298.7703 -0.29589 -0.303601 -0.315986
297.7513 -0.297561 -0.305018 -0.318236
296.7664 -0.298317 -0.303555 -0.318662
295.7808 -0.300539 -0.303339 -0.32087
294.782 -0.301801 -0.301604 -0.3211
293.8253 -0.30218 -0.30023 -0.31909
292.8134 -0.304809 -0.302537 -0.325081
291.8 -0.305812 -0.302636 -0.329249
290.7989 -0.30703 -0.302704 -0.336242
289.7653 -0.309883 -0.304084 -0.346363
288.7615 -0.309945 -0.303949 -0.350582
287.7566 -0.31055 -0.305254 -0.355049
286.7576 -0.311442 -0.309146 -0.358822
285.772 -0.310253 -0.311949 -0.360214
284.7791 -0.310671 -0.314884 -0.362199
283.783 -0.311046 -0.317633 -0.364929
282.786 -0.311517 -0.319217 -0.369038
281.7728 -0.312888 -0.319319 -0.372252
280.7782 -0.313448 -0.317784 -0.374738
279.8008 -0.315631 -0.317647 -0.379622
278.7807 -0.316981 -0.3159 -0.383132
277.7769 -0.317999 -0.31365 -0.387253
276.7488 -0.320838 -0.314137 -0.393107
275.7479 -0.321213 -0.312327 -0.395294
274.7686 -0.321442 -0.30955 -0.39623
273.7746 -0.32428 -0.309096 -0.401055
272.7928 -0.324933 -0.306809 -0.404737
271.7702 -0.326908 -0.304542 -0.408079
270.7647 -0.330386 -0.306302 -0.414699
269.7777 -0.330822 -0.308399 -0.419052
268.7819 -0.331903 -0.313207 -0.425126
267.795 -0.334086 -0.319829 -0.433452
266.8133 -0.335248 -0.326002 -0.442459
265.8032 -0.336745 -0.332957 -0.448653
264.7964 -0.338074 -0.336769 -0.453606
263.7917 -0.339395 -0.340669 -0.458915
262.768 -0.34073 -0.343289 -0.462345
261.7926 -0.341729 -0.34296 -0.468552
260.7759 -0.345669 -0.345331 -0.478072
259.7886 -0.347282 -0.345963 -0.487286
258.7952 -0.348662 -0.345292 -0.497729
257.7714 -0.352868 -0.346937 -0.509652
256.7782 -0.353643 -0.345531 -0.518603
255.7982 -0.354862 -0.345056 -0.528028
254.7918 -0.358288 -0.346182 -0.53902
253.804 -0.360178 -0.348804 -0.551072
252.8131 -0.363818 -0.352665 -0.564049
251.7949 -0.368291 -0.354756 -0.577231
250.8143 -0.372371 -0.357121 -0.590124
249.7956 -0.376381 -0.358541 -0.603195
248.8043 -0.379034 -0.359612 -0.616358
247.8159 -0.382681 -0.36146 -0.63036
246.8068 -0.384294 -0.362246 -0.644582
245.8215 -0.385354 -0.360388 -0.656539
244.8206 -0.389609 -0.360034 -0.672186
243.7942 -0.393007 -0.359916 -0.689205
242.8126 -0.396616 -0.359968 -0.706194
241.8083 -0.403981 -0.363034 -0.728442
240.8012 -0.40908 -0.363621 -0.748094
239.8014 -0.414583 -0.364829 -0.769525
238.7746 -0.4209 -0.365604 -0.792191
237.7718 -0.425237 -0.363339 -0.810981
236.7837 -0.429929 -0.362521 -0.83321
235.8046 -0.434115 -0.361541 -0.854103
234.8164 -0.439487 -0.362295 -0.875882
233.8134 -0.444873 -0.364611 -0.901487
232.8112 -0.449653 -0.366322 -0.924779
231.7841 -0.45669 -0.368107 -0.951242
230.7949 -0.464308 -0.37205 -0.97852
229.8308 -0.469899 -0.37883 -1.005743
228.8172 -0.478999 -0.387984 -1.037809
227.8283 -0.486488 -0.397238 -1.068931
226.8178 -0.492539 -0.399664 -1.101097
225.7897 -0.502623 -0.400809 -1.135987
224.8031 -0.510948 -0.398881 -1.17024
223.814 -0.520867 -0.396902 -1.206686
222.8222 -0.532744 -0.399787 -1.245006
221.8258 -0.544207 -0.400654 -1.282587
220.8102 -0.556631 -0.403715 -1.323063
219.7993 -0.568516 -0.406363 -1.365924
218.7913 -0.580498 -0.40756 -1.409796
217.8035 -0.592497 -0.409131 -1.455157
216.8326 -0.604028 -0.411166 -1.50186
215.833 -0.617313 -0.415069 -1.550449
214.8276 -0.630619 -0.418954 -1.600383
213.8169 -0.642897 -0.42163 -1.651278
212.806 -0.658684 -0.426233 -1.705491
211.8206 -0.673809 -0.428647 -1.759002
210.8181 -0.688946 -0.430393 -1.814248
209.8241 -0.707237 -0.436066 -1.875619
208.825 -0.722834 -0.438372 -1.934879
207.8249 -0.740268 -0.441382 -1.996357
206.826 -0.758904 -0.445925 -2.062436
205.8405 -0.777329 -0.44842 -2.127736
204.8473 -0.798995 -0.451582 -2.197331
203.8663 -0.821597 -0.456276 -2.269481
202.9001 -0.845783 -0.462951 -2.344017
