Vf	Im
V vs. Ref.	A
-5.97871E-001	-3.46869E-006
-5.95886E-001	-3.43122E-006
-5.93877E-001	-3.39327E-006
-5.91868E-001	-3.36122E-006
-5.89870E-001	-3.33326E-006
-5.87861E-001	-3.30662E-006
-5.85873E-001	-3.28386E-006
-5.83863E-001	-3.25999E-006
-5.81869E-001	-3.24556E-006
-5.79879E-001	-3.22253E-006
-5.77875E-001	-3.20484E-006
-5.75845E-001	-3.17882E-006
-5.73875E-001	-3.16911E-006
-5.71866E-001	-3.14746E-006
-5.69882E-001	-3.13372E-006
-5.67862E-001	-3.11464E-006
-5.65848E-001	-3.10333E-006
-5.63855E-001	-3.08710E-006
-5.61857E-001	-3.07593E-006
-5.59861E-001	-3.06379E-006
-5.57855E-001	-3.04027E-006
-5.55863E-001	-3.02341E-006
-5.53857E-001	-3.01626E-006
-5.51870E-001	-3.00024E-006
-5.49843E-001	-2.98081E-006
-5.47849E-001	-2.97033E-006
-5.45852E-001	-2.95847E-006
-5.43848E-001	-2.93842E-006
-5.41856E-001	-2.93224E-006
-5.39850E-001	-2.91594E-006
-5.37838E-001	-2.90921E-006
-5.35832E-001	-2.89304E-006
-5.33839E-001	-2.88125E-006
-5.31853E-001	-2.86661E-006
-5.29850E-001	-2.85676E-006
-5.27839E-001	-2.84038E-006
-5.25854E-001	-2.82769E-006
-5.23834E-001	-2.81388E-006
-5.21826E-001	-2.79966E-006
-5.19844E-001	-2.79674E-006
-5.17841E-001	-2.78710E-006
-5.15846E-001	-2.77822E-006
-5.13826E-001	-2.76830E-006
-5.11818E-001	-2.75602E-006
-5.09813E-001	-2.75241E-006
-5.07818E-001	-2.73826E-006
-5.05827E-001	-2.72702E-006
-5.03838E-001	-2.71876E-006
-5.01847E-001	-2.70683E-006
-4.99833E-001	-2.69489E-006
-4.97812E-001	-2.68636E-006
-4.95810E-001	-2.67554E-006
-4.93834E-001	-2.67533E-006
-4.91829E-001	-2.65902E-006
-4.89833E-001	-2.64896E-006
-4.87817E-001	-2.63641E-006
-4.85803E-001	-2.62857E-006
-4.83821E-001	-2.62059E-006
-4.81811E-001	-2.61414E-006
-4.79820E-001	-2.60408E-006
-4.77815E-001	-2.59513E-006
-4.75817E-001	-2.58416E-006
-4.73804E-001	-2.57272E-006
-4.71801E-001	-2.56821E-006
-4.69822E-001	-2.56169E-006
-4.67827E-001	-2.54899E-006
-4.65808E-001	-2.54087E-006
-4.63816E-001	-2.53123E-006
-4.61798E-001	-2.52415E-006
-4.59800E-001	-2.51534E-006
-4.57799E-001	-2.50715E-006
-4.55797E-001	-2.49668E-006
-4.53805E-001	-2.49217E-006
-4.51816E-001	-2.48488E-006
-4.49819E-001	-2.47413E-006
-4.47787E-001	-2.46233E-006
-4.45795E-001	-2.45304E-006
-4.43807E-001	-2.44575E-006
-4.41805E-001	-2.44249E-006
-4.39799E-001	-2.43035E-006
-4.37792E-001	-2.42313E-006
-4.35796E-001	-2.40669E-006
-4.33797E-001	-2.40232E-006
-4.31793E-001	-2.38747E-006
-4.29780E-001	-2.37769E-006
-4.27790E-001	-2.37235E-006
-4.25805E-001	-2.36520E-006
-4.23791E-001	-2.35570E-006
-4.21776E-001	-2.34772E-006
-4.19773E-001	-2.33509E-006
-4.17778E-001	-2.33058E-006
-4.15782E-001	-2.31997E-006
-4.13791E-001	-2.31372E-006
-4.11789E-001	-2.30422E-006
-4.09778E-001	-2.29984E-006
-4.07774E-001	-2.28881E-006
-4.05777E-001	-2.27584E-006
-4.03794E-001	-2.27168E-006
-4.01780E-001	-2.25953E-006
-3.99786E-001	-2.25190E-006
-3.97802E-001	-2.24025E-006
-3.95780E-001	-2.23269E-006
-3.93780E-001	-2.22547E-006
-3.91785E-001	-2.21825E-006
-3.89786E-001	-2.21062E-006
-3.87787E-001	-2.20015E-006
-3.85774E-001	-2.19210E-006
-3.83766E-001	-2.18467E-006
-3.81776E-001	-2.17454E-006
-3.79778E-001	-2.16615E-006
-3.77779E-001	-2.15540E-006
-3.75775E-001	-2.14707E-006
-3.73779E-001	-2.13521E-006
-3.71788E-001	-2.12535E-006
-3.69773E-001	-2.11793E-006
-3.67772E-001	-2.10530E-006
-3.65782E-001	-2.09837E-006
-3.63784E-001	-2.08775E-006
-3.61766E-001	-2.07623E-006
-3.59769E-001	-2.07041E-006
-3.57751E-001	-2.05778E-006
-3.55765E-001	-2.04793E-006
-3.53749E-001	-2.03572E-006
-3.51766E-001	-2.02461E-006
-3.49756E-001	-2.01580E-006
-3.47773E-001	-2.00907E-006
-3.45752E-001	-2.00248E-006
-3.43762E-001	-1.98895E-006
-3.41766E-001	-1.97577E-006
-3.39772E-001	-1.97161E-006
-3.37766E-001	-1.95967E-006
-3.35765E-001	-1.94420E-006
-3.33769E-001	-1.93900E-006
-3.31750E-001	-1.92318E-006
-3.29751E-001	-1.91222E-006
-3.27758E-001	-1.89973E-006
-3.25751E-001	-1.88710E-006
-3.23757E-001	-1.87566E-006
-3.21751E-001	-1.86213E-006
-3.19739E-001	-1.84992E-006
-3.17746E-001	-1.84166E-006
-3.15738E-001	-1.82778E-006
-3.13733E-001	-1.81030E-006
-3.11754E-001	-1.79975E-006
-3.09727E-001	-1.78310E-006
-3.07728E-001	-1.77332E-006
-3.05723E-001	-1.76132E-006
-3.03718E-001	-1.74460E-006
-3.01726E-001	-1.73100E-006
-2.99729E-001	-1.72066E-006
-2.97742E-001	-1.70283E-006
-2.95735E-001	-1.69034E-006
-2.93723E-001	-1.67168E-006
-2.91721E-001	-1.65322E-006
-2.89723E-001	-1.63421E-006
-2.87721E-001	-1.62166E-006
-2.85722E-001	-1.59959E-006
-2.83741E-001	-1.58704E-006
-2.81715E-001	-1.56712E-006
-2.79705E-001	-1.55352E-006
-2.77723E-001	-1.53625E-006
-2.75724E-001	-1.51731E-006
-2.73716E-001	-1.49448E-006
-2.71712E-001	-1.46770E-006
-2.69721E-001	-1.44390E-006
-2.67719E-001	-1.42552E-006
-2.65711E-001	-1.40082E-006
-2.63713E-001	-1.36689E-006
-2.61714E-001	-1.34892E-006
-2.59729E-001	-1.32499E-006
-2.57713E-001	-1.29037E-006
-2.55698E-001	-1.25568E-006
-2.53701E-001	-1.22411E-006
-2.51707E-001	-1.19962E-006
-2.49704E-001	-1.15716E-006
-2.47700E-001	-1.12698E-006
-2.45713E-001	-1.09451E-006
-2.43717E-001	-1.05565E-006
-2.41687E-001	-1.00834E-006
-2.39693E-001	-9.65044E-007
-2.37706E-001	-9.27024E-007
-2.35699E-001	-8.79013E-007
-2.33702E-001	-8.36552E-007
-2.31694E-001	-7.90207E-007
-2.29681E-001	-7.38588E-007
-2.27696E-001	-6.86900E-007
-2.25692E-001	-6.34657E-007
-2.23692E-001	-5.73464E-007
-2.21694E-001	-5.15185E-007
-2.19702E-001	-4.59819E-007
-2.17679E-001	-4.01540E-007
-2.15685E-001	-3.39931E-007
-2.13691E-001	-2.74783E-007
-2.11683E-001	-2.04709E-007
-2.09683E-001	-1.36994E-007
-2.07685E-001	-7.37893E-008
-2.05684E-001	-4.54735E-010
-2.03668E-001	7.02434E-008
-2.01676E-001	1.46631E-007
-1.99675E-001	2.24544E-007
-1.97687E-001	3.05580E-007
-1.95678E-001	3.76487E-007
-1.93688E-001	4.49266E-007
-1.91673E-001	5.26278E-007
-1.89685E-001	6.00306E-007
-1.87684E-001	6.70588E-007
-1.85682E-001	7.43784E-007
-1.83677E-001	8.18159E-007
-1.81671E-001	8.90037E-007
-1.79684E-001	9.62123E-007
-1.77671E-001	1.02935E-006
-1.75675E-001	1.09034E-006
-1.73667E-001	1.15965E-006
-1.71673E-001	1.21827E-006
-1.69678E-001	1.27954E-006
-1.67671E-001	1.34163E-006
-1.65659E-001	1.39762E-006
-1.63673E-001	1.44161E-006
-1.61660E-001	1.49219E-006
-1.59676E-001	1.53943E-006
-1.57671E-001	1.58606E-006
-1.55656E-001	1.62491E-006
-1.53649E-001	1.67084E-006
-1.51647E-001	1.70629E-006
-1.49648E-001	1.73675E-006
-1.47654E-001	1.76034E-006
-1.45655E-001	1.79357E-006
-1.43659E-001	1.81321E-006
-1.41661E-001	1.83957E-006
-1.39652E-001	1.85705E-006
-1.37647E-001	1.87870E-006
-1.35653E-001	1.88932E-006
-1.33646E-001	1.90951E-006
-1.31664E-001	1.91152E-006
-1.29638E-001	1.92664E-006
-1.27643E-001	1.94322E-006
-1.25643E-001	1.94538E-006
-1.23640E-001	1.96217E-006
-1.21642E-001	1.96404E-006
-1.19644E-001	1.96772E-006
-1.17658E-001	1.97340E-006
-1.15645E-001	1.97243E-006
-1.13643E-001	1.95870E-006
-1.11650E-001	1.96355E-006
-1.09638E-001	1.96813E-006
-1.07634E-001	1.97160E-006
-1.05648E-001	1.96862E-006
-1.03632E-001	1.96168E-006
-1.01618E-001	1.95724E-006
-9.96270E-002	1.95870E-006
-9.76368E-002	1.95641E-006
-9.56197E-002	1.95537E-006
-9.36328E-002	1.94586E-006
-9.16372E-002	1.94760E-006
-8.96441E-002	1.94628E-006
-8.76201E-002	1.94496E-006
-8.56217E-002	1.94343E-006
-8.36327E-002	1.94080E-006
-8.16223E-002	1.93767E-006
-7.96231E-002	1.93400E-006
-7.76164E-002	1.93511E-006
-7.56131E-002	1.92678E-006
-7.36089E-002	1.93545E-006
-7.16189E-002	1.92935E-006
-6.96168E-002	1.93247E-006
-6.76120E-002	1.93649E-006
-6.56149E-002	1.93261E-006
-6.36161E-002	1.92678E-006
-6.16059E-002	1.93719E-006
-5.96127E-002	1.92810E-006
-5.76140E-002	1.93420E-006
-5.56227E-002	1.93559E-006
-5.36210E-002	1.93185E-006
-5.15964E-002	1.93032E-006
-4.95993E-002	1.92886E-006
-4.75882E-002	1.93566E-006
-4.56041E-002	1.93871E-006
-4.36049E-002	1.93636E-006
-4.16145E-002	1.93150E-006
-3.96049E-002	1.93289E-006
-3.75982E-002	1.94059E-006
-3.55907E-002	1.93608E-006
-3.35938E-002	1.93649E-006
-3.16006E-002	1.93726E-006
-2.95967E-002	1.94177E-006
-2.76056E-002	1.94163E-006
-2.55943E-002	1.94059E-006
-2.35776E-002	1.94704E-006
-2.15945E-002	1.94045E-006
-1.95841E-002	1.94919E-006
-1.75905E-002	1.94780E-006
-1.55863E-002	1.94822E-006
-1.35930E-002	1.95863E-006
-1.15713E-002	1.95634E-006
-9.57835E-003	1.95786E-006
-7.57207E-003	1.96751E-006
-5.57999E-003	1.96154E-006
-3.58310E-003	1.95696E-006
-1.55534E-003	1.96314E-006
4.56566E-004	1.96751E-006
2.44261E-003	1.96966E-006
4.44679E-003	1.97708E-006
6.42741E-003	1.98402E-006
8.43264E-003	1.98673E-006
1.04291E-002	1.98624E-006
1.24377E-002	1.99554E-006
1.44394E-002	2.00046E-006
1.64398E-002	2.00830E-006
1.84440E-002	2.00324E-006
2.04567E-002	2.01309E-006
2.24528E-002	2.01961E-006
2.44472E-002	2.02488E-006
2.64657E-002	2.02773E-006
2.84555E-002	2.03113E-006
3.04599E-002	2.04778E-006
3.24537E-002	2.05229E-006
3.44545E-002	2.06006E-006
3.64397E-002	2.06089E-006
3.84610E-002	2.07567E-006
4.04538E-002	2.07692E-006
4.24609E-002	2.08365E-006
4.44519E-002	2.08441E-006
4.64525E-002	2.09197E-006
4.84709E-002	2.10030E-006
5.04699E-002	2.10620E-006
5.24814E-002	2.11376E-006
5.44701E-002	2.12458E-006
5.64758E-002	2.12216E-006
5.84818E-002	2.13312E-006
6.04604E-002	2.13804E-006
6.24673E-002	2.15060E-006
6.44758E-002	2.15234E-006
6.64855E-002	2.16226E-006
6.84798E-002	2.16746E-006
7.04865E-002	2.17724E-006
7.24740E-002	2.18217E-006
7.44832E-002	2.18703E-006
7.64755E-002	2.19598E-006
7.84895E-002	2.20076E-006
8.04945E-002	2.20846E-006
8.24785E-002	2.21568E-006
8.44820E-002	2.22588E-006
8.64812E-002	2.23157E-006
8.84744E-002	2.24093E-006
9.04909E-002	2.24246E-006
9.24867E-002	2.25009E-006
9.44832E-002	2.25516E-006
9.64909E-002	2.26119E-006
9.84922E-002	2.26667E-006
1.00496E-001	2.27264E-006
9.84957E-002	2.09406E-006
9.64890E-002	1.97757E-006
9.44940E-002	1.89355E-006
9.24909E-002	1.81099E-006
9.04884E-002	1.73391E-006
8.84714E-002	1.67819E-006
8.64854E-002	1.62241E-006
8.44798E-002	1.56462E-006
8.24837E-002	1.51876E-006
8.04866E-002	1.47193E-006
7.84914E-002	1.43411E-006
7.64766E-002	1.39734E-006
7.44724E-002	1.35974E-006
7.24598E-002	1.31561E-006
7.04869E-002	1.28987E-006
6.84642E-002	1.24880E-006
6.64794E-002	1.21834E-006
6.44765E-002	1.18622E-006
6.24650E-002	1.15805E-006
6.04533E-002	1.13037E-006
5.84627E-002	1.10054E-006
5.64626E-002	1.07528E-006
5.44647E-002	1.05315E-006
5.24785E-002	1.03393E-006
5.04651E-002	1.00583E-006
4.84682E-002	9.77594E-007
4.64502E-002	9.51646E-007
4.44523E-002	9.35273E-007
4.24519E-002	9.11961E-007
4.04506E-002	8.86915E-007
3.84592E-002	8.68252E-007
3.64425E-002	8.52502E-007
3.44493E-002	8.32521E-007
3.24543E-002	8.10874E-007
3.04487E-002	7.90477E-007
2.84528E-002	7.73964E-007
2.64570E-002	7.55648E-007
2.44513E-002	7.38719E-007
2.24544E-002	7.23525E-007
2.04386E-002	7.02711E-007
1.84394E-002	6.86268E-007
1.64400E-002	6.71212E-007
1.44440E-002	6.52133E-007
1.24300E-002	6.39367E-007
1.04254E-002	6.21051E-007
8.43097E-003	6.04330E-007
6.42282E-003	5.94409E-007
4.44054E-003	5.81227E-007
2.44031E-003	5.67490E-007
4.45719E-004	5.42027E-007
-1.56139E-003	5.34673E-007
-3.58352E-003	5.25029E-007
-5.57853E-003	5.12332E-007
-7.57645E-003	4.98387E-007
-9.57751E-003	4.89576E-007
-1.15658E-002	4.74867E-007
-1.35911E-002	4.56967E-007
-1.55824E-002	4.45173E-007
-1.75845E-002	4.30811E-007
-1.95891E-002	4.21653E-007
-2.15872E-002	4.10691E-007
-2.35751E-002	4.01880E-007
-2.55972E-002	3.84743E-007
-2.76137E-002	3.68230E-007
-2.95883E-002	3.63096E-007
-3.15944E-002	3.46306E-007
-3.35975E-002	3.37217E-007
-3.55982E-002	3.18624E-007
-3.75982E-002	3.09465E-007
-3.96057E-002	2.98018E-007
-4.16153E-002	2.78591E-007
-4.36057E-002	2.65340E-007
-4.56047E-002	2.56667E-007
-4.75868E-002	2.43693E-007
-4.95968E-002	2.19133E-007
-5.15989E-002	2.09489E-007
-5.36271E-002	1.97694E-007
-5.56186E-002	1.77644E-007
-5.76117E-002	1.63976E-007
-5.96069E-002	1.48365E-007
-6.16059E-002	1.32616E-007
-6.36099E-002	1.17630E-007
-6.56220E-002	1.04795E-007
-6.76122E-002	9.02942E-008
-6.96164E-002	7.45450E-008
-7.16145E-002	6.73989E-008
-7.36225E-002	4.22833E-008
-7.56175E-002	2.92399E-008
-7.76150E-002	8.84217E-009
-7.96333E-002	-5.03380E-009
-8.16292E-002	-2.79292E-008
-8.36315E-002	-4.52742E-008
-8.56205E-002	-6.69901E-008
-8.76125E-002	-8.87754E-008
-8.96416E-002	-1.08618E-007
-9.16382E-002	-1.31375E-007
-9.36370E-002	-1.54617E-007
-9.56270E-002	-1.76472E-007
-9.76322E-002	-2.02836E-007
-9.96325E-002	-2.26842E-007
-1.01627E-001	-2.58687E-007
-1.03629E-001	-2.85398E-007
-1.05648E-001	-3.14260E-007
-1.07645E-001	-3.44649E-007
-1.09638E-001	-3.76216E-007
-1.11644E-001	-4.10560E-007
-1.13639E-001	-4.46082E-007
-1.15641E-001	-4.76054E-007
-1.17658E-001	-5.20110E-007
-1.19649E-001	-5.60212E-007
-1.21648E-001	-6.03019E-007
-1.23651E-001	-6.48463E-007
-1.25638E-001	-6.92797E-007
-1.27646E-001	-7.44346E-007
-1.29651E-001	-7.89790E-007
-1.31662E-001	-8.40715E-007
-1.33655E-001	-8.97884E-007
-1.35658E-001	-9.54429E-007
-1.37645E-001	-1.01292E-006
-1.39655E-001	-1.07591E-006
-1.41663E-001	-1.13239E-006
-1.43665E-001	-1.19996E-006
-1.45660E-001	-1.26657E-006
-1.47652E-001	-1.32797E-006
-1.49658E-001	-1.40387E-006
-1.51655E-001	-1.47672E-006
-1.53656E-001	-1.55228E-006
-1.55654E-001	-1.62818E-006
-1.57678E-001	-1.70373E-006
-1.59679E-001	-1.78477E-006
-1.61669E-001	-1.86247E-006
-1.63672E-001	-1.94469E-006
-1.65662E-001	-2.03197E-006
-1.67676E-001	-2.11398E-006
-1.69676E-001	-2.19765E-006
-1.71674E-001	-2.28146E-006
-1.73675E-001	-2.36159E-006
-1.75671E-001	-2.44464E-006
-1.77674E-001	-2.52242E-006
-1.79678E-001	-2.60303E-006
-1.81677E-001	-2.68213E-006
-1.83686E-001	-2.75768E-006
-1.85690E-001	-2.83574E-006
-1.87687E-001	-2.91282E-006
-1.89683E-001	-2.97567E-006
-1.91672E-001	-3.04422E-006
-1.93694E-001	-3.09383E-006
-1.95693E-001	-3.16251E-006
-1.97691E-001	-3.23696E-006
-1.99677E-001	-3.28448E-006
-2.01681E-001	-3.34561E-006
-2.03673E-001	-3.39105E-006
-2.05690E-001	-3.44454E-006
-2.07692E-001	-3.49297E-006
-2.09688E-001	-3.53065E-006
-2.11692E-001	-3.57727E-006
-2.13690E-001	-3.61348E-006
-2.15687E-001	-3.64033E-006
-2.17679E-001	-3.68002E-006
-2.19693E-001	-3.69619E-006
-2.21697E-001	-3.72470E-006
-2.23696E-001	-3.75155E-006
-2.25689E-001	-3.77847E-006
-2.27695E-001	-3.78777E-006
-2.29681E-001	-3.81032E-006
-2.31695E-001	-3.82967E-006
-2.33703E-001	-3.84112E-006
-2.35702E-001	-3.84674E-006
-2.37699E-001	-3.85964E-006
-2.39702E-001	-3.86506E-006
-2.41692E-001	-3.87595E-006
-2.43723E-001	-3.88205E-006
-2.45713E-001	-3.87949E-006
-2.47702E-001	-3.88219E-006
-2.49716E-001	-3.87845E-006
-2.51695E-001	-3.86825E-006
-2.53702E-001	-3.87893E-006
-2.55699E-001	-3.87630E-006
-2.57716E-001	-3.87637E-006
-2.59716E-001	-3.85874E-006
-2.61717E-001	-3.86284E-006
-2.63720E-001	-3.88809E-006
-2.65714E-001	-3.88296E-006
-2.67715E-001	-3.87317E-006
-2.69738E-001	-3.85493E-006
-2.71718E-001	-3.86110E-006
-2.73716E-001	-3.86214E-006
-2.75721E-001	-3.85611E-006
-2.77720E-001	-3.85423E-006
-2.79719E-001	-3.82225E-006
-2.81715E-001	-3.83148E-006
-2.83727E-001	-3.83127E-006
-2.85740E-001	-3.82024E-006
-2.87732E-001	-3.82495E-006
-2.89732E-001	-3.83758E-006
-2.91736E-001	-3.82745E-006
-2.93724E-001	-3.81378E-006
-2.95741E-001	-3.81545E-006
-2.97748E-001	-3.81677E-006
-2.99736E-001	-3.80477E-006
-3.01741E-001	-3.81864E-006
-3.03722E-001	-3.79790E-006
-3.05723E-001	-3.78471E-006
-3.07724E-001	-3.77889E-006
-3.09730E-001	-3.78707E-006
-3.11757E-001	-3.78076E-006
-3.13744E-001	-3.77139E-006
-3.15750E-001	-3.75745E-006
-3.17740E-001	-3.74940E-006
-3.19742E-001	-3.74989E-006
-3.21755E-001	-3.75065E-006
-3.23761E-001	-3.74989E-006
-3.25748E-001	-3.74239E-006
-3.27765E-001	-3.73712E-006
-3.29758E-001	-3.73074E-006
-3.31756E-001	-3.73129E-006
-3.33763E-001	-3.72553E-006
-3.35765E-001	-3.72304E-006
-3.37769E-001	-3.72054E-006
-3.39768E-001	-3.72172E-006
-3.41768E-001	-3.71922E-006
-3.43767E-001	-3.71235E-006
-3.45753E-001	-3.71020E-006
-3.47778E-001	-3.71124E-006
-3.49775E-001	-3.71124E-006
-3.51775E-001	-3.70555E-006
-3.53761E-001	-3.69854E-006
-3.55764E-001	-3.69022E-006
-3.57761E-001	-3.68987E-006
-3.59767E-001	-3.67759E-006
-3.61778E-001	-3.67919E-006
-3.63784E-001	-3.67398E-006
-3.65787E-001	-3.67163E-006
-3.67778E-001	-3.66476E-006
-3.69773E-001	-3.65934E-006
-3.71795E-001	-3.65088E-006
-3.73787E-001	-3.63617E-006
-3.75777E-001	-3.63687E-006
-3.77781E-001	-3.63180E-006
-3.79789E-001	-3.62556E-006
-3.81790E-001	-3.62139E-006
-3.83772E-001	-3.61154E-006
-3.85779E-001	-3.60558E-006
-3.87792E-001	-3.59607E-006
-3.89790E-001	-3.58740E-006
-3.91792E-001	-3.58705E-006
-3.93786E-001	-3.58344E-006
-3.95783E-001	-3.57810E-006
-3.97803E-001	-3.56832E-006
-3.99787E-001	-3.56096E-006
-4.01792E-001	-3.55028E-006
-4.03804E-001	-3.54369E-006
-4.05787E-001	-3.53363E-006
-4.07780E-001	-3.52766E-006
-4.09783E-001	-3.52190E-006
-4.11807E-001	-3.51490E-006
-4.13797E-001	-3.50324E-006
-4.15791E-001	-3.49956E-006
-4.17783E-001	-3.49360E-006
-4.19782E-001	-3.48666E-006
-4.21785E-001	-3.48034E-006
-4.23804E-001	-3.47348E-006
-4.25808E-001	-3.47396E-006
-4.27798E-001	-3.46793E-006
-4.29809E-001	-3.45918E-006
-4.31805E-001	-3.45100E-006
-4.33797E-001	-3.44330E-006
-4.35814E-001	-3.44316E-006
-4.37805E-001	-3.43809E-006
-4.39810E-001	-3.42893E-006
-4.41803E-001	-3.42213E-006
-4.43817E-001	-3.41513E-006
-4.45800E-001	-3.40923E-006
-4.47791E-001	-3.40687E-006
-4.49817E-001	-3.40541E-006
-4.51821E-001	-3.40472E-006
-4.53818E-001	-3.40271E-006
-4.55812E-001	-3.40042E-006
-4.57800E-001	-3.39327E-006
-4.59807E-001	-3.38932E-006
-4.61806E-001	-3.38169E-006
-4.63822E-001	-3.37759E-006
-4.65815E-001	-3.37523E-006
-4.67831E-001	-3.38065E-006
-4.69818E-001	-3.37697E-006
-4.71807E-001	-3.36809E-006
-4.73814E-001	-3.37017E-006
-4.75817E-001	-3.36330E-006
-4.77815E-001	-3.36046E-006
-4.79826E-001	-3.36510E-006
-4.81815E-001	-3.36205E-006
-4.83823E-001	-3.36039E-006
-4.85812E-001	-3.35414E-006
-4.87830E-001	-3.34873E-006
-4.89836E-001	-3.35178E-006
-4.91832E-001	-3.35380E-006
-4.93841E-001	-3.35456E-006
-4.95835E-001	-3.34880E-006
-4.97821E-001	-3.34616E-006
-4.99841E-001	-3.34450E-006
-5.01851E-001	-3.35366E-006
-5.03839E-001	-3.34811E-006
-5.05833E-001	-3.34304E-006
-5.07830E-001	-3.35269E-006
-5.09824E-001	-3.35151E-006
-5.11826E-001	-3.35407E-006
-5.13821E-001	-3.34873E-006
-5.15844E-001	-3.35352E-006
-5.17840E-001	-3.35428E-006
-5.19844E-001	-3.35560E-006
-5.21838E-001	-3.35435E-006
-5.23832E-001	-3.35400E-006
-5.25864E-001	-3.35588E-006
-5.27852E-001	-3.35331E-006
-5.29855E-001	-3.35040E-006
-5.31856E-001	-3.35227E-006
-5.33845E-001	-3.35664E-006
-5.35841E-001	-3.35692E-006
-5.37842E-001	-3.35636E-006
-5.39859E-001	-3.36101E-006
-5.41864E-001	-3.36004E-006
-5.43855E-001	-3.36455E-006
-5.45859E-001	-3.37225E-006
-5.47868E-001	-3.36830E-006
-5.49856E-001	-3.37086E-006
-5.51883E-001	-3.37440E-006
-5.53869E-001	-3.37558E-006
-5.55876E-001	-3.38398E-006
-5.57862E-001	-3.37995E-006
-5.59863E-001	-3.38529E-006
-5.61858E-001	-3.38696E-006
-5.63863E-001	-3.39001E-006
-5.65854E-001	-3.38717E-006
-5.67877E-001	-3.39424E-006
-5.69885E-001	-3.39737E-006
-5.71875E-001	-3.40278E-006
-5.73867E-001	-3.40285E-006
-5.75855E-001	-3.40548E-006
-5.77867E-001	-3.40340E-006
-5.79877E-001	-3.40840E-006
-5.81872E-001	-3.41312E-006
-5.83886E-001	-3.42200E-006
-5.85879E-001	-3.41700E-006
-5.87867E-001	-3.42415E-006
-5.89890E-001	-3.42866E-006
-5.91875E-001	-3.43122E-006
-5.93888E-001	-3.42817E-006
-5.95882E-001	-3.43469E-006
-5.97883E-001	-3.43192E-006
-5.99876E-001	-3.43788E-006
