Vf	Im
V vs. Ref.	A
-5.97881E-001	-3.38488E-006
-5.95883E-001	-3.35109E-006
-5.93884E-001	-3.32167E-006
-5.91875E-001	-3.28802E-006
-5.89883E-001	-3.26527E-006
-5.87868E-001	-3.23120E-006
-5.85876E-001	-3.21615E-006
-5.83874E-001	-3.19131E-006
-5.81871E-001	-3.16876E-006
-5.79859E-001	-3.14517E-006
-5.77876E-001	-3.13567E-006
-5.75859E-001	-3.11922E-006
-5.73868E-001	-3.09931E-006
-5.71869E-001	-3.08065E-006
-5.69866E-001	-3.06476E-006
-5.67869E-001	-3.05047E-006
-5.65848E-001	-3.02757E-006
-5.63854E-001	-3.01869E-006
-5.61843E-001	-3.00280E-006
-5.59857E-001	-2.98802E-006
-5.57858E-001	-2.97290E-006
-5.55863E-001	-2.96090E-006
-5.53861E-001	-2.94570E-006
-5.51871E-001	-2.93301E-006
-5.49852E-001	-2.92267E-006
-5.47856E-001	-2.90546E-006
-5.45851E-001	-2.88756E-006
-5.43848E-001	-2.87424E-006
-5.41860E-001	-2.85787E-006
-5.39852E-001	-2.85058E-006
-5.37846E-001	-2.83990E-006
-5.35831E-001	-2.82679E-006
-5.33845E-001	-2.81742E-006
-5.31856E-001	-2.80632E-006
-5.29855E-001	-2.79369E-006
-5.27848E-001	-2.78183E-006
-5.25852E-001	-2.77281E-006
-5.23831E-001	-2.76740E-006
-5.21830E-001	-2.75276E-006
-5.19838E-001	-2.74069E-006
-5.17842E-001	-2.72792E-006
-5.15842E-001	-2.71751E-006
-5.13819E-001	-2.70655E-006
-5.11819E-001	-2.69684E-006
-5.09820E-001	-2.68782E-006
-5.07825E-001	-2.67935E-006
-5.05820E-001	-2.66714E-006
-5.03830E-001	-2.65889E-006
-5.01840E-001	-2.65021E-006
-4.99841E-001	-2.63731E-006
-4.97824E-001	-2.63315E-006
-4.95825E-001	-2.61969E-006
-4.93824E-001	-2.60338E-006
-4.91820E-001	-2.59610E-006
-4.89830E-001	-2.58964E-006
-4.87811E-001	-2.57827E-006
-4.85804E-001	-2.57299E-006
-4.83824E-001	-2.56883E-006
-4.81809E-001	-2.55842E-006
-4.79814E-001	-2.54760E-006
-4.77816E-001	-2.54399E-006
-4.75808E-001	-2.53518E-006
-4.73810E-001	-2.52144E-006
-4.71809E-001	-2.51777E-006
-4.69823E-001	-2.51249E-006
-4.67823E-001	-2.50632E-006
-4.65813E-001	-2.49182E-006
-4.63815E-001	-2.48557E-006
-4.61800E-001	-2.47579E-006
-4.59803E-001	-2.46670E-006
-4.57795E-001	-2.45984E-006
-4.55807E-001	-2.44873E-006
-4.53813E-001	-2.44450E-006
-4.51809E-001	-2.43999E-006
-4.49807E-001	-2.42563E-006
-4.47789E-001	-2.42161E-006
-4.45800E-001	-2.41411E-006
-4.43805E-001	-2.40329E-006
-4.41800E-001	-2.39379E-006
-4.39801E-001	-2.38539E-006
-4.37802E-001	-2.38206E-006
-4.35806E-001	-2.36992E-006
-4.33789E-001	-2.36451E-006
-4.31791E-001	-2.35688E-006
-4.29794E-001	-2.34924E-006
-4.27793E-001	-2.33988E-006
-4.25790E-001	-2.33065E-006
-4.23787E-001	-2.32260E-006
-4.21780E-001	-2.31546E-006
-4.19785E-001	-2.31095E-006
-4.17788E-001	-2.30435E-006
-4.15784E-001	-2.29284E-006
-4.13788E-001	-2.28514E-006
-4.11792E-001	-2.27376E-006
-4.09778E-001	-2.27549E-006
-4.07782E-001	-2.25960E-006
-4.05774E-001	-2.24920E-006
-4.03786E-001	-2.24642E-006
-4.01784E-001	-2.23997E-006
-3.99784E-001	-2.22998E-006
-3.97806E-001	-2.22283E-006
-3.95767E-001	-2.21152E-006
-3.93776E-001	-2.20840E-006
-3.91778E-001	-2.20035E-006
-3.89782E-001	-2.18953E-006
-3.87776E-001	-2.17912E-006
-3.85777E-001	-2.16705E-006
-3.83765E-001	-2.16296E-006
-3.81770E-001	-2.15526E-006
-3.79762E-001	-2.13937E-006
-3.77775E-001	-2.14020E-006
-3.75777E-001	-2.13056E-006
-3.73775E-001	-2.12237E-006
-3.71786E-001	-2.11030E-006
-3.69762E-001	-2.10315E-006
-3.67771E-001	-2.09739E-006
-3.65784E-001	-2.08796E-006
-3.63770E-001	-2.07679E-006
-3.61759E-001	-2.06756E-006
-3.59760E-001	-2.06166E-006
-3.57752E-001	-2.05584E-006
-3.55760E-001	-2.04217E-006
-3.53756E-001	-2.03467E-006
-3.51763E-001	-2.03134E-006
-3.49760E-001	-2.01927E-006
-3.47772E-001	-2.01109E-006
-3.45742E-001	-2.00200E-006
-3.43753E-001	-1.98597E-006
-3.41755E-001	-1.97917E-006
-3.39760E-001	-1.97140E-006
-3.37755E-001	-1.95808E-006
-3.35755E-001	-1.94552E-006
-3.33752E-001	-1.93373E-006
-3.31743E-001	-1.92110E-006
-3.29756E-001	-1.90861E-006
-3.27755E-001	-1.90063E-006
-3.25745E-001	-1.88613E-006
-3.23757E-001	-1.87593E-006
-3.21738E-001	-1.86462E-006
-3.19737E-001	-1.84388E-006
-3.17726E-001	-1.84090E-006
-3.15741E-001	-1.83091E-006
-3.13738E-001	-1.81592E-006
-3.11752E-001	-1.80641E-006
-3.09718E-001	-1.78144E-006
-3.07730E-001	-1.77852E-006
-3.05713E-001	-1.75979E-006
-3.03724E-001	-1.75154E-006
-3.01727E-001	-1.73197E-006
-2.99729E-001	-1.72129E-006
-2.97746E-001	-1.70859E-006
-2.95740E-001	-1.68979E-006
-2.93720E-001	-1.67321E-006
-2.91726E-001	-1.66065E-006
-2.89731E-001	-1.64656E-006
-2.87722E-001	-1.62929E-006
-2.85725E-001	-1.60993E-006
-2.83720E-001	-1.59612E-006
-2.81715E-001	-1.58398E-006
-2.79719E-001	-1.56393E-006
-2.77719E-001	-1.54013E-006
-2.75714E-001	-1.52001E-006
-2.73700E-001	-1.49108E-006
-2.71712E-001	-1.47173E-006
-2.69724E-001	-1.45507E-006
-2.67715E-001	-1.43225E-006
-2.65707E-001	-1.40255E-006
-2.63720E-001	-1.38479E-006
-2.61716E-001	-1.35954E-006
-2.59716E-001	-1.33186E-006
-2.57705E-001	-1.30195E-006
-2.55687E-001	-1.26643E-006
-2.53697E-001	-1.23597E-006
-2.51706E-001	-1.21058E-006
-2.49717E-001	-1.17693E-006
-2.47698E-001	-1.13627E-006
-2.45715E-001	-1.11102E-006
-2.43723E-001	-1.06953E-006
-2.41691E-001	-1.02686E-006
-2.39692E-001	-9.90298E-007
-2.37706E-001	-9.45202E-007
-2.35701E-001	-9.01353E-007
-2.33700E-001	-8.55909E-007
-2.31694E-001	-8.04707E-007
-2.29683E-001	-7.57182E-007
-2.27694E-001	-6.99250E-007
-2.25690E-001	-6.51863E-007
-2.23694E-001	-6.00244E-007
-2.21693E-001	-5.37317E-007
-2.19695E-001	-4.82090E-007
-2.17675E-001	-4.18816E-007
-2.15680E-001	-3.56166E-007
-2.13689E-001	-2.93377E-007
-2.11688E-001	-2.26217E-007
-2.09687E-001	-1.61347E-007
-2.07688E-001	-9.18975E-008
-2.05683E-001	-2.27951E-008
-2.03663E-001	5.13721E-008
-2.01673E-001	1.25747E-007
-1.99675E-001	1.99498E-007
-1.97687E-001	2.83101E-007
-1.95679E-001	3.61778E-007
-1.93687E-001	4.34141E-007
-1.91673E-001	5.13443E-007
-1.89682E-001	5.83169E-007
-1.87680E-001	6.62956E-007
-1.85681E-001	7.36499E-007
-1.83680E-001	8.05948E-007
-1.81671E-001	8.79422E-007
-1.79682E-001	9.48663E-007
-1.77671E-001	1.01326E-006
-1.75674E-001	1.07875E-006
-1.73673E-001	1.14605E-006
-1.71667E-001	1.20648E-006
-1.69670E-001	1.27017E-006
-1.67668E-001	1.33677E-006
-1.65657E-001	1.38409E-006
-1.63669E-001	1.43529E-006
-1.61658E-001	1.48726E-006
-1.59670E-001	1.52868E-006
-1.57668E-001	1.57926E-006
-1.55646E-001	1.61839E-006
-1.53652E-001	1.64933E-006
-1.51651E-001	1.69096E-006
-1.49655E-001	1.72385E-006
-1.47648E-001	1.74820E-006
-1.45660E-001	1.77727E-006
-1.43660E-001	1.80592E-006
-1.41657E-001	1.83326E-006
-1.39642E-001	1.85657E-006
-1.37643E-001	1.87551E-006
-1.35648E-001	1.88592E-006
-1.33649E-001	1.90000E-006
-1.31655E-001	1.91832E-006
-1.29644E-001	1.92144E-006
-1.27633E-001	1.92643E-006
-1.25634E-001	1.92970E-006
-1.23637E-001	1.93636E-006
-1.21642E-001	1.93865E-006
-1.19650E-001	1.94982E-006
-1.17648E-001	1.94891E-006
-1.15651E-001	1.95197E-006
-1.13640E-001	1.95127E-006
-1.11646E-001	1.94871E-006
-1.09643E-001	1.95100E-006
-1.07648E-001	1.94954E-006
-1.05646E-001	1.94968E-006
-1.03626E-001	1.94947E-006
-1.01616E-001	1.94968E-006
-9.96277E-002	1.94475E-006
-9.76249E-002	1.93816E-006
-9.56264E-002	1.93268E-006
-9.36234E-002	1.93982E-006
-9.16362E-002	1.93358E-006
-8.96491E-002	1.92928E-006
-8.76121E-002	1.92491E-006
-8.56221E-002	1.92449E-006
-8.36296E-002	1.92199E-006
-8.16223E-002	1.92005E-006
-7.96308E-002	1.91450E-006
-7.76254E-002	1.90888E-006
-7.56154E-002	1.90708E-006
-7.36072E-002	1.90167E-006
-7.16222E-002	1.89979E-006
-6.96137E-002	1.90243E-006
-6.76088E-002	1.90125E-006
-6.56157E-002	1.89827E-006
-6.36071E-002	1.89688E-006
-6.16111E-002	1.89279E-006
-5.96006E-002	1.90278E-006
-5.76029E-002	1.90375E-006
-5.56200E-002	1.89882E-006
-5.36275E-002	1.89195E-006
-5.15939E-002	1.88779E-006
-4.95999E-002	1.88939E-006
-4.75935E-002	1.88890E-006
-4.55997E-002	1.89612E-006
-4.36045E-002	1.89265E-006
-4.16124E-002	1.88945E-006
-3.96017E-002	1.89445E-006
-3.75900E-002	1.89251E-006
-3.55886E-002	1.89667E-006
-3.35894E-002	1.89417E-006
-3.15852E-002	1.89986E-006
-2.95989E-002	1.89438E-006
-2.76050E-002	1.89667E-006
-2.55847E-002	1.89556E-006
-2.35803E-002	1.89625E-006
-2.15824E-002	1.90333E-006
-1.95866E-002	1.90389E-006
-1.75909E-002	1.90756E-006
-1.55844E-002	1.90930E-006
-1.35924E-002	1.91783E-006
-1.15717E-002	1.91124E-006
-9.58127E-003	1.91589E-006
-7.57917E-003	1.92227E-006
-5.57707E-003	1.92303E-006
-3.57830E-003	1.92352E-006
-1.55409E-003	1.92942E-006
4.55106E-004	1.92789E-006
2.43238E-003	1.92657E-006
4.44992E-003	1.93289E-006
6.43367E-003	1.93490E-006
8.42409E-003	1.93927E-006
1.04320E-002	1.94225E-006
1.24389E-002	1.94815E-006
1.44377E-002	1.94163E-006
1.64410E-002	1.95613E-006
1.84365E-002	1.95474E-006
2.04302E-002	1.95821E-006
2.24557E-002	1.96688E-006
2.44488E-002	1.97250E-006
2.64586E-002	1.97896E-006
2.84562E-002	1.98936E-006
3.04553E-002	1.99921E-006
3.24675E-002	2.00650E-006
3.44543E-002	2.01122E-006
3.64362E-002	2.01073E-006
3.84646E-002	2.02211E-006
4.04577E-002	2.03335E-006
4.24494E-002	2.03349E-006
4.44504E-002	2.04056E-006
4.64507E-002	2.05146E-006
4.84728E-002	2.05395E-006
5.04724E-002	2.06332E-006
5.24791E-002	2.06721E-006
5.44649E-002	2.06901E-006
5.64587E-002	2.07636E-006
5.84804E-002	2.09246E-006
6.04616E-002	2.09642E-006
6.24706E-002	2.10134E-006
6.44777E-002	2.10412E-006
6.64684E-002	2.11355E-006
6.84686E-002	2.12021E-006
7.04815E-002	2.13194E-006
7.24653E-002	2.14075E-006
7.44801E-002	2.15331E-006
7.64753E-002	2.15456E-006
7.84956E-002	2.16364E-006
8.04889E-002	2.16559E-006
8.24779E-002	2.17558E-006
8.44806E-002	2.18252E-006
8.64808E-002	2.18494E-006
8.84838E-002	2.19292E-006
9.04944E-002	2.19674E-006
9.25009E-002	2.20555E-006
9.44946E-002	2.20957E-006
9.64922E-002	2.21499E-006
9.85026E-002	2.22234E-006
1.00508E-001	2.22997E-006
9.85026E-002	2.05749E-006
9.64982E-002	1.94239E-006
9.44823E-002	1.85164E-006
9.24975E-002	1.77373E-006
9.04929E-002	1.70574E-006
8.84902E-002	1.64350E-006
8.64833E-002	1.58481E-006
8.44750E-002	1.53534E-006
8.24727E-002	1.48566E-006
8.04885E-002	1.44327E-006
7.85004E-002	1.40643E-006
7.64828E-002	1.36682E-006
7.44832E-002	1.32741E-006
7.24697E-002	1.29161E-006
7.04882E-002	1.25428E-006
6.84753E-002	1.21827E-006
6.64800E-002	1.19073E-006
6.44879E-002	1.16235E-006
6.24652E-002	1.13134E-006
6.04668E-002	1.10463E-006
5.84664E-002	1.07944E-006
5.64756E-002	1.04906E-006
5.44772E-002	1.02352E-006
5.24770E-002	1.00098E-006
5.04638E-002	9.80925E-007
4.84701E-002	9.57266E-007
4.64536E-002	9.32428E-007
4.44461E-002	9.08006E-007
4.24486E-002	8.85250E-007
4.04492E-002	8.61244E-007
3.84702E-002	8.49519E-007
3.64443E-002	8.20449E-007
3.44641E-002	8.08030E-007
3.24545E-002	7.88465E-007
3.04489E-002	7.66818E-007
2.84601E-002	7.48502E-007
2.64607E-002	7.27827E-007
2.44526E-002	7.12424E-007
2.24559E-002	6.93969E-007
2.04457E-002	6.73710E-007
1.84628E-002	6.60251E-007
1.64375E-002	6.40477E-007
1.44460E-002	6.23965E-007
1.24264E-002	6.13627E-007
1.04312E-002	5.99543E-007
8.43660E-003	5.83378E-007
6.44097E-003	5.71028E-007
4.43803E-003	5.47994E-007
2.44991E-003	5.40986E-007
4.53854E-004	5.25862E-007
-1.55993E-003	5.10667E-007
-3.58039E-003	4.95404E-007
-5.58916E-003	4.84858E-007
-7.58271E-003	4.69594E-007
-9.58002E-003	4.64044E-007
-1.15677E-002	4.49821E-007
-1.36011E-002	4.30811E-007
-1.55819E-002	4.17906E-007
-1.75966E-002	4.09303E-007
-1.95855E-002	3.97856E-007
-2.15862E-002	3.84257E-007
-2.35814E-002	3.70034E-007
-2.55962E-002	3.57685E-007
-2.76073E-002	3.43531E-007
-2.95883E-002	3.35691E-007
-3.15963E-002	3.22093E-007
-3.36017E-002	3.06760E-007
-3.55938E-002	2.95381E-007
-3.75973E-002	2.78383E-007
-3.96036E-002	2.70266E-007
-4.16061E-002	2.53268E-007
-4.36022E-002	2.38212E-007
-4.56062E-002	2.25932E-007
-4.75686E-002	2.23642E-007
-4.96056E-002	1.95544E-007
-5.15968E-002	1.91450E-007
-5.36212E-002	1.85830E-007
-5.56163E-002	1.57246E-007
-5.76125E-002	1.44064E-007
-5.96094E-002	1.28800E-007
-6.16084E-002	1.10345E-007
-6.36026E-002	1.02366E-007
-6.56195E-002	8.41194E-008
-6.76090E-002	7.16310E-008
-6.96189E-002	5.76857E-008
-7.16237E-002	3.75655E-008
-7.36187E-002	2.36201E-008
-7.56177E-002	8.84217E-009
-7.76093E-002	-9.33536E-009
-7.96265E-002	-2.71660E-008
-8.16300E-002	-4.54823E-008
-8.36388E-002	-6.26886E-008
-8.56188E-002	-8.16987E-008
-8.76130E-002	-9.95293E-008
-8.96420E-002	-1.20274E-007
-9.16332E-002	-1.41435E-007
-9.36380E-002	-1.63081E-007
-9.56266E-002	-1.92429E-007
-9.76324E-002	-2.18169E-007
-9.96264E-002	-2.52928E-007
-1.01629E-001	-2.78599E-007
-1.03618E-001	-2.99274E-007
-1.05640E-001	-3.28552E-007
-1.07638E-001	-3.60051E-007
-1.09644E-001	-3.95227E-007
-1.11645E-001	-4.26725E-007
-1.13637E-001	-4.61276E-007
-1.15651E-001	-4.93330E-007
-1.17652E-001	-5.37455E-007
-1.19647E-001	-5.80055E-007
-1.21641E-001	-6.20781E-007
-1.23638E-001	-6.58246E-007
-1.25639E-001	-7.05008E-007
-1.27636E-001	-7.54476E-007
-1.29647E-001	-8.01863E-007
-1.31659E-001	-8.56048E-007
-1.33655E-001	-9.20572E-007
-1.35650E-001	-9.71358E-007
-1.37645E-001	-1.02131E-006
-1.39647E-001	-1.04559E-006
-1.41664E-001	-1.14807E-006
-1.43661E-001	-1.20905E-006
-1.45663E-001	-1.27864E-006
-1.47655E-001	-1.35420E-006
-1.49659E-001	-1.42656E-006
-1.51650E-001	-1.49858E-006
-1.53653E-001	-1.57052E-006
-1.55655E-001	-1.64240E-006
-1.57670E-001	-1.72233E-006
-1.59672E-001	-1.79788E-006
-1.61668E-001	-1.88343E-006
-1.63672E-001	-1.95801E-006
-1.65660E-001	-2.04293E-006
-1.67661E-001	-2.12695E-006
-1.69673E-001	-2.20535E-006
-1.71671E-001	-2.28722E-006
-1.73682E-001	-2.37727E-006
-1.75681E-001	-2.45415E-006
-1.77671E-001	-2.54087E-006
-1.79684E-001	-2.61774E-006
-1.81675E-001	-2.70329E-006
-1.83678E-001	-2.77218E-006
-1.85678E-001	-2.84552E-006
-1.87686E-001	-2.91629E-006
-1.89682E-001	-2.99066E-006
-1.91668E-001	-3.06184E-006
-1.93696E-001	-3.12477E-006
-1.95691E-001	-3.18111E-006
-1.97694E-001	-3.25396E-006
-1.99678E-001	-3.31362E-006
-2.01680E-001	-3.36913E-006
-2.03669E-001	-3.41443E-006
-2.05687E-001	-3.46536E-006
-2.07689E-001	-3.51476E-006
-2.09686E-001	-3.55611E-006
-2.11688E-001	-3.59857E-006
-2.13692E-001	-3.63007E-006
-2.15685E-001	-3.66462E-006
-2.17677E-001	-3.69577E-006
-2.19703E-001	-3.72990E-006
-2.21692E-001	-3.74454E-006
-2.23701E-001	-3.76591E-006
-2.25687E-001	-3.79887E-006
-2.27692E-001	-3.81018E-006
-2.29685E-001	-3.82849E-006
-2.31696E-001	-3.84147E-006
-2.33700E-001	-3.84903E-006
-2.35703E-001	-3.85784E-006
-2.37709E-001	-3.86381E-006
-2.39698E-001	-3.87470E-006
-2.41686E-001	-3.88615E-006
-2.43719E-001	-3.89316E-006
-2.45719E-001	-3.88754E-006
-2.47703E-001	-3.89482E-006
-2.49718E-001	-3.89982E-006
-2.51696E-001	-3.89864E-006
-2.53700E-001	-3.89482E-006
-2.55697E-001	-3.89239E-006
-2.57707E-001	-3.89510E-006
-2.59717E-001	-3.89427E-006
-2.61719E-001	-3.88906E-006
-2.63729E-001	-3.89780E-006
-2.65714E-001	-3.88913E-006
-2.67719E-001	-3.88663E-006
-2.69731E-001	-3.88469E-006
-2.71716E-001	-3.88275E-006
-2.73715E-001	-3.87657E-006
-2.75720E-001	-3.87269E-006
-2.77712E-001	-3.86693E-006
-2.79720E-001	-3.85923E-006
-2.81712E-001	-3.86450E-006
-2.83729E-001	-3.85562E-006
-2.85739E-001	-3.85021E-006
-2.87732E-001	-3.84854E-006
-2.89730E-001	-3.84514E-006
-2.91726E-001	-3.83599E-006
-2.93725E-001	-3.83654E-006
-2.95733E-001	-3.83585E-006
-2.97739E-001	-3.83051E-006
-2.99740E-001	-3.83009E-006
-3.01729E-001	-3.82419E-006
-3.03729E-001	-3.83342E-006
-3.05716E-001	-3.82336E-006
-3.07726E-001	-3.81836E-006
-3.09731E-001	-3.81476E-006
-3.11758E-001	-3.81490E-006
-3.13741E-001	-3.81261E-006
-3.15736E-001	-3.81018E-006
-3.17730E-001	-3.79908E-006
-3.19742E-001	-3.80490E-006
-3.21756E-001	-3.80171E-006
-3.23754E-001	-3.78867E-006
-3.25747E-001	-3.78978E-006
-3.27751E-001	-3.78673E-006
-3.29757E-001	-3.78992E-006
-3.31744E-001	-3.77840E-006
-3.33758E-001	-3.78069E-006
-3.35759E-001	-3.77535E-006
-3.37754E-001	-3.77313E-006
-3.39759E-001	-3.76820E-006
-3.41756E-001	-3.76855E-006
-3.43753E-001	-3.75780E-006
-3.45750E-001	-3.76008E-006
-3.47767E-001	-3.75613E-006
-3.49764E-001	-3.75495E-006
-3.51769E-001	-3.74690E-006
-3.53752E-001	-3.74184E-006
-3.55761E-001	-3.73948E-006
-3.57753E-001	-3.73976E-006
-3.59762E-001	-3.73310E-006
-3.61769E-001	-3.72449E-006
-3.63786E-001	-3.72567E-006
-3.65782E-001	-3.72082E-006
-3.67770E-001	-3.71506E-006
-3.69768E-001	-3.70486E-006
-3.71790E-001	-3.70056E-006
-3.73782E-001	-3.69785E-006
-3.75774E-001	-3.68737E-006
-3.77778E-001	-3.68502E-006
-3.79776E-001	-3.67662E-006
-3.81775E-001	-3.66996E-006
-3.83762E-001	-3.67156E-006
-3.85783E-001	-3.66191E-006
-3.87777E-001	-3.65525E-006
-3.89784E-001	-3.65352E-006
-3.91788E-001	-3.64866E-006
-3.93783E-001	-3.63714E-006
-3.95773E-001	-3.63485E-006
-3.97801E-001	-3.62570E-006
-3.99787E-001	-3.62001E-006
-4.01781E-001	-3.61362E-006
-4.03791E-001	-3.60460E-006
-4.05780E-001	-3.59635E-006
-4.07780E-001	-3.58955E-006
-4.09782E-001	-3.58941E-006
-4.11798E-001	-3.58185E-006
-4.13791E-001	-3.57193E-006
-4.15784E-001	-3.56464E-006
-4.17782E-001	-3.55597E-006
-4.19776E-001	-3.55243E-006
-4.21783E-001	-3.54820E-006
-4.23794E-001	-3.54015E-006
-4.25794E-001	-3.53162E-006
-4.27788E-001	-3.52731E-006
-4.29793E-001	-3.52183E-006
-4.31791E-001	-3.50629E-006
-4.33792E-001	-3.50269E-006
-4.35804E-001	-3.49845E-006
-4.37801E-001	-3.49360E-006
-4.39807E-001	-3.50102E-006
-4.41797E-001	-3.49498E-006
-4.43798E-001	-3.48118E-006
-4.45800E-001	-3.47674E-006
-4.47788E-001	-3.47514E-006
-4.49822E-001	-3.46827E-006
-4.51820E-001	-3.47313E-006
-4.53813E-001	-3.46466E-006
-4.55809E-001	-3.46300E-006
-4.57803E-001	-3.46189E-006
-4.59801E-001	-3.45218E-006
-4.61804E-001	-3.44510E-006
-4.63823E-001	-3.44371E-006
-4.65815E-001	-3.44531E-006
-4.67826E-001	-3.43920E-006
-4.69820E-001	-3.43393E-006
-4.71809E-001	-3.43969E-006
-4.73804E-001	-3.42991E-006
-4.75824E-001	-3.42380E-006
-4.77814E-001	-3.42116E-006
-4.79834E-001	-3.42769E-006
-4.81817E-001	-3.42762E-006
-4.83829E-001	-3.42172E-006
-4.85802E-001	-3.41450E-006
-4.87821E-001	-3.41651E-006
-4.89836E-001	-3.41672E-006
-4.91824E-001	-3.41423E-006
-4.93834E-001	-3.41312E-006
-4.95814E-001	-3.40534E-006
-4.97818E-001	-3.40965E-006
-4.99836E-001	-3.40562E-006
-5.01844E-001	-3.43636E-006
-5.03841E-001	-3.40888E-006
-5.05831E-001	-3.40840E-006
-5.07831E-001	-3.40403E-006
-5.09812E-001	-3.40819E-006
-5.11818E-001	-3.40645E-006
-5.13820E-001	-3.40493E-006
-5.15846E-001	-3.41006E-006
-5.17837E-001	-3.41048E-006
-5.19855E-001	-3.41464E-006
-5.21831E-001	-3.40902E-006
-5.23832E-001	-3.40750E-006
-5.25857E-001	-3.41610E-006
-5.27852E-001	-3.40840E-006
-5.29857E-001	-3.41679E-006
-5.31857E-001	-3.41957E-006
-5.33838E-001	-3.41617E-006
-5.35835E-001	-3.41839E-006
-5.37841E-001	-3.41978E-006
-5.39847E-001	-3.41714E-006
-5.41856E-001	-3.41867E-006
-5.43853E-001	-3.42394E-006
-5.45853E-001	-3.42581E-006
-5.47861E-001	-3.42935E-006
-5.49835E-001	-3.42803E-006
-5.51865E-001	-3.42921E-006
-5.53854E-001	-3.42574E-006
-5.55874E-001	-3.43483E-006
-5.57855E-001	-3.42630E-006
-5.59856E-001	-3.43712E-006
-5.61852E-001	-3.43997E-006
-5.63858E-001	-3.44808E-006
-5.65854E-001	-3.45107E-006
-5.67870E-001	-3.44670E-006
-5.69876E-001	-3.44704E-006
-5.71854E-001	-3.44586E-006
-5.73878E-001	-3.45717E-006
-5.75862E-001	-3.45592E-006
-5.77873E-001	-3.46279E-006
-5.79876E-001	-3.46328E-006
-5.81872E-001	-3.46571E-006
-5.83872E-001	-3.46765E-006
-5.85872E-001	-3.47355E-006
-5.87860E-001	-3.47632E-006
-5.89881E-001	-3.48416E-006
-5.91871E-001	-3.48402E-006
-5.93884E-001	-3.49151E-006
-5.95881E-001	-3.48992E-006
-5.97878E-001	-3.49089E-006
-5.99874E-001	-3.49332E-006
