Vf	Im
V vs. Ref.	A
-5.97867E-001	-2.07596E-006
-5.95861E-001	-2.05958E-006
-5.93867E-001	-2.04848E-006
-5.91856E-001	-2.03315E-006
-5.89874E-001	-2.02448E-006
-5.87862E-001	-2.01629E-006
-5.85862E-001	-1.99839E-006
-5.83856E-001	-1.98625E-006
-5.81851E-001	-1.97452E-006
-5.79862E-001	-1.97404E-006
-5.77865E-001	-1.96134E-006
-5.75841E-001	-1.95197E-006
-5.73859E-001	-1.94226E-006
-5.71847E-001	-1.93664E-006
-5.69863E-001	-1.92894E-006
-5.67861E-001	-1.92228E-006
-5.65839E-001	-1.90958E-006
-5.63843E-001	-1.89911E-006
-5.61845E-001	-1.89480E-006
-5.59844E-001	-1.89245E-006
-5.57842E-001	-1.87961E-006
-5.55857E-001	-1.87371E-006
-5.53847E-001	-1.86261E-006
-5.51858E-001	-1.84908E-006
-5.49838E-001	-1.85491E-006
-5.47840E-001	-1.83923E-006
-5.45841E-001	-1.82258E-006
-5.43848E-001	-1.81814E-006
-5.41848E-001	-1.81571E-006
-5.39837E-001	-1.81661E-006
-5.37824E-001	-1.80940E-006
-5.35824E-001	-1.79316E-006
-5.33829E-001	-1.78824E-006
-5.31838E-001	-1.78616E-006
-5.29833E-001	-1.77124E-006
-5.27843E-001	-1.75063E-006
-5.25840E-001	-1.73981E-006
-5.23817E-001	-1.73579E-006
-5.21817E-001	-1.75306E-006
-5.19832E-001	-1.74564E-006
-5.17831E-001	-1.73599E-006
-5.15830E-001	-1.73912E-006
-5.13812E-001	-1.74154E-006
-5.11810E-001	-1.73592E-006
-5.09808E-001	-1.73461E-006
-5.07812E-001	-1.70658E-006
-5.05818E-001	-1.69908E-006
-5.03831E-001	-1.68535E-006
-5.01834E-001	-1.67466E-006
-4.99831E-001	-1.66474E-006
-4.97811E-001	-1.65218E-006
-4.95805E-001	-1.64483E-006
-4.93822E-001	-1.65836E-006
-4.91821E-001	-1.66314E-006
-4.89821E-001	-1.66710E-006
-4.87805E-001	-1.66613E-006
-4.85792E-001	-1.64053E-006
-4.83808E-001	-1.62582E-006
-4.81792E-001	-1.62492E-006
-4.79806E-001	-1.62568E-006
-4.77813E-001	-1.62478E-006
-4.75812E-001	-1.60910E-006
-4.73804E-001	-1.59952E-006
-4.71796E-001	-1.59675E-006
-4.69808E-001	-1.59002E-006
-4.67812E-001	-1.58599E-006
-4.65795E-001	-1.57746E-006
-4.63807E-001	-1.56872E-006
-4.61791E-001	-1.56705E-006
-4.59785E-001	-1.55692E-006
-4.57780E-001	-1.55339E-006
-4.55789E-001	-1.54784E-006
-4.53801E-001	-1.54513E-006
-4.51799E-001	-1.53833E-006
-4.49810E-001	-1.53327E-006
-4.47771E-001	-1.52667E-006
-4.45784E-001	-1.52286E-006
-4.43790E-001	-1.51474E-006
-4.41795E-001	-1.51294E-006
-4.39794E-001	-1.50121E-006
-4.37783E-001	-1.49247E-006
-4.35791E-001	-1.49240E-006
-4.33776E-001	-1.48165E-006
-4.31780E-001	-1.47929E-006
-4.29787E-001	-1.47013E-006
-4.27779E-001	-1.46361E-006
-4.25792E-001	-1.46049E-006
-4.23788E-001	-1.45140E-006
-4.21766E-001	-1.45091E-006
-4.19770E-001	-1.44037E-006
-4.17778E-001	-1.43613E-006
-4.15776E-001	-1.42906E-006
-4.13784E-001	-1.41567E-006
-4.11779E-001	-1.41137E-006
-4.09766E-001	-1.40623E-006
-4.07765E-001	-1.39902E-006
-4.05764E-001	-1.39090E-006
-4.03780E-001	-1.38889E-006
-4.01777E-001	-1.38514E-006
-3.99782E-001	-1.37452E-006
-3.97777E-001	-1.36786E-006
-3.95769E-001	-1.36419E-006
-3.93769E-001	-1.35787E-006
-3.91778E-001	-1.34767E-006
-3.89780E-001	-1.34108E-006
-3.87775E-001	-1.33498E-006
-3.85754E-001	-1.33026E-006
-3.83753E-001	-1.32381E-006
-3.81768E-001	-1.32298E-006
-3.79770E-001	-1.31118E-006
-3.77761E-001	-1.30473E-006
-3.75762E-001	-1.29710E-006
-3.73771E-001	-1.28773E-006
-3.71771E-001	-1.28787E-006
-3.69757E-001	-1.27975E-006
-3.67759E-001	-1.27150E-006
-3.65772E-001	-1.26685E-006
-3.63762E-001	-1.25457E-006
-3.61759E-001	-1.25408E-006
-3.59752E-001	-1.25138E-006
-3.57737E-001	-1.24326E-006
-3.55750E-001	-1.23119E-006
-3.53737E-001	-1.22695E-006
-3.51744E-001	-1.21877E-006
-3.49750E-001	-1.21002E-006
-3.47757E-001	-1.21148E-006
-3.45727E-001	-1.19809E-006
-3.43742E-001	-1.19011E-006
-3.41749E-001	-1.18123E-006
-3.39749E-001	-1.17513E-006
-3.37747E-001	-1.16985E-006
-3.35750E-001	-1.17013E-006
-3.33754E-001	-1.15848E-006
-3.31728E-001	-1.14751E-006
-3.29745E-001	-1.14300E-006
-3.27736E-001	-1.12920E-006
-3.25738E-001	-1.12316E-006
-3.23748E-001	-1.11823E-006
-3.21742E-001	-1.11435E-006
-3.19724E-001	-1.10478E-006
-3.17722E-001	-1.09694E-006
-3.15727E-001	-1.09048E-006
-3.13727E-001	-1.08132E-006
-3.11744E-001	-1.07002E-006
-3.09710E-001	-1.06717E-006
-3.07712E-001	-1.04844E-006
-3.05703E-001	-1.04719E-006
-3.03708E-001	-1.03741E-006
-3.01723E-001	-1.02686E-006
-2.99720E-001	-1.01604E-006
-2.97728E-001	-1.01014E-006
-2.95730E-001	-1.00001E-006
-2.93713E-001	-9.92796E-007
-2.91710E-001	-9.77671E-007
-2.89717E-001	-9.72468E-007
-2.87717E-001	-9.66640E-007
-2.85723E-001	-9.58384E-007
-2.83714E-001	-9.45618E-007
-2.81699E-001	-9.37570E-007
-2.79700E-001	-9.28411E-007
-2.77714E-001	-9.19670E-007
-2.75713E-001	-9.06626E-007
-2.73707E-001	-8.88726E-007
-2.71701E-001	-8.79984E-007
-2.69712E-001	-8.67635E-007
-2.67703E-001	-8.55840E-007
-2.65702E-001	-8.43629E-007
-2.63712E-001	-8.39397E-007
-2.61700E-001	-8.21566E-007
-2.59707E-001	-8.14975E-007
-2.57691E-001	-8.01654E-007
-2.55690E-001	-7.87640E-007
-2.53678E-001	-7.73070E-007
-2.51690E-001	-7.56349E-007
-2.49694E-001	-7.38241E-007
-2.47683E-001	-7.28112E-007
-2.45698E-001	-7.13056E-007
-2.43696E-001	-6.98278E-007
-2.41679E-001	-6.88843E-007
-2.39689E-001	-6.80378E-007
-2.37694E-001	-6.57622E-007
-2.35692E-001	-6.46382E-007
-2.33685E-001	-6.32853E-007
-2.31683E-001	-6.19324E-007
-2.29667E-001	-6.07321E-007
-2.27682E-001	-5.90947E-007
-2.25670E-001	-5.75476E-007
-2.23680E-001	-5.55286E-007
-2.21670E-001	-5.33848E-007
-2.19686E-001	-5.27326E-007
-2.17660E-001	-5.11299E-007
-2.15667E-001	-4.93261E-007
-2.13680E-001	-4.80425E-007
-2.11679E-001	-4.66688E-007
-2.09672E-001	-4.55518E-007
-2.07670E-001	-4.40185E-007
-2.05672E-001	-4.26864E-007
-2.03663E-001	-4.12086E-007
-2.01670E-001	-3.93700E-007
-1.99665E-001	-3.77049E-007
-1.97680E-001	-3.61577E-007
-1.95679E-001	-3.44163E-007
-1.93684E-001	-3.30703E-007
-1.91655E-001	-3.24182E-007
-1.89665E-001	-3.06212E-007
-1.87664E-001	-2.86231E-007
-1.85664E-001	-2.70828E-007
-1.83673E-001	-2.57161E-007
-1.81665E-001	-2.48349E-007
-1.79671E-001	-2.33086E-007
-1.77663E-001	-2.18030E-007
-1.75662E-001	-2.07415E-007
-1.73663E-001	-1.91458E-007
-1.71655E-001	-1.77443E-007
-1.69663E-001	-1.72309E-007
-1.67663E-001	-1.58225E-007
-1.65652E-001	-1.49275E-007
-1.63656E-001	-1.30195E-007
-1.61652E-001	-1.23812E-007
-1.59658E-001	-1.11185E-007
-1.57653E-001	-1.01819E-007
-1.55640E-001	-8.98855E-008
-1.53647E-001	-8.75959E-008
-1.51633E-001	-7.21242E-008
-1.49632E-001	-6.36599E-008
-1.47642E-001	-5.92195E-008
-1.45641E-001	-4.88820E-008
-1.43652E-001	-4.28459E-008
-1.41641E-001	-2.91087E-008
-1.39636E-001	-2.77211E-008
-1.37629E-001	-1.51633E-008
-1.35641E-001	-1.07230E-008
-1.33638E-001	-3.16055E-009
-1.31645E-001	4.67938E-009
-1.29631E-001	7.80148E-009
-1.27621E-001	1.56414E-008
-1.25617E-001	2.48690E-008
-1.23624E-001	2.32732E-008
-1.21633E-001	2.91705E-008
-1.19635E-001	3.45128E-008
-1.17633E-001	4.47116E-008
-1.15634E-001	5.28985E-008
-1.13626E-001	5.33841E-008
-1.11630E-001	5.70613E-008
-1.09633E-001	5.60899E-008
-1.07630E-001	5.77550E-008
-1.05632E-001	6.62194E-008
-1.03613E-001	7.40593E-008
-1.01604E-001	7.39206E-008
-9.96179E-002	7.53775E-008
-9.76114E-002	7.82221E-008
-9.56116E-002	7.91935E-008
-9.36255E-002	8.48132E-008
-9.16341E-002	7.89853E-008
-8.96253E-002	8.90454E-008
-8.76023E-002	8.56458E-008
-8.56111E-002	9.00167E-008
-8.36169E-002	8.91148E-008
-8.16148E-002	9.60528E-008
-7.96112E-002	1.04240E-007
-7.76077E-002	1.00354E-007
-7.56081E-002	9.90361E-008
-7.36101E-002	9.88280E-008
-7.16057E-002	9.86892E-008
-6.95988E-002	1.01603E-007
-6.76034E-002	1.03823E-007
-6.56047E-002	1.09651E-007
-6.35957E-002	1.08333E-007
-6.15998E-002	1.12981E-007
-5.95981E-002	1.16104E-007
-5.75812E-002	1.15965E-007
-5.56044E-002	1.13606E-007
-5.36102E-002	1.14161E-007
-5.15856E-002	1.18601E-007
-4.95830E-002	1.20613E-007
-4.75732E-002	1.16659E-007
-4.55880E-002	1.20752E-007
-4.35867E-002	1.21862E-007
-4.15984E-002	1.24984E-007
-3.95934E-002	1.27621E-007
-3.75775E-002	1.29355E-007
-3.55854E-002	1.21099E-007
-3.35821E-002	1.25331E-007
-3.15804E-002	1.22903E-007
-2.95777E-002	1.18254E-007
-2.75931E-002	1.33240E-007
-2.55785E-002	1.31575E-007
-2.35724E-002	1.23319E-007
-2.15736E-002	1.28245E-007
-1.95724E-002	1.28523E-007
-1.75665E-002	1.31922E-007
-1.55655E-002	1.37542E-007
-1.35817E-002	1.29494E-007
-1.15583E-002	1.35044E-007
-9.56208E-003	1.32338E-007
-7.56665E-003	1.39346E-007
-5.56810E-003	1.28314E-007
-3.56370E-003	1.33518E-007
-1.54533E-003	1.40317E-007
4.64701E-004	1.41497E-007
2.46659E-003	1.41982E-007
4.44429E-003	1.37473E-007
6.43993E-003	1.40803E-007
8.44933E-003	1.32824E-007
1.04466E-002	1.39138E-007
1.24433E-002	1.45243E-007
1.44581E-002	1.40456E-007
1.64490E-002	1.40803E-007
1.84540E-002	1.49267E-007
2.04588E-002	1.46561E-007
2.24647E-002	1.45174E-007
2.44707E-002	1.47810E-007
2.64745E-002	1.51140E-007
2.84708E-002	1.52597E-007
3.04708E-002	1.57801E-007
3.24760E-002	1.51557E-007
3.44575E-002	1.57454E-007
3.64533E-002	1.67653E-007
3.84746E-002	1.62588E-007
4.04740E-002	1.65571E-007
4.24682E-002	1.59189E-007
4.44648E-002	1.61062E-007
4.64690E-002	1.63629E-007
4.84845E-002	1.66820E-007
5.04791E-002	1.70983E-007
5.24897E-002	1.72926E-007
5.44845E-002	1.68208E-007
5.64916E-002	1.73620E-007
5.84912E-002	1.85206E-007
6.04785E-002	1.75701E-007
6.24760E-002	1.75840E-007
6.44940E-002	1.77158E-007
6.65030E-002	1.85830E-007
6.84921E-002	1.73342E-007
7.04955E-002	1.85206E-007
7.24788E-002	1.88328E-007
7.44891E-002	1.98943E-007
7.64949E-002	2.02829E-007
7.85127E-002	2.05257E-007
8.04977E-002	2.08934E-007
8.24852E-002	2.14137E-007
8.44925E-002	2.17537E-007
8.65027E-002	2.30858E-007
8.84888E-002	2.30858E-007
9.05015E-002	2.29609E-007
9.25007E-002	2.38143E-007
9.45067E-002	2.45220E-007
9.65009E-002	2.49660E-007
9.85126E-002	2.52366E-007
1.00522E-001	2.63189E-007
9.85168E-002	1.96862E-007
9.65055E-002	1.50516E-007
9.45076E-002	1.23874E-007
9.25080E-002	9.40408E-008
9.05023E-002	6.69132E-008
8.84915E-002	5.20659E-008
8.65013E-002	3.39577E-008
8.44958E-002	1.66821E-008
8.24962E-002	2.80613E-009
8.05081E-002	-8.22529E-009
7.85066E-002	-2.34195E-008
7.64891E-002	-3.34102E-008
7.44895E-002	-4.61067E-008
7.24755E-002	-5.54037E-008
7.04880E-002	-6.91409E-008
6.84917E-002	-7.39975E-008
6.64978E-002	-8.26006E-008
6.44919E-002	-8.85673E-008
6.24781E-002	-1.03137E-007
6.04783E-002	-1.09520E-007
5.84862E-002	-1.19303E-007
5.64858E-002	-1.22633E-007
5.44816E-002	-1.24922E-007
5.24974E-002	-1.21800E-007
5.04739E-002	-1.36023E-007
4.84903E-002	-1.38521E-007
4.64651E-002	-1.47332E-007
4.44678E-002	-1.53091E-007
4.24581E-002	-1.56351E-007
4.04654E-002	-1.60306E-007
3.84819E-002	-1.67105E-007
3.64541E-002	-1.68840E-007
3.44560E-002	-1.70713E-007
3.24691E-002	-1.75431E-007
3.04606E-002	-1.80704E-007
2.84716E-002	-1.87156E-007
2.64672E-002	-1.89584E-007
2.44611E-002	-1.91388E-007
2.24657E-002	-1.95759E-007
2.04573E-002	-1.99298E-007
1.84509E-002	-2.05819E-007
1.64498E-002	-2.07693E-007
1.44606E-002	-2.06444E-007
1.24427E-002	-2.13729E-007
1.04487E-002	-2.15186E-007
8.44995E-003	-2.17822E-007
6.43909E-003	-2.20042E-007
4.44304E-003	-2.29825E-007
2.45262E-003	-2.29755E-007
4.65119E-004	-2.27188E-007
-1.55367E-003	-2.31976E-007
-3.56579E-003	-2.40093E-007
-5.57206E-003	-2.41134E-007
-7.56373E-003	-2.44603E-007
-9.57188E-003	-2.48696E-007
-1.15633E-002	-2.50986E-007
-1.35821E-002	-2.49251E-007
-1.55734E-002	-2.55634E-007
-1.75759E-002	-2.58340E-007
-1.95740E-002	-2.60144E-007
-2.15857E-002	-2.58895E-007
-2.35735E-002	-2.60768E-007
-2.55837E-002	-2.61462E-007
-2.76002E-002	-2.66666E-007
-2.95846E-002	-2.64445E-007
-3.15800E-002	-2.72632E-007
-3.35917E-002	-2.75546E-007
-3.55769E-002	-2.70828E-007
-3.75817E-002	-2.75616E-007
-3.95959E-002	-2.84011E-007
-4.16005E-002	-2.88520E-007
-4.35893E-002	-2.89700E-007
-4.55907E-002	-2.88451E-007
-4.75770E-002	-2.92406E-007
-4.95976E-002	-2.97540E-007
-5.15885E-002	-2.93169E-007
-5.36148E-002	-2.97540E-007
-5.56077E-002	-2.98858E-007
-5.76023E-002	-3.08571E-007
-5.95977E-002	-3.09820E-007
-6.15982E-002	-3.19533E-007
-6.35950E-002	-3.15717E-007
-6.56047E-002	-3.14954E-007
-6.76007E-002	-3.20782E-007
-6.96097E-002	-3.21615E-007
-7.16116E-002	-3.27720E-007
-7.36047E-002	-3.30773E-007
-7.56135E-002	-3.40000E-007
-7.76052E-002	-3.37225E-007
-7.96212E-002	-3.40555E-007
-8.16179E-002	-3.47910E-007
-8.36192E-002	-3.56651E-007
-8.56132E-002	-3.57900E-007
-8.75975E-002	-3.60537E-007
-8.96288E-002	-3.62271E-007
-9.16314E-002	-3.71291E-007
-9.36272E-002	-3.74205E-007
-9.56095E-002	-3.82322E-007
-9.76199E-002	-3.85375E-007
-9.96164E-002	-4.00638E-007
-1.01608E-001	-4.08478E-007
-1.03615E-001	-4.10629E-007
-1.05627E-001	-4.18677E-007
-1.07632E-001	-4.32345E-007
-1.09639E-001	-4.42683E-007
-1.11637E-001	-4.58432E-007
-1.13627E-001	-4.67659E-007
-1.15644E-001	-4.92567E-007
-1.17641E-001	-4.86114E-007
-1.19636E-001	-4.97631E-007
-1.21638E-001	-5.09773E-007
-1.23633E-001	-5.23441E-007
-1.25628E-001	-5.37455E-007
-1.27630E-001	-5.53621E-007
-1.29631E-001	-5.64583E-007
-1.31645E-001	-5.78598E-007
-1.33638E-001	-6.02603E-007
-1.35641E-001	-6.18214E-007
-1.37643E-001	-6.33824E-007
-1.39637E-001	-6.49435E-007
-1.41644E-001	-6.71844E-007
-1.43643E-001	-6.90716E-007
-1.45651E-001	-7.13403E-007
-1.47641E-001	-7.37131E-007
-1.49643E-001	-7.63565E-007
-1.51638E-001	-7.84934E-007
-1.53639E-001	-8.12547E-007
-1.55640E-001	-8.33500E-007
-1.57662E-001	-8.62154E-007
-1.59659E-001	-8.93791E-007
-1.61651E-001	-9.20017E-007
-1.63664E-001	-9.46034E-007
-1.65647E-001	-9.71288E-007
-1.67657E-001	-1.00001E-006
-1.69656E-001	-1.03387E-006
-1.71647E-001	-1.05760E-006
-1.73660E-001	-1.09222E-006
-1.75665E-001	-1.12816E-006
-1.77667E-001	-1.16153E-006
-1.79675E-001	-1.19129E-006
-1.81665E-001	-1.22328E-006
-1.83674E-001	-1.26227E-006
-1.85673E-001	-1.29502E-006
-1.87673E-001	-1.33498E-006
-1.89663E-001	-1.36668E-006
-1.91664E-001	-1.39749E-006
-1.93689E-001	-1.43336E-006
-1.95683E-001	-1.46853E-006
-1.97673E-001	-1.49407E-006
-1.99665E-001	-1.53195E-006
-2.01665E-001	-1.56261E-006
-2.03663E-001	-1.60036E-006
-2.05661E-001	-1.62901E-006
-2.07679E-001	-1.66023E-006
-2.09687E-001	-1.69388E-006
-2.11676E-001	-1.72378E-006
-2.13684E-001	-1.75431E-006
-2.15674E-001	-1.77617E-006
-2.17661E-001	-1.80281E-006
-2.19682E-001	-1.82737E-006
-2.21687E-001	-1.86206E-006
-2.23688E-001	-1.88690E-006
-2.25678E-001	-1.90958E-006
-2.27694E-001	-1.93518E-006
-2.29672E-001	-1.95690E-006
-2.31686E-001	-1.97189E-006
-2.33693E-001	-1.99291E-006
-2.35692E-001	-2.00755E-006
-2.37700E-001	-2.02503E-006
-2.39676E-001	-2.03613E-006
-2.41674E-001	-2.04591E-006
-2.43708E-001	-2.06576E-006
-2.45710E-001	-2.07616E-006
-2.47692E-001	-2.08740E-006
-2.49706E-001	-2.09621E-006
-2.51692E-001	-2.10010E-006
-2.53685E-001	-2.10759E-006
-2.55687E-001	-2.12182E-006
-2.57705E-001	-2.12376E-006
-2.59715E-001	-2.13770E-006
-2.61708E-001	-2.13757E-006
-2.63705E-001	-2.13909E-006
-2.65701E-001	-2.14402E-006
-2.67709E-001	-2.14763E-006
-2.69715E-001	-2.14645E-006
-2.71710E-001	-2.15234E-006
-2.73705E-001	-2.15075E-006
-2.75704E-001	-2.14443E-006
-2.77711E-001	-2.14221E-006
-2.79707E-001	-2.14492E-006
-2.81705E-001	-2.14478E-006
-2.83711E-001	-2.13763E-006
-2.85722E-001	-2.13375E-006
-2.87709E-001	-2.12494E-006
-2.89724E-001	-2.12681E-006
-2.91720E-001	-2.11946E-006
-2.93719E-001	-2.11661E-006
-2.95725E-001	-2.11238E-006
-2.97736E-001	-2.10676E-006
-2.99724E-001	-2.09892E-006
-3.01719E-001	-2.09601E-006
-3.03712E-001	-2.08817E-006
-3.05709E-001	-2.08837E-006
-3.07719E-001	-2.07811E-006
-3.09720E-001	-2.07152E-006
-3.11745E-001	-2.06458E-006
-3.13723E-001	-2.05882E-006
-3.15729E-001	-2.05278E-006
-3.17722E-001	-2.04501E-006
-3.19722E-001	-2.03731E-006
-3.21746E-001	-2.02899E-006
-3.23746E-001	-2.02337E-006
-3.25726E-001	-2.01761E-006
-3.27739E-001	-2.01053E-006
-3.29747E-001	-2.00678E-006
-3.31740E-001	-2.00651E-006
-3.33748E-001	-2.00012E-006
-3.35747E-001	-1.98999E-006
-3.37750E-001	-1.98084E-006
-3.39747E-001	-1.97709E-006
-3.41755E-001	-1.97466E-006
-3.43736E-001	-1.96148E-006
-3.45734E-001	-1.96474E-006
-3.47765E-001	-1.96099E-006
-3.49752E-001	-1.95024E-006
-3.51758E-001	-1.94178E-006
-3.53744E-001	-1.93664E-006
-3.55751E-001	-1.93317E-006
-3.57745E-001	-1.92984E-006
-3.59755E-001	-1.92311E-006
-3.61759E-001	-1.91708E-006
-3.63769E-001	-1.90951E-006
-3.65768E-001	-1.90514E-006
-3.67758E-001	-1.89612E-006
-3.69756E-001	-1.89245E-006
-3.71781E-001	-1.89057E-006
-3.73768E-001	-1.88308E-006
-3.75767E-001	-1.87906E-006
-3.77770E-001	-1.86809E-006
-3.79774E-001	-1.86650E-006
-3.81765E-001	-1.86344E-006
-3.83757E-001	-1.85436E-006
-3.85765E-001	-1.84478E-006
-3.87783E-001	-1.84555E-006
-3.89779E-001	-1.84242E-006
-3.91776E-001	-1.82903E-006
-3.93765E-001	-1.82501E-006
-3.95776E-001	-1.82175E-006
-3.97787E-001	-1.82168E-006
-3.99779E-001	-1.81384E-006
-4.01779E-001	-1.81148E-006
-4.03782E-001	-1.80579E-006
-4.05778E-001	-1.80815E-006
-4.07765E-001	-1.80024E-006
-4.09761E-001	-1.79698E-006
-4.11779E-001	-1.78928E-006
-4.13786E-001	-1.78581E-006
-4.15774E-001	-1.78553E-006
-4.17778E-001	-1.78213E-006
-4.19770E-001	-1.78074E-006
-4.21771E-001	-1.77658E-006
-4.23786E-001	-1.77179E-006
-4.25776E-001	-1.77089E-006
-4.27777E-001	-1.76722E-006
-4.29789E-001	-1.76069E-006
-4.31787E-001	-1.75931E-006
-4.33776E-001	-1.75487E-006
-4.35789E-001	-1.75653E-006
-4.37796E-001	-1.75341E-006
-4.39797E-001	-1.75875E-006
-4.41794E-001	-1.75070E-006
-4.43794E-001	-1.74453E-006
-4.45783E-001	-1.74390E-006
-4.47779E-001	-1.74057E-006
-4.49799E-001	-1.73357E-006
-4.51803E-001	-1.72628E-006
-4.53800E-001	-1.71830E-006
-4.55797E-001	-1.72316E-006
-4.57785E-001	-1.72510E-006
-4.59787E-001	-1.73037E-006
-4.61799E-001	-1.73308E-006
-4.63811E-001	-1.72614E-006
-4.65812E-001	-1.72288E-006
-4.67821E-001	-1.71816E-006
-4.69808E-001	-1.71143E-006
-4.71797E-001	-1.71775E-006
-4.73802E-001	-1.71400E-006
-4.75810E-001	-1.70963E-006
-4.77805E-001	-1.70706E-006
-4.79806E-001	-1.70200E-006
-4.81799E-001	-1.70679E-006
-4.83807E-001	-1.70075E-006
-4.85797E-001	-1.70054E-006
-4.87799E-001	-1.69686E-006
-4.89829E-001	-1.69728E-006
-4.91817E-001	-1.69943E-006
-4.93820E-001	-1.69790E-006
-4.95806E-001	-1.69270E-006
-4.97799E-001	-1.69055E-006
-4.99826E-001	-1.69319E-006
-5.01831E-001	-1.69222E-006
-5.03823E-001	-1.68979E-006
-5.05814E-001	-1.68812E-006
-5.07819E-001	-1.69173E-006
-5.09814E-001	-1.69409E-006
-5.11811E-001	-1.68798E-006
-5.13806E-001	-1.69319E-006
-5.15831E-001	-1.69055E-006
-5.17832E-001	-1.68673E-006
-5.19827E-001	-1.68000E-006
-5.21819E-001	-1.67896E-006
-5.23817E-001	-1.67945E-006
-5.25838E-001	-1.67543E-006
-5.27845E-001	-1.68306E-006
-5.29846E-001	-1.68049E-006
-5.31846E-001	-1.68125E-006
-5.33830E-001	-1.68222E-006
-5.35828E-001	-1.68618E-006
-5.37834E-001	-1.68306E-006
-5.39852E-001	-1.68736E-006
-5.41852E-001	-1.68354E-006
-5.43841E-001	-1.68451E-006
-5.45843E-001	-1.68271E-006
-5.47840E-001	-1.68271E-006
-5.49838E-001	-1.68243E-006
-5.51860E-001	-1.68257E-006
-5.53851E-001	-1.68736E-006
-5.55860E-001	-1.68771E-006
-5.57844E-001	-1.68826E-006
-5.59850E-001	-1.69006E-006
-5.61847E-001	-1.68653E-006
-5.63843E-001	-1.68979E-006
-5.65841E-001	-1.68750E-006
-5.67862E-001	-1.68660E-006
-5.69870E-001	-1.68889E-006
-5.71855E-001	-1.69013E-006
-5.73862E-001	-1.69416E-006
-5.75840E-001	-1.69048E-006
-5.77858E-001	-1.69000E-006
-5.79864E-001	-1.69284E-006
-5.81861E-001	-1.69048E-006
-5.83863E-001	-1.69138E-006
-5.85865E-001	-1.69006E-006
-5.87863E-001	-1.69603E-006
-5.89874E-001	-1.69499E-006
-5.91865E-001	-1.70387E-006
-5.93876E-001	-1.70297E-006
-5.95875E-001	-1.70304E-006
-5.97877E-001	-1.70623E-006
-5.99871E-001	-1.70824E-006
