	Pt	T	Vf	Im	Vu	Sig	Ach	IERange	Over
	#	s	V vs. Ref.	A	V	V	V	#	bits
	0	0.04	-5.99856E-001	-8.26777E-006	0.00000E+000	-6.00000E-001	0.00000E+000	9	...........
	1	0.08	-5.97861E-001	-8.19839E-006	0.00000E+000	-5.98000E-001	0.00000E+000	9	...........
	2	0.12	-5.95861E-001	-8.13949E-006	0.00000E+000	-5.96000E-001	0.00000E+000	9	...........
	3	0.16	-5.93857E-001	-8.08773E-006	0.00000E+000	-5.94000E-001	0.00000E+000	9	...........
	4	0.2	-5.91853E-001	-8.02945E-006	0.00000E+000	-5.92000E-001	0.00000E+000	9	...........
	5	0.24	-5.89859E-001	-7.96722E-006	0.00000E+000	-5.90000E-001	0.00000E+000	9	...........
	6	0.28	-5.87850E-001	-7.91379E-006	0.00000E+000	-5.88000E-001	0.00000E+000	9	...........
	7	0.32	-5.85854E-001	-7.87459E-006	0.00000E+000	-5.86000E-001	0.00000E+000	9	...........
	8	0.36	-5.83857E-001	-7.81805E-006	0.00000E+000	-5.84000E-001	0.00000E+000	9	...........
	9	0.4	-5.81856E-001	-7.76511E-006	0.00000E+000	-5.82000E-001	0.00000E+000	9	...........
	10	0.44	-5.79855E-001	-7.71967E-006	0.00000E+000	-5.80000E-001	0.00000E+000	9	...........
	11	0.48	-5.77856E-001	-7.67318E-006	0.00000E+000	-5.78000E-001	0.00000E+000	9	...........
	12	0.52	-5.75836E-001	-7.62337E-006	0.00000E+000	-5.76000E-001	0.00000E+000	9	...........
	13	0.56	-5.73857E-001	-7.57605E-006	0.00000E+000	-5.74000E-001	0.00000E+000	9	...........
	14	0.6	-5.71845E-001	-7.53012E-006	0.00000E+000	-5.72000E-001	0.00000E+000	9	...........
	15	0.64	-5.69856E-001	-7.48398E-006	0.00000E+000	-5.70000E-001	0.00000E+000	9	...........
	16	0.68	-5.67854E-001	-7.43993E-006	0.00000E+000	-5.68000E-001	0.00000E+000	9	...........
	17	0.72	-5.65838E-001	-7.38574E-006	0.00000E+000	-5.66000E-001	0.00000E+000	9	...........
	18	0.76	-5.63830E-001	-7.33801E-006	0.00000E+000	-5.64000E-001	0.00000E+000	9	...........
	19	0.8	-5.61837E-001	-7.30186E-006	0.00000E+000	-5.62000E-001	0.00000E+000	9	...........
	20	0.84	-5.59846E-001	-7.25302E-006	0.00000E+000	-5.60000E-001	0.00000E+000	9	...........
	21	0.88	-5.57845E-001	-7.21077E-006	0.00000E+000	-5.58000E-001	0.00000E+000	9	...........
	22	0.92	-5.55853E-001	-7.17219E-006	0.00000E+000	-5.56000E-001	0.00000E+000	9	...........
	23	0.96	-5.53848E-001	-7.12238E-006	0.00000E+000	-5.54000E-001	0.00000E+000	9	...........
	24	1	-5.51853E-001	-7.07992E-006	0.00000E+000	-5.52000E-001	0.00000E+000	9	...........
	25	1.04	-5.49827E-001	-7.03981E-006	0.00000E+000	-5.50000E-001	0.00000E+000	9	...........
	26	1.08	-5.47841E-001	-6.99832E-006	0.00000E+000	-5.48000E-001	0.00000E+000	9	...........
	27	1.12	-5.45839E-001	-6.96204E-006	0.00000E+000	-5.46000E-001	0.00000E+000	9	...........
	28	1.16	-5.43836E-001	-6.92291E-006	0.00000E+000	-5.44000E-001	0.00000E+000	9	...........
	29	1.2	-5.41847E-001	-6.87739E-006	0.00000E+000	-5.42000E-001	0.00000E+000	9	...........
	30	1.24	-5.39836E-001	-6.84194E-006	0.00000E+000	-5.40000E-001	0.00000E+000	9	...........
	31	1.28	-5.37826E-001	-6.79726E-006	0.00000E+000	-5.38000E-001	0.00000E+000	9	...........
	32	1.32	-5.35821E-001	-6.75806E-006	0.00000E+000	-5.36000E-001	0.00000E+000	9	...........
	33	1.36	-5.33824E-001	-6.71824E-006	0.00000E+000	-5.34000E-001	0.00000E+000	9	...........
	34	1.4	-5.31832E-001	-6.67994E-006	0.00000E+000	-5.32000E-001	0.00000E+000	9	...........
	35	1.44	-5.29834E-001	-6.64220E-006	0.00000E+000	-5.30000E-001	0.00000E+000	9	...........
	36	1.48	-5.27842E-001	-6.60015E-006	0.00000E+000	-5.28000E-001	0.00000E+000	9	...........
	37	1.52	-5.25839E-001	-6.56532E-006	0.00000E+000	-5.26000E-001	0.00000E+000	9	...........
	38	1.56	-5.23814E-001	-6.52786E-006	0.00000E+000	-5.24000E-001	0.00000E+000	9	...........
	39	1.6	-5.21820E-001	-6.48935E-006	0.00000E+000	-5.22000E-001	0.00000E+000	9	...........
	40	1.64	-5.19827E-001	-6.45071E-006	0.00000E+000	-5.20000E-001	0.00000E+000	9	...........
	41	1.68	-5.17828E-001	-6.41734E-006	0.00000E+000	-5.18000E-001	0.00000E+000	9	...........
	42	1.72	-5.15829E-001	-6.38369E-006	0.00000E+000	-5.16000E-001	0.00000E+000	9	...........
	43	1.76	-5.13808E-001	-6.34858E-006	0.00000E+000	-5.14000E-001	0.00000E+000	9	...........
	44	1.8	-5.11806E-001	-6.31341E-006	0.00000E+000	-5.12000E-001	0.00000E+000	9	...........
	45	1.84	-5.09802E-001	-6.27518E-006	0.00000E+000	-5.10000E-001	0.00000E+000	9	...........
	46	1.88	-5.07803E-001	-6.24070E-006	0.00000E+000	-5.08000E-001	0.00000E+000	9	...........
	47	1.92	-5.05814E-001	-6.20968E-006	0.00000E+000	-5.06000E-001	0.00000E+000	9	...........
	48	1.96	-5.03830E-001	-6.17666E-006	0.00000E+000	-5.04000E-001	0.00000E+000	9	...........
	49	2	-5.01826E-001	-6.13954E-006	0.00000E+000	-5.02000E-001	0.00000E+000	9	...........
	50	2.04	-4.99818E-001	-6.09826E-006	0.00000E+000	-5.00000E-001	0.00000E+000	9	...........
	51	2.08	-4.97798E-001	-6.06322E-006	0.00000E+000	-4.98000E-001	0.00000E+000	9	...........
	52	2.12	-4.95807E-001	-6.02659E-006	0.00000E+000	-4.96000E-001	0.00000E+000	9	...........
	53	2.16	-4.93824E-001	-6.00133E-006	0.00000E+000	-4.94000E-001	0.00000E+000	9	...........
	54	2.2	-4.91822E-001	-5.96546E-006	0.00000E+000	-4.92000E-001	0.00000E+000	9	...........
	55	2.24	-4.89819E-001	-5.92786E-006	0.00000E+000	-4.90000E-001	0.00000E+000	9	...........
	56	2.28	-4.87810E-001	-5.89699E-006	0.00000E+000	-4.88000E-001	0.00000E+000	9	...........
	57	2.32	-4.85795E-001	-5.86923E-006	0.00000E+000	-4.86000E-001	0.00000E+000	9	...........
	58	2.36	-4.83798E-001	-5.83732E-006	0.00000E+000	-4.84000E-001	0.00000E+000	9	...........
	59	2.4	-4.81798E-001	-5.80381E-006	0.00000E+000	-4.82000E-001	0.00000E+000	9	...........
	60	2.44	-4.79807E-001	-5.77391E-006	0.00000E+000	-4.80000E-001	0.00000E+000	9	...........
	61	2.48	-4.77797E-001	-5.74595E-006	0.00000E+000	-4.78000E-001	0.00000E+000	9	...........
	62	2.52	-4.75807E-001	-5.71563E-006	0.00000E+000	-4.76000E-001	0.00000E+000	9	...........
	63	2.56	-4.73792E-001	-5.68420E-006	0.00000E+000	-4.74000E-001	0.00000E+000	9	...........
	64	2.6	-4.71790E-001	-5.65312E-006	0.00000E+000	-4.72000E-001	0.00000E+000	9	...........
	65	2.64	-4.69794E-001	-5.62405E-006	0.00000E+000	-4.70000E-001	0.00000E+000	9	...........
	66	2.68	-4.67809E-001	-5.59255E-006	0.00000E+000	-4.68000E-001	0.00000E+000	9	...........
	67	2.72	-4.65796E-001	-5.55647E-006	0.00000E+000	-4.66000E-001	0.00000E+000	9	...........
	68	2.76	-4.63797E-001	-5.53760E-006	0.00000E+000	-4.64000E-001	0.00000E+000	9	...........
	69	2.8	-4.61787E-001	-5.50825E-006	0.00000E+000	-4.62000E-001	0.00000E+000	9	...........
	70	2.84	-4.59773E-001	-5.47370E-006	0.00000E+000	-4.60000E-001	0.00000E+000	9	...........
	71	2.88	-4.57770E-001	-5.44768E-006	0.00000E+000	-4.58000E-001	0.00000E+000	9	...........
	72	2.92	-4.55788E-001	-5.41792E-006	0.00000E+000	-4.56000E-001	0.00000E+000	9	...........
	73	2.96	-4.53791E-001	-5.38670E-006	0.00000E+000	-4.54000E-001	0.00000E+000	9	...........
	74	3	-4.51788E-001	-5.36123E-006	0.00000E+000	-4.52000E-001	0.00000E+000	9	...........
	75	3.04	-4.49793E-001	-5.33050E-006	0.00000E+000	-4.50000E-001	0.00000E+000	9	...........
	76	3.08	-4.47768E-001	-5.30358E-006	0.00000E+000	-4.48000E-001	0.00000E+000	9	...........
	77	3.12	-4.45775E-001	-5.27153E-006	0.00000E+000	-4.46000E-001	0.00000E+000	9	...........
	78	3.16	-4.43788E-001	-5.24759E-006	0.00000E+000	-4.44000E-001	0.00000E+000	9	...........
	79	3.2	-4.41786E-001	-5.21727E-006	0.00000E+000	-4.42000E-001	0.00000E+000	9	...........
	80	3.24	-4.39782E-001	-5.18903E-006	0.00000E+000	-4.40000E-001	0.00000E+000	9	...........
	81	3.28	-4.37777E-001	-5.16760E-006	0.00000E+000	-4.38000E-001	0.00000E+000	9	...........
	82	3.32	-4.35789E-001	-5.14539E-006	0.00000E+000	-4.36000E-001	0.00000E+000	9	...........
	83	3.36	-4.33775E-001	-5.11320E-006	0.00000E+000	-4.34000E-001	0.00000E+000	9	...........
	84	3.4	-4.31775E-001	-5.08594E-006	0.00000E+000	-4.32000E-001	0.00000E+000	9	...........
	85	3.44	-4.29780E-001	-5.06394E-006	0.00000E+000	-4.30000E-001	0.00000E+000	9	...........
	86	3.48	-4.27787E-001	-5.03543E-006	0.00000E+000	-4.28000E-001	0.00000E+000	9	...........
	87	3.52	-4.25770E-001	-5.00511E-006	0.00000E+000	-4.26000E-001	0.00000E+000	9	...........
	88	3.56	-4.23774E-001	-4.97916E-006	0.00000E+000	-4.24000E-001	0.00000E+000	9	...........
	89	3.6	-4.21763E-001	-4.95425E-006	0.00000E+000	-4.22000E-001	0.00000E+000	9	...........
	90	3.64	-4.19765E-001	-4.93316E-006	0.00000E+000	-4.20000E-001	0.00000E+000	9	...........
	91	3.68	-4.17766E-001	-4.90478E-006	0.00000E+000	-4.18000E-001	0.00000E+000	9	...........
	92	3.72	-4.15765E-001	-4.88272E-006	0.00000E+000	-4.16000E-001	0.00000E+000	9	...........
	93	3.76	-4.13770E-001	-4.85774E-006	0.00000E+000	-4.14000E-001	0.00000E+000	9	...........
	94	3.8	-4.11772E-001	-4.82895E-006	0.00000E+000	-4.12000E-001	0.00000E+000	9	...........
	95	3.84	-4.09763E-001	-4.80807E-006	0.00000E+000	-4.10000E-001	0.00000E+000	9	...........
	96	3.88	-4.07770E-001	-4.78136E-006	0.00000E+000	-4.08000E-001	0.00000E+000	9	...........
	97	3.92	-4.05765E-001	-4.75638E-006	0.00000E+000	-4.06000E-001	0.00000E+000	9	...........
	98	3.96	-4.03779E-001	-4.72849E-006	0.00000E+000	-4.04000E-001	0.00000E+000	9	...........
	99	4	-4.01772E-001	-4.70629E-006	0.00000E+000	-4.02000E-001	0.00000E+000	9	...........
	100	4.04	-3.99776E-001	-4.68159E-006	0.00000E+000	-4.00000E-001	0.00000E+000	9	...........
	101	4.08	-3.97784E-001	-4.65634E-006	0.00000E+000	-3.98000E-001	0.00000E+000	9	...........
	102	4.12	-3.95764E-001	-4.62713E-006	0.00000E+000	-3.96000E-001	0.00000E+000	9	...........
	103	4.16	-3.93759E-001	-4.60125E-006	0.00000E+000	-3.94000E-001	0.00000E+000	9	...........
	104	4.2	-3.91759E-001	-4.57606E-006	0.00000E+000	-3.92000E-001	0.00000E+000	9	...........
	105	4.24	-3.89772E-001	-4.56052E-006	0.00000E+000	-3.90000E-001	0.00000E+000	9	...........
	106	4.28	-3.87765E-001	-4.53388E-006	0.00000E+000	-3.88000E-001	0.00000E+000	9	...........
	107	4.32	-3.85761E-001	-4.51112E-006	0.00000E+000	-3.86000E-001	0.00000E+000	9	...........
	108	4.36	-3.83749E-001	-4.48767E-006	0.00000E+000	-3.84000E-001	0.00000E+000	9	...........
	109	4.4	-3.81764E-001	-4.46047E-006	0.00000E+000	-3.82000E-001	0.00000E+000	9	...........
	110	4.44	-3.79765E-001	-4.43515E-006	0.00000E+000	-3.80000E-001	0.00000E+000	9	...........
	111	4.48	-3.77764E-001	-4.40913E-006	0.00000E+000	-3.78000E-001	0.00000E+000	9	...........
	112	4.52	-3.75763E-001	-4.38936E-006	0.00000E+000	-3.76000E-001	0.00000E+000	9	...........
	113	4.56	-3.73759E-001	-4.36549E-006	0.00000E+000	-3.74000E-001	0.00000E+000	9	...........
	114	4.6	-3.71776E-001	-4.34010E-006	0.00000E+000	-3.72000E-001	0.00000E+000	9	...........
	115	4.64	-3.69746E-001	-4.31374E-006	0.00000E+000	-3.70000E-001	0.00000E+000	9	...........
	116	4.68	-3.67752E-001	-4.29181E-006	0.00000E+000	-3.68000E-001	0.00000E+000	9	...........
	117	4.72	-3.65764E-001	-4.26919E-006	0.00000E+000	-3.66000E-001	0.00000E+000	9	...........
	118	4.76	-3.63756E-001	-4.23992E-006	0.00000E+000	-3.64000E-001	0.00000E+000	9	...........
	119	4.8	-3.61757E-001	-4.21973E-006	0.00000E+000	-3.62000E-001	0.00000E+000	9	...........
	120	4.84	-3.59742E-001	-4.19746E-006	0.00000E+000	-3.60000E-001	0.00000E+000	9	...........
	121	4.88	-3.57731E-001	-4.16603E-006	0.00000E+000	-3.58000E-001	0.00000E+000	9	...........
	122	4.92	-3.55749E-001	-4.14695E-006	0.00000E+000	-3.56000E-001	0.00000E+000	9	...........
	123	4.96	-3.53739E-001	-4.12426E-006	0.00000E+000	-3.54000E-001	0.00000E+000	9	...........
	124	5	-3.51748E-001	-4.09679E-006	0.00000E+000	-3.52000E-001	0.00000E+000	9	...........
	125	5.04	-3.49738E-001	-4.06841E-006	0.00000E+000	-3.50000E-001	0.00000E+000	9	...........
	126	5.08	-3.47757E-001	-4.04385E-006	0.00000E+000	-3.48000E-001	0.00000E+000	9	...........
	127	5.12	-3.45738E-001	-4.02380E-006	0.00000E+000	-3.46000E-001	0.00000E+000	9	...........
	128	5.16	-3.43743E-001	-3.99466E-006	0.00000E+000	-3.44000E-001	0.00000E+000	9	...........
	129	5.2	-3.41742E-001	-3.96365E-006	0.00000E+000	-3.42000E-001	0.00000E+000	9	...........
	130	5.24	-3.39744E-001	-3.94297E-006	0.00000E+000	-3.40000E-001	0.00000E+000	9	...........
	131	5.28	-3.37734E-001	-3.92001E-006	0.00000E+000	-3.38000E-001	0.00000E+000	9	...........
	132	5.32	-3.35736E-001	-3.88386E-006	0.00000E+000	-3.36000E-001	0.00000E+000	9	...........
	133	5.36	-3.33747E-001	-3.85826E-006	0.00000E+000	-3.34000E-001	0.00000E+000	9	...........
	134	5.4	-3.31732E-001	-3.83619E-006	0.00000E+000	-3.32000E-001	0.00000E+000	9	...........
	135	5.44	-3.29734E-001	-3.80359E-006	0.00000E+000	-3.30000E-001	0.00000E+000	9	...........
	136	5.48	-3.27740E-001	-3.77389E-006	0.00000E+000	-3.28000E-001	0.00000E+000	9	...........
	137	5.52	-3.25729E-001	-3.75176E-006	0.00000E+000	-3.26000E-001	0.00000E+000	9	...........
	138	5.56	-3.23742E-001	-3.71825E-006	0.00000E+000	-3.24000E-001	0.00000E+000	9	...........
	139	5.6	-3.21733E-001	-3.68987E-006	0.00000E+000	-3.22000E-001	0.00000E+000	9	...........
	140	5.64	-3.19720E-001	-3.66087E-006	0.00000E+000	-3.20000E-001	0.00000E+000	9	...........
	141	5.68	-3.17721E-001	-3.63694E-006	0.00000E+000	-3.18000E-001	0.00000E+000	9	...........
	142	5.72	-3.15728E-001	-3.60349E-006	0.00000E+000	-3.16000E-001	0.00000E+000	9	...........
	143	5.76	-3.13721E-001	-3.57304E-006	0.00000E+000	-3.14000E-001	0.00000E+000	9	...........
	144	5.8	-3.11738E-001	-3.54702E-006	0.00000E+000	-3.12000E-001	0.00000E+000	9	...........
	145	5.84	-3.09716E-001	-3.51524E-006	0.00000E+000	-3.10000E-001	0.00000E+000	9	...........
	146	5.88	-3.07712E-001	-3.47674E-006	0.00000E+000	-3.08000E-001	0.00000E+000	9	...........
	147	5.92	-3.05697E-001	-3.44420E-006	0.00000E+000	-3.06000E-001	0.00000E+000	9	...........
	148	5.96	-3.03701E-001	-3.40618E-006	0.00000E+000	-3.04000E-001	0.00000E+000	9	...........
	149	6	-3.01719E-001	-3.37287E-006	0.00000E+000	-3.02000E-001	0.00000E+000	9	...........
	150	6.04	-2.99716E-001	-3.34193E-006	0.00000E+000	-3.00000E-001	0.00000E+000	9	...........
	151	6.08	-2.97731E-001	-3.29926E-006	0.00000E+000	-2.98000E-001	0.00000E+000	9	...........
	152	6.12	-2.95718E-001	-3.26589E-006	0.00000E+000	-2.96000E-001	0.00000E+000	9	...........
	153	6.16	-2.93712E-001	-3.22815E-006	0.00000E+000	-2.94000E-001	0.00000E+000	9	...........
	154	6.2	-2.91705E-001	-3.18687E-006	0.00000E+000	-2.92000E-001	0.00000E+000	9	...........
	155	6.24	-2.89718E-001	-3.14531E-006	0.00000E+000	-2.90000E-001	0.00000E+000	9	...........
	156	6.28	-2.87708E-001	-3.10493E-006	0.00000E+000	-2.88000E-001	0.00000E+000	9	...........
	157	6.32	-2.85721E-001	-3.05692E-006	0.00000E+000	-2.86000E-001	0.00000E+000	9	...........
	158	6.36	-2.83711E-001	-3.00697E-006	0.00000E+000	-2.84000E-001	0.00000E+000	9	...........
	159	6.4	-2.81699E-001	-2.95784E-006	0.00000E+000	-2.82000E-001	0.00000E+000	9	...........
	160	6.44	-2.79699E-001	-2.90671E-006	0.00000E+000	-2.80000E-001	0.00000E+000	9	...........
	161	6.48	-2.77702E-001	-2.84552E-006	0.00000E+000	-2.78000E-001	0.00000E+000	9	...........
	162	6.52	-2.75707E-001	-2.79411E-006	0.00000E+000	-2.76000E-001	0.00000E+000	9	...........
	163	6.56	-2.73695E-001	-2.73715E-006	0.00000E+000	-2.74000E-001	0.00000E+000	9	...........
	164	6.6	-2.71701E-001	-2.67047E-006	0.00000E+000	-2.72000E-001	0.00000E+000	9	...........
	165	6.64	-2.69713E-001	-2.60977E-006	0.00000E+000	-2.70000E-001	0.00000E+000	9	...........
	166	6.68	-2.67695E-001	-2.53948E-006	0.00000E+000	-2.68000E-001	0.00000E+000	9	...........
	167	6.72	-2.65695E-001	-2.47163E-006	0.00000E+000	-2.66000E-001	0.00000E+000	9	...........
	168	6.76	-2.63696E-001	-2.38782E-006	0.00000E+000	-2.64000E-001	0.00000E+000	9	...........
	169	6.8	-2.61700E-001	-2.31698E-006	0.00000E+000	-2.62000E-001	0.00000E+000	9	...........
	170	6.84	-2.59701E-001	-2.23837E-006	0.00000E+000	-2.60000E-001	0.00000E+000	9	...........
	171	6.88	-2.57688E-001	-2.15526E-006	0.00000E+000	-2.58000E-001	0.00000E+000	9	...........
	172	6.92	-2.55673E-001	-2.06659E-006	0.00000E+000	-2.56000E-001	0.00000E+000	9	...........
	173	6.96	-2.53677E-001	-1.97966E-006	0.00000E+000	-2.54000E-001	0.00000E+000	9	...........
	174	7	-2.51678E-001	-1.88114E-006	0.00000E+000	-2.52000E-001	0.00000E+000	9	...........
	175	7.04	-2.49690E-001	-1.77748E-006	0.00000E+000	-2.50000E-001	0.00000E+000	9	...........
	176	7.08	-2.47693E-001	-1.68139E-006	0.00000E+000	-2.48000E-001	0.00000E+000	9	...........
	177	7.12	-2.45700E-001	-1.57489E-006	0.00000E+000	-2.46000E-001	0.00000E+000	9	...........
	178	7.16	-2.43698E-001	-1.46382E-006	0.00000E+000	-2.44000E-001	0.00000E+000	9	...........
	179	7.2	-2.41673E-001	-1.34240E-006	0.00000E+000	-2.42000E-001	0.00000E+000	9	...........
	180	7.24	-2.39671E-001	-1.21918E-006	0.00000E+000	-2.40000E-001	0.00000E+000	9	...........
	181	7.28	-2.37692E-001	-1.09749E-006	0.00000E+000	-2.38000E-001	0.00000E+000	9	...........
	182	7.32	-2.35690E-001	-9.65530E-007	0.00000E+000	-2.36000E-001	0.00000E+000	9	...........
	183	7.36	-2.33686E-001	-8.38981E-007	0.00000E+000	-2.34000E-001	0.00000E+000	9	...........
	184	7.4	-2.31675E-001	-6.93838E-007	0.00000E+000	-2.32000E-001	0.00000E+000	9	...........
	185	7.44	-2.29667E-001	-5.54731E-007	0.00000E+000	-2.30000E-001	0.00000E+000	9	...........
	186	7.48	-2.27676E-001	-4.15763E-007	0.00000E+000	-2.28000E-001	0.00000E+000	9	...........
	187	7.52	-2.25667E-001	-2.70412E-007	0.00000E+000	-2.26000E-001	0.00000E+000	9	...........
	188	7.56	-2.23676E-001	-1.16111E-007	0.00000E+000	-2.24000E-001	0.00000E+000	9	...........
	189	7.6	-2.21679E-001	3.44434E-008	0.00000E+000	-2.22000E-001	0.00000E+000	9	...........
	190	7.64	-2.19677E-001	1.89854E-007	0.00000E+000	-2.20000E-001	0.00000E+000	9	...........
	191	7.68	-2.17653E-001	3.57476E-007	0.00000E+000	-2.18000E-001	0.00000E+000	9	...........
	192	7.72	-2.15671E-001	5.11153E-007	0.00000E+000	-2.16000E-001	0.00000E+000	9	...........
	193	7.76	-2.13666E-001	6.66772E-007	0.00000E+000	-2.14000E-001	0.00000E+000	9	...........
	194	7.8	-2.11679E-001	8.21489E-007	0.00000E+000	-2.12000E-001	0.00000E+000	9	...........
	195	7.84	-2.09662E-001	9.84879E-007	0.00000E+000	-2.10000E-001	0.00000E+000	9	...........
	196	7.88	-2.07663E-001	1.13592E-006	0.00000E+000	-2.08000E-001	0.00000E+000	9	...........
	197	7.92	-2.05665E-001	1.28259E-006	0.00000E+000	-2.06000E-001	0.00000E+000	9	...........
	198	7.96	-2.03655E-001	1.43210E-006	0.00000E+000	-2.04000E-001	0.00000E+000	9	...........
	199	8	-2.01655E-001	1.58245E-006	0.00000E+000	-2.02000E-001	0.00000E+000	9	...........
	200	8.04	-1.99656E-001	1.72579E-006	0.00000E+000	-2.00000E-001	0.00000E+000	9	...........
	201	8.08	-1.97673E-001	1.86489E-006	0.00000E+000	-1.98000E-001	0.00000E+000	9	...........
	202	8.12	-1.95661E-001	1.99477E-006	0.00000E+000	-1.96000E-001	0.00000E+000	9	...........
	203	8.16	-1.93674E-001	2.11931E-006	0.00000E+000	-1.94000E-001	0.00000E+000	9	...........
	204	8.2	-1.91650E-001	2.24086E-006	0.00000E+000	-1.92000E-001	0.00000E+000	9	...........
	205	8.24	-1.89656E-001	2.36145E-006	0.00000E+000	-1.90000E-001	0.00000E+000	9	...........
	206	8.28	-1.87663E-001	2.47037E-006	0.00000E+000	-1.88000E-001	0.00000E+000	9	...........
	207	8.32	-1.85666E-001	2.57264E-006	0.00000E+000	-1.86000E-001	0.00000E+000	9	...........
	208	8.36	-1.83661E-001	2.66720E-006	0.00000E+000	-1.84000E-001	0.00000E+000	9	...........
	209	8.4	-1.81656E-001	2.74907E-006	0.00000E+000	-1.82000E-001	0.00000E+000	9	...........
	210	8.44	-1.79669E-001	2.82900E-006	0.00000E+000	-1.80000E-001	0.00000E+000	9	...........
	211	8.48	-1.77657E-001	2.90136E-006	0.00000E+000	-1.78000E-001	0.00000E+000	9	...........
	212	8.52	-1.75657E-001	2.96630E-006	0.00000E+000	-1.76000E-001	0.00000E+000	9	...........
	213	8.56	-1.73653E-001	3.01723E-006	0.00000E+000	-1.74000E-001	0.00000E+000	9	...........
	214	8.6	-1.71650E-001	3.06191E-006	0.00000E+000	-1.72000E-001	0.00000E+000	9	...........
	215	8.64	-1.69654E-001	3.10333E-006	0.00000E+000	-1.70000E-001	0.00000E+000	9	...........
	216	8.68	-1.67651E-001	3.14287E-006	0.00000E+000	-1.68000E-001	0.00000E+000	9	...........
	217	8.72	-1.65637E-001	3.16605E-006	0.00000E+000	-1.66000E-001	0.00000E+000	9	...........
	218	8.76	-1.63656E-001	3.18582E-006	0.00000E+000	-1.64000E-001	0.00000E+000	9	...........
	219	8.8	-1.61640E-001	3.20240E-006	0.00000E+000	-1.62000E-001	0.00000E+000	9	...........
	220	8.84	-1.59654E-001	3.20934E-006	0.00000E+000	-1.60000E-001	0.00000E+000	9	...........
	221	8.88	-1.57651E-001	3.21059E-006	0.00000E+000	-1.58000E-001	0.00000E+000	9	...........
	222	8.92	-1.55635E-001	3.20455E-006	0.00000E+000	-1.56000E-001	0.00000E+000	9	...........
	223	8.96	-1.53626E-001	3.19852E-006	0.00000E+000	-1.54000E-001	0.00000E+000	9	...........
	224	9	-1.51625E-001	3.18991E-006	0.00000E+000	-1.52000E-001	0.00000E+000	9	...........
	225	9.04	-1.49630E-001	3.17229E-006	0.00000E+000	-1.50000E-001	0.00000E+000	9	...........
	226	9.08	-1.47635E-001	3.14502E-006	0.00000E+000	-1.48000E-001	0.00000E+000	9	...........
	227	9.12	-1.45637E-001	3.12185E-006	0.00000E+000	-1.46000E-001	0.00000E+000	9	...........
	228	9.16	-1.43651E-001	3.09458E-006	0.00000E+000	-1.44000E-001	0.00000E+000	9	...........
	229	9.2	-1.41648E-001	3.06267E-006	0.00000E+000	-1.42000E-001	0.00000E+000	9	...........
	230	9.24	-1.39622E-001	3.03846E-006	0.00000E+000	-1.40000E-001	0.00000E+000	9	...........
	231	9.28	-1.37624E-001	3.01008E-006	0.00000E+000	-1.38000E-001	0.00000E+000	9	...........
	232	9.32	-1.35634E-001	2.97900E-006	0.00000E+000	-1.36000E-001	0.00000E+000	9	...........
	233	9.36	-1.33635E-001	2.94299E-006	0.00000E+000	-1.34000E-001	0.00000E+000	9	...........
	234	9.4	-1.31643E-001	2.91101E-006	0.00000E+000	-1.32000E-001	0.00000E+000	9	...........
	235	9.44	-1.29630E-001	2.87763E-006	0.00000E+000	-1.30000E-001	0.00000E+000	9	...........
	236	9.48	-1.27613E-001	2.84725E-006	0.00000E+000	-1.28000E-001	0.00000E+000	9	...........
	237	9.52	-1.25617E-001	2.80680E-006	0.00000E+000	-1.26000E-001	0.00000E+000	9	...........
	238	9.56	-1.23627E-001	2.77405E-006	0.00000E+000	-1.24000E-001	0.00000E+000	9	...........
	239	9.6	-1.21638E-001	2.73457E-006	0.00000E+000	-1.22000E-001	0.00000E+000	9	...........
	240	9.64	-1.19628E-001	2.70252E-006	0.00000E+000	-1.20000E-001	0.00000E+000	9	...........
	241	9.68	-1.17634E-001	2.67047E-006	0.00000E+000	-1.18000E-001	0.00000E+000	9	...........
	242	9.72	-1.15632E-001	2.63446E-006	0.00000E+000	-1.16000E-001	0.00000E+000	9	...........
	243	9.76	-1.13627E-001	2.60358E-006	0.00000E+000	-1.14000E-001	0.00000E+000	9	...........
	244	9.8	-1.11633E-001	2.57292E-006	0.00000E+000	-1.12000E-001	0.00000E+000	9	...........
	245	9.84	-1.09624E-001	2.54454E-006	0.00000E+000	-1.10000E-001	0.00000E+000	9	...........
	246	9.88	-1.07620E-001	2.51367E-006	0.00000E+000	-1.08000E-001	0.00000E+000	9	...........
	247	9.92	-1.05631E-001	2.48078E-006	0.00000E+000	-1.06000E-001	0.00000E+000	9	...........
	248	9.96	-1.03610E-001	2.45365E-006	0.00000E+000	-1.04000E-001	0.00000E+000	9	...........
	249	10	-1.01598E-001	2.42791E-006	0.00000E+000	-1.02000E-001	0.00000E+000	9	...........
	250	10.04	-9.96143E-002	2.40384E-006	0.00000E+000	-1.00000E-001	0.00000E+000	9	...........
	251	10.08	-9.76124E-002	2.37879E-006	0.00000E+000	-9.80000E-002	0.00000E+000	9	...........
	252	10.12	-9.56103E-002	2.35493E-006	0.00000E+000	-9.60000E-002	0.00000E+000	9	...........
	253	10.16	-9.36132E-002	2.32218E-006	0.00000E+000	-9.40000E-002	0.00000E+000	9	...........
	254	10.2	-9.16286E-002	2.30532E-006	0.00000E+000	-9.20000E-002	0.00000E+000	9	...........
	255	10.24	-8.96284E-002	2.28499E-006	0.00000E+000	-9.00000E-002	0.00000E+000	9	...........
	256	10.28	-8.75992E-002	2.26584E-006	0.00000E+000	-8.80000E-002	0.00000E+000	9	...........
	257	10.32	-8.56056E-002	2.24378E-006	0.00000E+000	-8.60000E-002	0.00000E+000	9	...........
	258	10.36	-8.36165E-002	2.23358E-006	0.00000E+000	-8.40000E-002	0.00000E+000	9	...........
	259	10.4	-8.16171E-002	2.21617E-006	0.00000E+000	-8.20000E-002	0.00000E+000	9	...........
	260	10.44	-7.96221E-002	2.20742E-006	0.00000E+000	-8.00000E-002	0.00000E+000	9	...........
	261	10.48	-7.75985E-002	2.19299E-006	0.00000E+000	-7.80000E-002	0.00000E+000	9	...........
	262	10.52	-7.55972E-002	2.18446E-006	0.00000E+000	-7.60000E-002	0.00000E+000	9	...........
	263	10.56	-7.35949E-002	2.17821E-006	0.00000E+000	-7.40000E-002	0.00000E+000	9	...........
	264	10.6	-7.15982E-002	2.16822E-006	0.00000E+000	-7.20000E-002	0.00000E+000	9	...........
	265	10.64	-6.95940E-002	2.16142E-006	0.00000E+000	-7.00000E-002	0.00000E+000	9	...........
	266	10.68	-6.76020E-002	2.15678E-006	0.00000E+000	-6.80000E-002	0.00000E+000	9	...........
	267	10.72	-6.56017E-002	2.15698E-006	0.00000E+000	-6.60000E-002	0.00000E+000	9	...........
	268	10.76	-6.35934E-002	2.15303E-006	0.00000E+000	-6.40000E-002	0.00000E+000	9	...........
	269	10.8	-6.15852E-002	2.15636E-006	0.00000E+000	-6.20000E-002	0.00000E+000	9	...........
	270	10.84	-5.95948E-002	2.15754E-006	0.00000E+000	-6.00000E-002	0.00000E+000	9	...........
	271	10.88	-5.75910E-002	2.15872E-006	0.00000E+000	-5.80000E-002	0.00000E+000	9	...........
	272	10.92	-5.55991E-002	2.15962E-006	0.00000E+000	-5.60000E-002	0.00000E+000	9	...........
	273	10.96	-5.36033E-002	2.16670E-006	0.00000E+000	-5.40000E-002	0.00000E+000	9	...........
	274	11	-5.15739E-002	2.17044E-006	0.00000E+000	-5.20000E-002	0.00000E+000	9	...........
	275	11.04	-4.95797E-002	2.17835E-006	0.00000E+000	-5.00000E-002	0.00000E+000	9	...........
	276	11.08	-4.75640E-002	2.18481E-006	0.00000E+000	-4.80000E-002	0.00000E+000	9	...........
	277	11.12	-4.55711E-002	2.19278E-006	0.00000E+000	-4.60000E-002	0.00000E+000	9	...........
	278	11.16	-4.35882E-002	2.20007E-006	0.00000E+000	-4.40000E-002	0.00000E+000	9	...........
	279	11.2	-4.15953E-002	2.21020E-006	0.00000E+000	-4.20000E-002	0.00000E+000	9	...........
	280	11.24	-3.95828E-002	2.22033E-006	0.00000E+000	-4.00000E-002	0.00000E+000	9	...........
	281	11.28	-3.75809E-002	2.22907E-006	0.00000E+000	-3.80000E-002	0.00000E+000	9	...........
	282	11.32	-3.55723E-002	2.24142E-006	0.00000E+000	-3.60000E-002	0.00000E+000	9	...........
	283	11.36	-3.35787E-002	2.25169E-006	0.00000E+000	-3.40000E-002	0.00000E+000	9	...........
	284	11.4	-3.15758E-002	2.26452E-006	0.00000E+000	-3.20000E-002	0.00000E+000	9	...........
	285	11.44	-2.95781E-002	2.27056E-006	0.00000E+000	-3.00000E-002	0.00000E+000	9	...........
	286	11.48	-2.75889E-002	2.28332E-006	0.00000E+000	-2.80000E-002	0.00000E+000	9	...........
	287	11.52	-2.55720E-002	2.29595E-006	0.00000E+000	-2.60000E-002	0.00000E+000	9	...........
	288	11.56	-2.35649E-002	2.30941E-006	0.00000E+000	-2.40000E-002	0.00000E+000	9	...........
	289	11.6	-2.15634E-002	2.31836E-006	0.00000E+000	-2.20000E-002	0.00000E+000	9	...........
	290	11.64	-1.95657E-002	2.33425E-006	0.00000E+000	-2.00000E-002	0.00000E+000	9	...........
	291	11.68	-1.75711E-002	2.34757E-006	0.00000E+000	-1.80000E-002	0.00000E+000	9	...........
	292	11.72	-1.55611E-002	2.36457E-006	0.00000E+000	-1.60000E-002	0.00000E+000	9	...........
	293	11.76	-1.35713E-002	2.37192E-006	0.00000E+000	-1.40000E-002	0.00000E+000	9	...........
	294	11.8	-1.15439E-002	2.39170E-006	0.00000E+000	-1.20000E-002	0.00000E+000	9	...........
	295	11.84	-9.55937E-003	2.40370E-006	0.00000E+000	-1.00000E-002	0.00000E+000	9	...........
	296	11.88	-7.55622E-003	2.41640E-006	0.00000E+000	-8.00000E-003	0.00000E+000	9	...........
	297	11.92	-5.55579E-003	2.43548E-006	0.00000E+000	-6.00001E-003	0.00000E+000	9	...........
	298	11.96	-3.56245E-003	2.44255E-006	0.00000E+000	-4.00001E-003	0.00000E+000	9	...........
	299	12	-1.54658E-003	2.45240E-006	0.00000E+000	-2.00000E-003	0.00000E+000	9	...........
	300	12.04	4.69290E-004	2.47905E-006	0.00000E+000	0.00000E+000	0.00000E+000	9	...........
	301	12.08	2.45616E-003	2.49001E-006	0.00000E+000	2.00000E-003	0.00000E+000	9	...........
	302	12.12	4.45180E-003	2.50381E-006	0.00000E+000	4.00001E-003	0.00000E+000	9	...........
	303	12.16	6.44639E-003	2.51866E-006	0.00000E+000	5.99998E-003	0.00000E+000	9	...........
	304	12.2	8.45141E-003	2.54329E-006	0.00000E+000	7.99999E-003	0.00000E+000	9	...........
	305	12.24	1.04535E-002	2.56841E-006	0.00000E+000	9.99999E-003	0.00000E+000	9	...........
	306	12.28	1.24506E-002	2.58242E-006	0.00000E+000	1.20000E-002	0.00000E+000	9	...........
	307	12.32	1.44677E-002	2.61017E-006	0.00000E+000	1.40000E-002	0.00000E+000	9	...........
	308	12.36	1.64567E-002	2.63404E-006	0.00000E+000	1.60000E-002	0.00000E+000	9	...........
	309	12.4	1.84632E-002	2.66214E-006	0.00000E+000	1.80000E-002	0.00000E+000	9	...........
	310	12.44	2.04613E-002	2.68608E-006	0.00000E+000	2.00000E-002	0.00000E+000	9	...........
	311	12.48	2.24659E-002	2.70883E-006	0.00000E+000	2.20000E-002	0.00000E+000	9	...........
	312	12.52	2.44703E-002	2.75497E-006	0.00000E+000	2.40000E-002	0.00000E+000	9	...........
	313	12.56	2.64758E-002	2.78848E-006	0.00000E+000	2.60000E-002	0.00000E+000	9	...........
	314	12.6	2.84724E-002	2.82921E-006	0.00000E+000	2.80000E-002	0.00000E+000	9	...........
	315	12.64	3.04695E-002	2.87264E-006	0.00000E+000	3.00000E-002	0.00000E+000	9	...........
	316	12.68	3.24733E-002	2.92648E-006	0.00000E+000	3.20000E-002	0.00000E+000	9	...........
	317	12.72	3.44664E-002	2.97955E-006	0.00000E+000	3.40000E-002	0.00000E+000	9	...........
	318	12.76	3.64683E-002	3.04019E-006	0.00000E+000	3.60000E-002	0.00000E+000	9	...........
	319	12.8	3.84871E-002	3.10471E-006	0.00000E+000	3.80000E-002	0.00000E+000	9	...........
	320	12.84	4.04790E-002	3.16979E-006	0.00000E+000	4.00000E-002	0.00000E+000	9	...........
	321	12.88	4.24677E-002	3.24805E-006	0.00000E+000	4.20000E-002	0.00000E+000	9	...........
	322	12.92	4.44709E-002	3.32763E-006	0.00000E+000	4.40000E-002	0.00000E+000	9	...........
	323	12.96	4.64815E-002	3.41554E-006	0.00000E+000	4.60000E-002	0.00000E+000	9	...........
	324	13	4.84972E-002	3.51156E-006	0.00000E+000	4.80000E-002	0.00000E+000	9	...........
	325	13.04	5.04901E-002	3.61785E-006	0.00000E+000	5.00000E-002	0.00000E+000	9	...........
	326	13.08	5.25041E-002	3.72317E-006	0.00000E+000	5.20000E-002	0.00000E+000	9	...........
	327	13.12	5.44918E-002	3.83480E-006	0.00000E+000	5.40000E-002	0.00000E+000	9	...........
	328	13.16	5.64933E-002	3.95247E-006	0.00000E+000	5.60000E-002	0.00000E+000	9	...........
	329	13.2	5.84902E-002	4.07784E-006	0.00000E+000	5.80000E-002	0.00000E+000	9	...........
	330	13.24	6.04750E-002	4.19946E-006	0.00000E+000	6.00000E-002	0.00000E+000	9	...........
	331	13.28	6.24869E-002	4.33586E-006	0.00000E+000	6.20000E-002	0.00000E+000	9	...........
	332	13.32	6.44963E-002	4.47219E-006	0.00000E+000	6.40000E-002	0.00000E+000	9	...........
	333	13.36	6.64982E-002	4.60304E-006	0.00000E+000	6.60000E-002	0.00000E+000	9	...........
	334	13.4	6.85007E-002	4.73910E-006	0.00000E+000	6.80000E-002	0.00000E+000	9	...........
	335	13.44	7.05107E-002	4.88015E-006	0.00000E+000	7.00000E-002	0.00000E+000	9	...........
	336	13.48	7.24907E-002	5.01287E-006	0.00000E+000	7.20000E-002	0.00000E+000	9	...........
	337	13.52	7.44953E-002	5.14282E-006	0.00000E+000	7.40000E-002	0.00000E+000	9	...........
	338	13.56	7.65039E-002	5.28179E-006	0.00000E+000	7.60000E-002	0.00000E+000	9	...........
	339	13.6	7.85095E-002	5.40175E-006	0.00000E+000	7.80000E-002	0.00000E+000	9	...........
	340	13.64	8.05208E-002	5.53142E-006	0.00000E+000	8.00000E-002	0.00000E+000	9	...........
	341	13.68	8.25012E-002	5.64853E-006	0.00000E+000	8.20000E-002	0.00000E+000	9	...........
	342	13.72	8.45071E-002	5.75031E-006	0.00000E+000	8.40000E-002	0.00000E+000	9	...........
	343	13.76	8.64994E-002	5.84522E-006	0.00000E+000	8.60000E-002	0.00000E+000	9	...........
	344	13.8	8.85004E-002	5.94846E-006	0.00000E+000	8.80000E-002	0.00000E+000	9	...........
	345	13.84	9.05242E-002	6.04212E-006	0.00000E+000	9.00000E-002	0.00000E+000	9	...........
	346	13.88	9.25090E-002	6.11837E-006	0.00000E+000	9.20000E-002	0.00000E+000	9	...........
	347	13.92	9.45034E-002	6.19143E-006	0.00000E+000	9.40000E-002	0.00000E+000	9	...........
	348	13.96	9.65168E-002	6.26261E-006	0.00000E+000	9.60000E-002	0.00000E+000	9	...........
	349	14	9.85260E-002	6.31541E-006	0.00000E+000	9.80000E-002	0.00000E+000	9	...........
	350	14.04	1.00525E-001	6.36509E-006	0.00000E+000	1.00000E-001	0.00000E+000	9	...........
	351	14.08	9.85233E-002	5.28040E-006	0.00000E+000	9.80000E-002	0.00000E+000	9	...........
	352	14.12	9.65088E-002	4.50057E-006	0.00000E+000	9.60000E-002	0.00000E+000	9	...........
	353	14.16	9.45147E-002	3.86553E-006	0.00000E+000	9.40000E-002	0.00000E+000	9	...........
	354	14.2	9.25134E-002	3.35101E-006	0.00000E+000	9.20000E-002	0.00000E+000	9	...........
	355	14.24	9.05067E-002	2.90677E-006	0.00000E+000	9.00000E-002	0.00000E+000	9	...........
	356	14.28	8.85000E-002	2.53434E-006	0.00000E+000	8.80000E-002	0.00000E+000	9	...........
	357	14.32	8.64979E-002	2.19251E-006	0.00000E+000	8.60000E-002	0.00000E+000	9	...........
	358	14.36	8.44969E-002	1.88911E-006	0.00000E+000	8.40000E-002	0.00000E+000	9	...........
	359	14.4	8.24966E-002	1.62741E-006	0.00000E+000	8.20000E-002	0.00000E+000	9	...........
	360	14.44	8.05106E-002	1.37424E-006	0.00000E+000	8.00000E-002	0.00000E+000	9	...........
	361	14.48	7.85120E-002	1.14758E-006	0.00000E+000	7.80000E-002	0.00000E+000	9	...........
	362	14.52	7.64997E-002	9.46720E-007	0.00000E+000	7.60000E-002	0.00000E+000	9	...........
	363	14.56	7.44995E-002	7.54260E-007	0.00000E+000	7.40000E-002	0.00000E+000	9	...........
	364	14.6	7.24913E-002	5.76440E-007	0.00000E+000	7.20000E-002	0.00000E+000	9	...........
	365	14.64	7.05061E-002	4.08471E-007	0.00000E+000	7.00000E-002	0.00000E+000	9	...........
	366	14.68	6.84980E-002	2.50909E-007	0.00000E+000	6.80000E-002	0.00000E+000	9	...........
	367	14.72	6.65034E-002	9.59140E-008	0.00000E+000	6.60000E-002	0.00000E+000	9	...........
	368	14.76	6.45002E-002	-3.95156E-008	0.00000E+000	6.40000E-002	0.00000E+000	9	...........
	369	14.8	6.24954E-002	-1.65857E-007	0.00000E+000	6.20000E-002	0.00000E+000	9	...........
	370	14.84	6.04816E-002	-2.86508E-007	0.00000E+000	6.00000E-002	0.00000E+000	9	...........
	371	14.88	5.84946E-002	-3.93423E-007	0.00000E+000	5.80000E-002	0.00000E+000	9	...........
	372	14.92	5.64916E-002	-4.90971E-007	0.00000E+000	5.60000E-002	0.00000E+000	9	...........
	373	14.96	5.44954E-002	-5.84426E-007	0.00000E+000	5.40000E-002	0.00000E+000	9	...........
	374	15	5.24924E-002	-6.73857E-007	0.00000E+000	5.20000E-002	0.00000E+000	9	...........
	375	15.04	5.04899E-002	-7.47330E-007	0.00000E+000	5.00000E-002	0.00000E+000	9	...........
	376	15.08	4.84926E-002	-8.22191E-007	0.00000E+000	4.80000E-002	0.00000E+000	9	...........
	377	15.12	4.64774E-002	-8.80886E-007	0.00000E+000	4.60000E-002	0.00000E+000	9	...........
	378	15.16	4.44778E-002	-9.36321E-007	0.00000E+000	4.40000E-002	0.00000E+000	9	...........
	379	15.2	4.24778E-002	-9.84193E-007	0.00000E+000	4.20000E-002	0.00000E+000	9	...........
	380	15.24	4.04692E-002	-1.02534E-006	0.00000E+000	4.00000E-002	0.00000E+000	9	...........
	381	15.28	3.84921E-002	-1.06259E-006	0.00000E+000	3.80000E-002	0.00000E+000	9	...........
	382	15.32	3.64554E-002	-1.09465E-006	0.00000E+000	3.60000E-002	0.00000E+000	9	...........
	383	15.36	3.44620E-002	-1.10956E-006	0.00000E+000	3.40000E-002	0.00000E+000	9	...........
	384	15.4	3.24829E-002	-1.12115E-006	0.00000E+000	3.20000E-002	0.00000E+000	9	...........
	385	15.44	3.04787E-002	-1.13287E-006	0.00000E+000	3.00000E-002	0.00000E+000	9	...........
	386	15.48	2.84754E-002	-1.13960E-006	0.00000E+000	2.80000E-002	0.00000E+000	9	...........
	387	15.52	2.64760E-002	-1.14772E-006	0.00000E+000	2.60000E-002	0.00000E+000	9	...........
	388	15.56	2.44716E-002	-1.14932E-006	0.00000E+000	2.40000E-002	0.00000E+000	9	...........
	389	15.6	2.24743E-002	-1.15057E-006	0.00000E+000	2.20000E-002	0.00000E+000	9	...........
	390	15.64	2.04632E-002	-1.14585E-006	0.00000E+000	2.00000E-002	0.00000E+000	9	...........
	391	15.68	1.84663E-002	-1.14127E-006	0.00000E+000	1.80000E-002	0.00000E+000	9	...........
	392	15.72	1.64477E-002	-1.13725E-006	0.00000E+000	1.60000E-002	0.00000E+000	9	...........
	393	15.76	1.44583E-002	-1.12906E-006	0.00000E+000	1.40000E-002	0.00000E+000	9	...........
	394	15.8	1.24496E-002	-1.11657E-006	0.00000E+000	1.20000E-002	0.00000E+000	9	...........
	395	15.84	1.04523E-002	-1.11019E-006	0.00000E+000	9.99999E-003	0.00000E+000	9	...........
	396	15.88	8.45725E-003	-1.09243E-006	0.00000E+000	7.99999E-003	0.00000E+000	9	...........
	397	15.92	6.45202E-003	-1.08237E-006	0.00000E+000	5.99998E-003	0.00000E+000	9	...........
	398	15.96	4.45117E-003	-1.07376E-006	0.00000E+000	4.00001E-003	0.00000E+000	9	...........
	399	16	2.45742E-003	-1.05683E-006	0.00000E+000	2.00000E-003	0.00000E+000	9	...........
	400	16.04	4.80137E-004	-1.05108E-006	0.00000E+000	0.00000E+000	0.00000E+000	9	...........
	401	16.08	-1.53594E-003	-1.03123E-006	0.00000E+000	-2.00000E-003	0.00000E+000	9	...........
	402	16.12	-3.56787E-003	-1.03082E-006	0.00000E+000	-4.00001E-003	0.00000E+000	9	...........
	403	16.16	-5.56184E-003	-1.00764E-006	0.00000E+000	-6.00001E-003	0.00000E+000	9	...........
	404	16.2	-7.55664E-003	-1.00175E-006	0.00000E+000	-8.00000E-003	0.00000E+000	9	...........
	405	16.24	-9.56792E-003	-9.87454E-007	0.00000E+000	-1.00000E-002	0.00000E+000	9	...........
	406	16.28	-1.15471E-002	-9.76492E-007	0.00000E+000	-1.20000E-002	0.00000E+000	9	...........
	407	16.32	-1.35723E-002	-9.67334E-007	0.00000E+000	-1.40000E-002	0.00000E+000	9	...........
	408	16.36	-1.55655E-002	-9.60534E-007	0.00000E+000	-1.60000E-002	0.00000E+000	9	...........
	409	16.4	-1.75774E-002	-9.46797E-007	0.00000E+000	-1.80000E-002	0.00000E+000	9	...........
	410	16.44	-1.95724E-002	-9.46589E-007	0.00000E+000	-2.00000E-002	0.00000E+000	9	...........
	411	16.48	-2.15745E-002	-9.36876E-007	0.00000E+000	-2.20000E-002	0.00000E+000	9	...........
	412	16.52	-2.35662E-002	-9.39651E-007	0.00000E+000	-2.40000E-002	0.00000E+000	9	...........
	413	16.56	-2.55829E-002	-9.34586E-007	0.00000E+000	-2.60000E-002	0.00000E+000	9	...........
	414	16.6	-2.75877E-002	-9.33199E-007	0.00000E+000	-2.80000E-002	0.00000E+000	9	...........
	415	16.64	-2.95752E-002	-9.34378E-007	0.00000E+000	-3.00000E-002	0.00000E+000	9	...........
	416	16.68	-3.15760E-002	-9.31464E-007	0.00000E+000	-3.20000E-002	0.00000E+000	9	...........
	417	16.72	-3.35787E-002	-9.37986E-007	0.00000E+000	-3.40000E-002	0.00000E+000	9	...........
	418	16.76	-3.55763E-002	-9.42842E-007	0.00000E+000	-3.60000E-002	0.00000E+000	9	...........
	419	16.8	-3.75867E-002	-9.49989E-007	0.00000E+000	-3.80000E-002	0.00000E+000	9	...........
	420	16.84	-3.95982E-002	-9.59077E-007	0.00000E+000	-4.00000E-002	0.00000E+000	9	...........
	421	16.88	-4.15972E-002	-9.68929E-007	0.00000E+000	-4.20000E-002	0.00000E+000	9	...........
	422	16.92	-4.35832E-002	-9.83222E-007	0.00000E+000	-4.40000E-002	0.00000E+000	9	...........
	423	16.96	-4.55882E-002	-9.87454E-007	0.00000E+000	-4.60000E-002	0.00000E+000	9	...........
	424	17	-4.75743E-002	-9.97514E-007	0.00000E+000	-4.80000E-002	0.00000E+000	9	...........
	425	17.04	-4.95822E-002	-1.01472E-006	0.00000E+000	-5.00000E-002	0.00000E+000	9	...........
	426	17.08	-5.15772E-002	-1.02603E-006	0.00000E+000	-5.20000E-002	0.00000E+000	9	...........
	427	17.12	-5.36048E-002	-1.04240E-006	0.00000E+000	-5.40000E-002	0.00000E+000	9	...........
	428	17.16	-5.56017E-002	-1.05864E-006	0.00000E+000	-5.60000E-002	0.00000E+000	9	...........
	429	17.2	-5.76035E-002	-1.07383E-006	0.00000E+000	-5.80000E-002	0.00000E+000	9	...........
	430	17.24	-5.95931E-002	-1.07959E-006	0.00000E+000	-6.00000E-002	0.00000E+000	9	...........
	431	17.28	-6.15856E-002	-1.09277E-006	0.00000E+000	-6.20000E-002	0.00000E+000	9	...........
	432	17.32	-6.35938E-002	-1.10956E-006	0.00000E+000	-6.40000E-002	0.00000E+000	9	...........
	433	17.36	-6.56053E-002	-1.12684E-006	0.00000E+000	-6.60000E-002	0.00000E+000	9	...........
	434	17.4	-6.75997E-002	-1.14189E-006	0.00000E+000	-6.80000E-002	0.00000E+000	9	...........
	435	17.44	-6.96036E-002	-1.15112E-006	0.00000E+000	-7.00000E-002	0.00000E+000	9	...........
	436	17.48	-7.16057E-002	-1.17096E-006	0.00000E+000	-7.20000E-002	0.00000E+000	9	...........
	437	17.52	-7.35980E-002	-1.18435E-006	0.00000E+000	-7.40000E-002	0.00000E+000	9	...........
	438	17.56	-7.56016E-002	-1.19990E-006	0.00000E+000	-7.60000E-002	0.00000E+000	9	...........
	439	17.6	-7.76043E-002	-1.21891E-006	0.00000E+000	-7.80000E-002	0.00000E+000	9	...........
	440	17.64	-7.96119E-002	-1.22834E-006	0.00000E+000	-8.00000E-002	0.00000E+000	9	...........
	441	17.68	-8.16154E-002	-1.25290E-006	0.00000E+000	-8.20000E-002	0.00000E+000	9	...........
	442	17.72	-8.36142E-002	-1.27559E-006	0.00000E+000	-8.40000E-002	0.00000E+000	9	...........
	443	17.76	-8.55977E-002	-1.29030E-006	0.00000E+000	-8.60000E-002	0.00000E+000	9	...........
	444	17.8	-8.75950E-002	-1.31368E-006	0.00000E+000	-8.80000E-002	0.00000E+000	9	...........
	445	17.84	-8.96219E-002	-1.34011E-006	0.00000E+000	-9.00000E-002	0.00000E+000	9	...........
	446	17.88	-9.16272E-002	-1.36745E-006	0.00000E+000	-9.20000E-002	0.00000E+000	9	...........
	447	17.92	-9.36255E-002	-1.39589E-006	0.00000E+000	-9.40000E-002	0.00000E+000	9	...........
	448	17.96	-9.56053E-002	-1.42594E-006	0.00000E+000	-9.60000E-002	0.00000E+000	9	...........
	449	18	-9.76199E-002	-1.45417E-006	0.00000E+000	-9.80000E-002	0.00000E+000	9	...........
	450	18.04	-9.96174E-002	-1.48879E-006	0.00000E+000	-1.00000E-001	0.00000E+000	9	...........
	451	18.08	-1.01604E-001	-1.53091E-006	0.00000E+000	-1.02000E-001	0.00000E+000	9	...........
	452	18.12	-1.03615E-001	-1.56365E-006	0.00000E+000	-1.04000E-001	0.00000E+000	9	...........
	453	18.16	-1.05633E-001	-1.59938E-006	0.00000E+000	-1.06000E-001	0.00000E+000	9	...........
	454	18.2	-1.07622E-001	-1.63532E-006	0.00000E+000	-1.08000E-001	0.00000E+000	9	...........
	455	18.24	-1.09626E-001	-1.67848E-006	0.00000E+000	-1.10000E-001	0.00000E+000	9	...........
	456	18.28	-1.11630E-001	-1.72711E-006	0.00000E+000	-1.12000E-001	0.00000E+000	9	...........
	457	18.32	-1.13624E-001	-1.76944E-006	0.00000E+000	-1.14000E-001	0.00000E+000	9	...........
	458	18.36	-1.15631E-001	-1.82237E-006	0.00000E+000	-1.16000E-001	0.00000E+000	9	...........
	459	18.4	-1.17637E-001	-1.88412E-006	0.00000E+000	-1.18000E-001	0.00000E+000	9	...........
	460	18.44	-1.19636E-001	-1.94115E-006	0.00000E+000	-1.20000E-001	0.00000E+000	9	...........
	461	18.48	-1.21627E-001	-2.00408E-006	0.00000E+000	-1.22000E-001	0.00000E+000	9	...........
	462	18.52	-1.23621E-001	-2.06492E-006	0.00000E+000	-1.24000E-001	0.00000E+000	9	...........
	463	18.56	-1.25621E-001	-2.13021E-006	0.00000E+000	-1.26000E-001	0.00000E+000	9	...........
	464	18.6	-1.27622E-001	-2.20035E-006	0.00000E+000	-1.28000E-001	0.00000E+000	9	...........
	465	18.64	-1.29632E-001	-2.27327E-006	0.00000E+000	-1.30000E-001	0.00000E+000	9	...........
	466	18.68	-1.31640E-001	-2.34945E-006	0.00000E+000	-1.32000E-001	0.00000E+000	9	...........
	467	18.72	-1.33642E-001	-2.43749E-006	0.00000E+000	-1.34000E-001	0.00000E+000	9	...........
	468	18.76	-1.35638E-001	-2.51589E-006	0.00000E+000	-1.36000E-001	0.00000E+000	9	...........
	469	18.8	-1.37633E-001	-2.60435E-006	0.00000E+000	-1.38000E-001	0.00000E+000	9	...........
	470	18.84	-1.39640E-001	-2.69316E-006	0.00000E+000	-1.40000E-001	0.00000E+000	9	...........
	471	18.88	-1.41648E-001	-2.78897E-006	0.00000E+000	-1.42000E-001	0.00000E+000	9	...........
	472	18.92	-1.43651E-001	-2.88597E-006	0.00000E+000	-1.44000E-001	0.00000E+000	9	...........
	473	18.96	-1.45642E-001	-2.99704E-006	0.00000E+000	-1.46000E-001	0.00000E+000	9	...........
	474	19	-1.47637E-001	-3.10576E-006	0.00000E+000	-1.48000E-001	0.00000E+000	9	...........
	475	19.04	-1.49647E-001	-3.21039E-006	0.00000E+000	-1.50000E-001	0.00000E+000	9	...........
	476	19.08	-1.51636E-001	-3.32244E-006	0.00000E+000	-1.52000E-001	0.00000E+000	9	...........
	477	19.12	-1.53629E-001	-3.44115E-006	0.00000E+000	-1.54000E-001	0.00000E+000	9	...........
	478	19.16	-1.55637E-001	-3.56547E-006	0.00000E+000	-1.56000E-001	0.00000E+000	9	...........
	479	19.2	-1.57658E-001	-3.69119E-006	0.00000E+000	-1.58000E-001	0.00000E+000	9	...........
	480	19.24	-1.59658E-001	-3.82239E-006	0.00000E+000	-1.60000E-001	0.00000E+000	9	...........
	481	19.28	-1.61650E-001	-3.96101E-006	0.00000E+000	-1.62000E-001	0.00000E+000	9	...........
	482	19.32	-1.63656E-001	-4.10018E-006	0.00000E+000	-1.64000E-001	0.00000E+000	9	...........
	483	19.36	-1.65643E-001	-4.24144E-006	0.00000E+000	-1.66000E-001	0.00000E+000	9	...........
	484	19.4	-1.67648E-001	-4.39318E-006	0.00000E+000	-1.68000E-001	0.00000E+000	9	...........
	485	19.44	-1.69654E-001	-4.54193E-006	0.00000E+000	-1.70000E-001	0.00000E+000	9	...........
	486	19.48	-1.71655E-001	-4.68776E-006	0.00000E+000	-1.72000E-001	0.00000E+000	9	...........
	487	19.52	-1.73652E-001	-4.84193E-006	0.00000E+000	-1.74000E-001	0.00000E+000	9	...........
	488	19.56	-1.75662E-001	-4.99581E-006	0.00000E+000	-1.76000E-001	0.00000E+000	9	...........
	489	19.6	-1.77660E-001	-5.15060E-006	0.00000E+000	-1.78000E-001	0.00000E+000	9	...........
	490	19.64	-1.79676E-001	-5.30011E-006	0.00000E+000	-1.80000E-001	0.00000E+000	9	...........
	491	19.68	-1.81664E-001	-5.45476E-006	0.00000E+000	-1.82000E-001	0.00000E+000	9	...........
	492	19.72	-1.83670E-001	-5.61406E-006	0.00000E+000	-1.84000E-001	0.00000E+000	9	...........
	493	19.76	-1.85670E-001	-5.76503E-006	0.00000E+000	-1.86000E-001	0.00000E+000	9	...........
	494	19.8	-1.87671E-001	-5.91898E-006	0.00000E+000	-1.88000E-001	0.00000E+000	9	...........
	495	19.84	-1.89674E-001	-6.07550E-006	0.00000E+000	-1.90000E-001	0.00000E+000	9	...........
	496	19.88	-1.91654E-001	-6.22064E-006	0.00000E+000	-1.92000E-001	0.00000E+000	9	...........
	497	19.92	-1.93674E-001	-6.36225E-006	0.00000E+000	-1.94000E-001	0.00000E+000	9	...........
	498	19.96	-1.95675E-001	-6.49775E-006	0.00000E+000	-1.96000E-001	0.00000E+000	9	...........
	499	20	-1.97686E-001	-6.64185E-006	0.00000E+000	-1.98000E-001	0.00000E+000	9	...........
	500	20.04	-1.99655E-001	-6.75917E-006	0.00000E+000	-2.00000E-001	0.00000E+000	9	...........
	501	20.08	-2.01666E-001	-6.88884E-006	0.00000E+000	-2.02000E-001	0.00000E+000	9	...........
	502	20.12	-2.03652E-001	-7.00193E-006	0.00000E+000	-2.04000E-001	0.00000E+000	9	...........
	503	20.16	-2.05669E-001	-7.10905E-006	0.00000E+000	-2.06000E-001	0.00000E+000	9	...........
	504	20.2	-2.07683E-001	-7.22006E-006	0.00000E+000	-2.08000E-001	0.00000E+000	9	...........
	505	20.24	-2.09674E-001	-7.31664E-006	0.00000E+000	-2.10000E-001	0.00000E+000	9	...........
	506	20.28	-2.11671E-001	-7.39795E-006	0.00000E+000	-2.12000E-001	0.00000E+000	9	...........
	507	20.32	-2.13669E-001	-7.48502E-006	0.00000E+000	-2.14000E-001	0.00000E+000	9	...........
	508	20.36	-2.15679E-001	-7.56578E-006	0.00000E+000	-2.16000E-001	0.00000E+000	9	...........
	509	20.4	-2.17661E-001	-7.62004E-006	0.00000E+000	-2.18000E-001	0.00000E+000	9	...........
	510	20.44	-2.19682E-001	-7.67866E-006	0.00000E+000	-2.20000E-001	0.00000E+000	9	...........
	511	20.48	-2.21685E-001	-7.72751E-006	0.00000E+000	-2.22000E-001	0.00000E+000	9	...........
	512	20.52	-2.23676E-001	-7.76400E-006	0.00000E+000	-2.24000E-001	0.00000E+000	9	...........
	513	20.56	-2.25673E-001	-7.79765E-006	0.00000E+000	-2.26000E-001	0.00000E+000	9	...........
	514	20.6	-2.27689E-001	-7.82506E-006	0.00000E+000	-2.28000E-001	0.00000E+000	9	...........
	515	20.64	-2.29671E-001	-7.84552E-006	0.00000E+000	-2.30000E-001	0.00000E+000	9	...........
	516	20.68	-2.31680E-001	-7.85267E-006	0.00000E+000	-2.32000E-001	0.00000E+000	9	...........
	517	20.72	-2.33685E-001	-7.86460E-006	0.00000E+000	-2.34000E-001	0.00000E+000	9	...........
	518	20.76	-2.35693E-001	-7.86384E-006	0.00000E+000	-2.36000E-001	0.00000E+000	9	...........
	519	20.8	-2.37690E-001	-7.85343E-006	0.00000E+000	-2.38000E-001	0.00000E+000	9	...........
	520	20.84	-2.39678E-001	-7.83768E-006	0.00000E+000	-2.40000E-001	0.00000E+000	9	...........
	521	20.88	-2.41680E-001	-7.81742E-006	0.00000E+000	-2.42000E-001	0.00000E+000	9	...........
	522	20.92	-2.43701E-001	-7.79772E-006	0.00000E+000	-2.44000E-001	0.00000E+000	9	...........
	523	20.96	-2.45700E-001	-7.76352E-006	0.00000E+000	-2.46000E-001	0.00000E+000	9	...........
	524	21	-2.47686E-001	-7.73701E-006	0.00000E+000	-2.48000E-001	0.00000E+000	9	...........
	525	21.04	-2.49697E-001	-7.69927E-006	0.00000E+000	-2.50000E-001	0.00000E+000	9	...........
	526	21.08	-2.51689E-001	-7.66042E-006	0.00000E+000	-2.52000E-001	0.00000E+000	9	...........
	527	21.12	-2.53689E-001	-7.62122E-006	0.00000E+000	-2.54000E-001	0.00000E+000	9	...........
	528	21.16	-2.55684E-001	-7.58014E-006	0.00000E+000	-2.56000E-001	0.00000E+000	9	...........
	529	21.2	-2.57692E-001	-7.53921E-006	0.00000E+000	-2.58000E-001	0.00000E+000	9	...........
	530	21.24	-2.59707E-001	-7.49425E-006	0.00000E+000	-2.60000E-001	0.00000E+000	9	...........
	531	21.28	-2.61708E-001	-7.44395E-006	0.00000E+000	-2.62000E-001	0.00000E+000	9	...........
	532	21.32	-2.63703E-001	-7.39192E-006	0.00000E+000	-2.64000E-001	0.00000E+000	9	...........
	533	21.36	-2.65699E-001	-7.34613E-006	0.00000E+000	-2.66000E-001	0.00000E+000	9	...........
	534	21.4	-2.67704E-001	-7.29312E-006	0.00000E+000	-2.68000E-001	0.00000E+000	9	...........
	535	21.44	-2.69715E-001	-7.24185E-006	0.00000E+000	-2.70000E-001	0.00000E+000	9	...........
	536	21.48	-2.71707E-001	-7.19779E-006	0.00000E+000	-2.72000E-001	0.00000E+000	9	...........
	537	21.52	-2.73698E-001	-7.14361E-006	0.00000E+000	-2.74000E-001	0.00000E+000	9	...........
	538	21.56	-2.75701E-001	-7.09018E-006	0.00000E+000	-2.76000E-001	0.00000E+000	9	...........
	539	21.6	-2.77710E-001	-7.03933E-006	0.00000E+000	-2.78000E-001	0.00000E+000	9	...........
	540	21.64	-2.79701E-001	-6.98625E-006	0.00000E+000	-2.80000E-001	0.00000E+000	9	...........
	541	21.68	-2.81703E-001	-6.94428E-006	0.00000E+000	-2.82000E-001	0.00000E+000	9	...........
	542	21.72	-2.83717E-001	-6.89529E-006	0.00000E+000	-2.84000E-001	0.00000E+000	9	...........
	543	21.76	-2.85728E-001	-6.84520E-006	0.00000E+000	-2.86000E-001	0.00000E+000	9	...........
	544	21.8	-2.87722E-001	-6.79698E-006	0.00000E+000	-2.88000E-001	0.00000E+000	9	...........
	545	21.84	-2.89722E-001	-6.74946E-006	0.00000E+000	-2.90000E-001	0.00000E+000	9	...........
	546	21.88	-2.91713E-001	-6.70707E-006	0.00000E+000	-2.92000E-001	0.00000E+000	9	...........
	547	21.92	-2.93712E-001	-6.66225E-006	0.00000E+000	-2.94000E-001	0.00000E+000	9	...........
	548	21.96	-2.95731E-001	-6.61597E-006	0.00000E+000	-2.96000E-001	0.00000E+000	9	...........
	549	22	-2.97729E-001	-6.57247E-006	0.00000E+000	-2.98000E-001	0.00000E+000	9	...........
	550	22.04	-2.99723E-001	-6.53549E-006	0.00000E+000	-3.00000E-001	0.00000E+000	9	...........
	551	22.08	-3.01721E-001	-6.49685E-006	0.00000E+000	-3.02000E-001	0.00000E+000	9	...........
	552	22.12	-3.03706E-001	-6.45515E-006	0.00000E+000	-3.04000E-001	0.00000E+000	9	...........
	553	22.16	-3.05706E-001	-6.40894E-006	0.00000E+000	-3.06000E-001	0.00000E+000	9	...........
	554	22.2	-3.07713E-001	-6.37550E-006	0.00000E+000	-3.08000E-001	0.00000E+000	9	...........
	555	22.24	-3.09710E-001	-6.33380E-006	0.00000E+000	-3.10000E-001	0.00000E+000	9	...........
	556	22.28	-3.11745E-001	-6.30140E-006	0.00000E+000	-3.12000E-001	0.00000E+000	9	...........
	557	22.32	-3.13724E-001	-6.26831E-006	0.00000E+000	-3.14000E-001	0.00000E+000	9	...........
	558	22.36	-3.15719E-001	-6.22897E-006	0.00000E+000	-3.16000E-001	0.00000E+000	9	...........
	559	22.4	-3.17714E-001	-6.19921E-006	0.00000E+000	-3.18000E-001	0.00000E+000	9	...........
	560	22.44	-3.19720E-001	-6.16583E-006	0.00000E+000	-3.20000E-001	0.00000E+000	9	...........
	561	22.48	-3.21737E-001	-6.13607E-006	0.00000E+000	-3.22000E-001	0.00000E+000	9	...........
	562	22.52	-3.23743E-001	-6.10027E-006	0.00000E+000	-3.24000E-001	0.00000E+000	9	...........
	563	22.56	-3.25737E-001	-6.07314E-006	0.00000E+000	-3.26000E-001	0.00000E+000	9	...........
	564	22.6	-3.27738E-001	-6.04109E-006	0.00000E+000	-3.28000E-001	0.00000E+000	9	...........
	565	22.64	-3.29737E-001	-6.01472E-006	0.00000E+000	-3.30000E-001	0.00000E+000	9	...........
	566	22.68	-3.31727E-001	-5.98059E-006	0.00000E+000	-3.32000E-001	0.00000E+000	9	...........
	567	22.72	-3.33744E-001	-5.95943E-006	0.00000E+000	-3.34000E-001	0.00000E+000	9	...........
	568	22.76	-3.35757E-001	-5.93813E-006	0.00000E+000	-3.36000E-001	0.00000E+000	9	...........
	569	22.8	-3.37744E-001	-5.91586E-006	0.00000E+000	-3.38000E-001	0.00000E+000	9	...........
	570	22.84	-3.39752E-001	-5.88769E-006	0.00000E+000	-3.40000E-001	0.00000E+000	9	...........
	571	22.88	-3.41752E-001	-5.87097E-006	0.00000E+000	-3.42000E-001	0.00000E+000	9	...........
	572	22.92	-3.43740E-001	-5.84780E-006	0.00000E+000	-3.44000E-001	0.00000E+000	9	...........
	573	22.96	-3.45732E-001	-5.82442E-006	0.00000E+000	-3.46000E-001	0.00000E+000	9	...........
	574	23	-3.47756E-001	-5.79944E-006	0.00000E+000	-3.48000E-001	0.00000E+000	9	...........
	575	23.04	-3.49758E-001	-5.78300E-006	0.00000E+000	-3.50000E-001	0.00000E+000	9	...........
	576	23.08	-3.51761E-001	-5.76329E-006	0.00000E+000	-3.52000E-001	0.00000E+000	9	...........
	577	23.12	-3.53738E-001	-5.74400E-006	0.00000E+000	-3.54000E-001	0.00000E+000	9	...........
	578	23.16	-3.55747E-001	-5.73054E-006	0.00000E+000	-3.56000E-001	0.00000E+000	9	...........
	579	23.2	-3.57733E-001	-5.71389E-006	0.00000E+000	-3.58000E-001	0.00000E+000	9	...........
	580	23.24	-3.59755E-001	-5.70397E-006	0.00000E+000	-3.60000E-001	0.00000E+000	9	...........
	581	23.28	-3.61753E-001	-5.68566E-006	0.00000E+000	-3.62000E-001	0.00000E+000	9	...........
	582	23.32	-3.63769E-001	-5.66935E-006	0.00000E+000	-3.64000E-001	0.00000E+000	9	...........
	583	23.36	-3.65765E-001	-5.65964E-006	0.00000E+000	-3.66000E-001	0.00000E+000	9	...........
	584	23.4	-3.67761E-001	-5.64805E-006	0.00000E+000	-3.68000E-001	0.00000E+000	9	...........
	585	23.44	-3.69753E-001	-5.63508E-006	0.00000E+000	-3.70000E-001	0.00000E+000	9	...........
	586	23.48	-3.71777E-001	-5.62155E-006	0.00000E+000	-3.72000E-001	0.00000E+000	9	...........
	587	23.52	-3.73767E-001	-5.61225E-006	0.00000E+000	-3.74000E-001	0.00000E+000	9	...........
	588	23.56	-3.75769E-001	-5.59976E-006	0.00000E+000	-3.76000E-001	0.00000E+000	9	...........
	589	23.6	-3.77761E-001	-5.58832E-006	0.00000E+000	-3.78000E-001	0.00000E+000	9	...........
	590	23.64	-3.79770E-001	-5.58478E-006	0.00000E+000	-3.80000E-001	0.00000E+000	9	...........
	591	23.68	-3.81771E-001	-5.56979E-006	0.00000E+000	-3.82000E-001	0.00000E+000	9	...........
	592	23.72	-3.83758E-001	-5.56743E-006	0.00000E+000	-3.84000E-001	0.00000E+000	9	...........
	593	23.76	-3.85766E-001	-5.55772E-006	0.00000E+000	-3.86000E-001	0.00000E+000	9	...........
	594	23.8	-3.87777E-001	-5.55196E-006	0.00000E+000	-3.88000E-001	0.00000E+000	9	...........
	595	23.84	-3.89770E-001	-5.54350E-006	0.00000E+000	-3.90000E-001	0.00000E+000	9	...........
	596	23.88	-3.91772E-001	-5.54239E-006	0.00000E+000	-3.92000E-001	0.00000E+000	9	...........
	597	23.92	-3.93759E-001	-5.53697E-006	0.00000E+000	-3.94000E-001	0.00000E+000	9	...........
	598	23.96	-3.95769E-001	-5.53399E-006	0.00000E+000	-3.96000E-001	0.00000E+000	9	...........
	599	24	-3.97777E-001	-5.52192E-006	0.00000E+000	-3.98000E-001	0.00000E+000	9	...........
	600	24.04	-3.99781E-001	-5.51894E-006	0.00000E+000	-4.00000E-001	0.00000E+000	9	...........
	601	24.08	-4.01777E-001	-5.51158E-006	0.00000E+000	-4.02000E-001	0.00000E+000	9	...........
	602	24.12	-4.03787E-001	-5.50992E-006	0.00000E+000	-4.04000E-001	0.00000E+000	9	...........
	603	24.16	-4.05775E-001	-5.50548E-006	0.00000E+000	-4.06000E-001	0.00000E+000	9	...........
	604	24.2	-4.07765E-001	-5.50450E-006	0.00000E+000	-4.08000E-001	0.00000E+000	9	...........
	605	24.24	-4.09770E-001	-5.50111E-006	0.00000E+000	-4.10000E-001	0.00000E+000	9	...........
	606	24.28	-4.11779E-001	-5.49805E-006	0.00000E+000	-4.12000E-001	0.00000E+000	9	...........
	607	24.32	-4.13775E-001	-5.49320E-006	0.00000E+000	-4.14000E-001	0.00000E+000	9	...........
	608	24.36	-4.15779E-001	-5.50131E-006	0.00000E+000	-4.16000E-001	0.00000E+000	9	...........
	609	24.4	-4.17775E-001	-5.49535E-006	0.00000E+000	-4.18000E-001	0.00000E+000	9	...........
	610	24.44	-4.19763E-001	-5.49618E-006	0.00000E+000	-4.20000E-001	0.00000E+000	9	...........
	611	24.48	-4.21768E-001	-5.49458E-006	0.00000E+000	-4.22000E-001	0.00000E+000	9	...........
	612	24.52	-4.23779E-001	-5.49424E-006	0.00000E+000	-4.24000E-001	0.00000E+000	9	...........
	613	24.56	-4.25787E-001	-5.49798E-006	0.00000E+000	-4.26000E-001	0.00000E+000	9	...........
	614	24.6	-4.27771E-001	-5.49819E-006	0.00000E+000	-4.28000E-001	0.00000E+000	9	...........
	615	24.64	-4.29781E-001	-5.50222E-006	0.00000E+000	-4.30000E-001	0.00000E+000	9	...........
	616	24.68	-4.31782E-001	-5.50728E-006	0.00000E+000	-4.32000E-001	0.00000E+000	9	...........
	617	24.72	-4.33779E-001	-5.51845E-006	0.00000E+000	-4.34000E-001	0.00000E+000	9	...........
	618	24.76	-4.35790E-001	-5.51602E-006	0.00000E+000	-4.36000E-001	0.00000E+000	9	...........
	619	24.8	-4.37788E-001	-5.51463E-006	0.00000E+000	-4.38000E-001	0.00000E+000	9	...........
	620	24.84	-4.39791E-001	-5.52116E-006	0.00000E+000	-4.40000E-001	0.00000E+000	9	...........
	621	24.88	-4.41792E-001	-5.52421E-006	0.00000E+000	-4.42000E-001	0.00000E+000	9	...........
	622	24.92	-4.43793E-001	-5.52775E-006	0.00000E+000	-4.44000E-001	0.00000E+000	9	...........
	623	24.96	-4.45795E-001	-5.54197E-006	0.00000E+000	-4.46000E-001	0.00000E+000	9	...........
	624	25	-4.47776E-001	-5.54537E-006	0.00000E+000	-4.48000E-001	0.00000E+000	9	...........
	625	25.04	-4.49796E-001	-5.54516E-006	0.00000E+000	-4.50000E-001	0.00000E+000	9	...........
	626	25.08	-4.51799E-001	-5.55647E-006	0.00000E+000	-4.52000E-001	0.00000E+000	9	...........
	627	25.12	-4.53797E-001	-5.56556E-006	0.00000E+000	-4.54000E-001	0.00000E+000	9	...........
	628	25.16	-4.55784E-001	-5.55689E-006	0.00000E+000	-4.56000E-001	0.00000E+000	9	...........
	629	25.2	-4.57787E-001	-5.57742E-006	0.00000E+000	-4.58000E-001	0.00000E+000	9	...........
	630	25.24	-4.59780E-001	-5.58700E-006	0.00000E+000	-4.60000E-001	0.00000E+000	9	...........
	631	25.28	-4.61791E-001	-5.59158E-006	0.00000E+000	-4.62000E-001	0.00000E+000	9	...........
	632	25.32	-4.63810E-001	-5.60302E-006	0.00000E+000	-4.64000E-001	0.00000E+000	9	...........
	633	25.36	-4.65797E-001	-5.60608E-006	0.00000E+000	-4.66000E-001	0.00000E+000	9	...........
	634	25.4	-4.67810E-001	-5.61357E-006	0.00000E+000	-4.68000E-001	0.00000E+000	9	...........
	635	25.44	-4.69809E-001	-5.63258E-006	0.00000E+000	-4.70000E-001	0.00000E+000	9	...........
	636	25.48	-4.71802E-001	-5.64666E-006	0.00000E+000	-4.72000E-001	0.00000E+000	9	...........
	637	25.52	-4.73804E-001	-5.65728E-006	0.00000E+000	-4.74000E-001	0.00000E+000	9	...........
	638	25.56	-4.75806E-001	-5.66734E-006	0.00000E+000	-4.76000E-001	0.00000E+000	9	...........
	639	25.6	-4.77805E-001	-5.67587E-006	0.00000E+000	-4.78000E-001	0.00000E+000	9	...........
	640	25.64	-4.79810E-001	-5.69003E-006	0.00000E+000	-4.80000E-001	0.00000E+000	9	...........
	641	25.68	-4.81805E-001	-5.69863E-006	0.00000E+000	-4.82000E-001	0.00000E+000	9	...........
	642	25.72	-4.83813E-001	-5.71431E-006	0.00000E+000	-4.84000E-001	0.00000E+000	9	...........
	643	25.76	-4.85794E-001	-5.72777E-006	0.00000E+000	-4.86000E-001	0.00000E+000	9	...........
	644	25.8	-4.87802E-001	-5.74456E-006	0.00000E+000	-4.88000E-001	0.00000E+000	9	...........
	645	25.84	-4.89819E-001	-5.75323E-006	0.00000E+000	-4.90000E-001	0.00000E+000	9	...........
	646	25.88	-4.91821E-001	-5.77051E-006	0.00000E+000	-4.92000E-001	0.00000E+000	9	...........
	647	25.92	-4.93817E-001	-5.78043E-006	0.00000E+000	-4.94000E-001	0.00000E+000	9	...........
	648	25.96	-4.95812E-001	-5.80097E-006	0.00000E+000	-4.96000E-001	0.00000E+000	9	...........
	649	26	-4.97806E-001	-5.80693E-006	0.00000E+000	-4.98000E-001	0.00000E+000	9	...........
	650	26.04	-4.99821E-001	-5.82268E-006	0.00000E+000	-5.00000E-001	0.00000E+000	9	...........
	651	26.08	-5.01829E-001	-5.83982E-006	0.00000E+000	-5.02000E-001	0.00000E+000	9	...........
	652	26.12	-5.03830E-001	-5.85640E-006	0.00000E+000	-5.04000E-001	0.00000E+000	9	...........
	653	26.16	-5.05816E-001	-5.87472E-006	0.00000E+000	-5.06000E-001	0.00000E+000	9	...........
	654	26.2	-5.07813E-001	-5.89539E-006	0.00000E+000	-5.08000E-001	0.00000E+000	9	...........
	655	26.24	-5.09804E-001	-5.91433E-006	0.00000E+000	-5.10000E-001	0.00000E+000	9	...........
	656	26.28	-5.11804E-001	-5.93057E-006	0.00000E+000	-5.12000E-001	0.00000E+000	9	...........
	657	26.32	-5.13814E-001	-5.95318E-006	0.00000E+000	-5.14000E-001	0.00000E+000	9	...........
	658	26.36	-5.15829E-001	-5.96033E-006	0.00000E+000	-5.16000E-001	0.00000E+000	9	...........
	659	26.4	-5.17835E-001	-5.98149E-006	0.00000E+000	-5.18000E-001	0.00000E+000	9	...........
	660	26.44	-5.19824E-001	-5.99266E-006	0.00000E+000	-5.20000E-001	0.00000E+000	9	...........
	661	26.48	-5.21824E-001	-6.02159E-006	0.00000E+000	-5.22000E-001	0.00000E+000	9	...........
	662	26.52	-5.23825E-001	-6.03734E-006	0.00000E+000	-5.24000E-001	0.00000E+000	9	...........
	663	26.56	-5.25847E-001	-6.05705E-006	0.00000E+000	-5.26000E-001	0.00000E+000	9	...........
	664	26.6	-5.27849E-001	-6.07529E-006	0.00000E+000	-5.28000E-001	0.00000E+000	9	...........
	665	26.64	-5.29837E-001	-6.09403E-006	0.00000E+000	-5.30000E-001	0.00000E+000	9	...........
	666	26.68	-5.31849E-001	-6.11644E-006	0.00000E+000	-5.32000E-001	0.00000E+000	9	...........
	667	26.72	-5.33821E-001	-6.13378E-006	0.00000E+000	-5.34000E-001	0.00000E+000	9	...........
	668	26.76	-5.35824E-001	-6.16132E-006	0.00000E+000	-5.36000E-001	0.00000E+000	9	...........
	669	26.8	-5.37831E-001	-6.18519E-006	0.00000E+000	-5.38000E-001	0.00000E+000	9	...........
	670	26.84	-5.39841E-001	-6.20205E-006	0.00000E+000	-5.40000E-001	0.00000E+000	9	...........
	671	26.88	-5.41843E-001	-6.22710E-006	0.00000E+000	-5.42000E-001	0.00000E+000	9	...........
	672	26.92	-5.43845E-001	-6.24645E-006	0.00000E+000	-5.44000E-001	0.00000E+000	9	...........
	673	26.96	-5.45843E-001	-6.26664E-006	0.00000E+000	-5.46000E-001	0.00000E+000	9	...........
	674	27	-5.47849E-001	-6.28982E-006	0.00000E+000	-5.48000E-001	0.00000E+000	9	...........
	675	27.04	-5.49840E-001	-6.30681E-006	0.00000E+000	-5.50000E-001	0.00000E+000	9	...........
	676	27.08	-5.51859E-001	-6.33075E-006	0.00000E+000	-5.52000E-001	0.00000E+000	9	...........
	677	27.12	-5.53859E-001	-6.35850E-006	0.00000E+000	-5.54000E-001	0.00000E+000	9	...........
	678	27.16	-5.55855E-001	-6.37515E-006	0.00000E+000	-5.56000E-001	0.00000E+000	9	...........
	679	27.2	-5.57848E-001	-6.40533E-006	0.00000E+000	-5.58000E-001	0.00000E+000	9	...........
	680	27.24	-5.59850E-001	-6.43329E-006	0.00000E+000	-5.60000E-001	0.00000E+000	9	...........
	681	27.28	-5.61841E-001	-6.45598E-006	0.00000E+000	-5.62000E-001	0.00000E+000	9	...........
	682	27.32	-5.63848E-001	-6.47707E-006	0.00000E+000	-5.64000E-001	0.00000E+000	9	...........
	683	27.36	-5.65843E-001	-6.50254E-006	0.00000E+000	-5.66000E-001	0.00000E+000	9	...........
	684	27.4	-5.67857E-001	-6.52043E-006	0.00000E+000	-5.68000E-001	0.00000E+000	9	...........
	685	27.44	-5.69866E-001	-6.54472E-006	0.00000E+000	-5.70000E-001	0.00000E+000	9	...........
	686	27.48	-5.71854E-001	-6.56387E-006	0.00000E+000	-5.72000E-001	0.00000E+000	9	...........
	687	27.52	-5.73866E-001	-6.58773E-006	0.00000E+000	-5.74000E-001	0.00000E+000	9	...........
	688	27.56	-5.75839E-001	-6.61375E-006	0.00000E+000	-5.76000E-001	0.00000E+000	9	...........
	689	27.6	-5.77861E-001	-6.64164E-006	0.00000E+000	-5.78000E-001	0.00000E+000	9	...........
	690	27.64	-5.79862E-001	-6.67030E-006	0.00000E+000	-5.80000E-001	0.00000E+000	9	...........
	691	27.68	-5.81861E-001	-6.70020E-006	0.00000E+000	-5.82000E-001	0.00000E+000	9	...........
	692	27.72	-5.83863E-001	-6.72594E-006	0.00000E+000	-5.84000E-001	0.00000E+000	9	...........
	693	27.76	-5.85865E-001	-6.75029E-006	0.00000E+000	-5.86000E-001	0.00000E+000	9	...........
	694	27.8	-5.87855E-001	-6.77443E-006	0.00000E+000	-5.88000E-001	0.00000E+000	9	...........
	695	27.84	-5.89864E-001	-6.80101E-006	0.00000E+000	-5.90000E-001	0.00000E+000	9	...........
	696	27.88	-5.91862E-001	-6.82619E-006	0.00000E+000	-5.92000E-001	0.00000E+000	9	...........
	697	27.92	-5.93865E-001	-6.84999E-006	0.00000E+000	-5.94000E-001	0.00000E+000	9	...........
	698	27.96	-5.95866E-001	-6.88281E-006	0.00000E+000	-5.96000E-001	0.00000E+000	9	...........
	699	28	-5.97872E-001	-6.91195E-006	0.00000E+000	-5.98000E-001	0.00000E+000	9	...........
	700	28.04	-5.99865E-001	-6.93429E-006	0.00000E+000	-6.00000E-001	0.00000E+000	9	...........
