Vf	Im
V vs. Ref.	A
-5.97883E-001	-1.59425E-006
-5.95879E-001	-1.58641E-006
-5.93881E-001	-1.57260E-006
-5.91869E-001	-1.56594E-006
-5.89871E-001	-1.54374E-006
-5.87864E-001	-1.54367E-006
-5.85870E-001	-1.52799E-006
-5.83874E-001	-1.52681E-006
-5.81864E-001	-1.51939E-006
-5.79871E-001	-1.51578E-006
-5.77870E-001	-1.50295E-006
-5.75852E-001	-1.50149E-006
-5.73868E-001	-1.49927E-006
-5.71868E-001	-1.49455E-006
-5.69875E-001	-1.48532E-006
-5.67874E-001	-1.47492E-006
-5.65845E-001	-1.46354E-006
-5.63855E-001	-1.46777E-006
-5.61849E-001	-1.45612E-006
-5.59854E-001	-1.45223E-006
-5.57848E-001	-1.44786E-006
-5.55863E-001	-1.44807E-006
-5.53860E-001	-1.43031E-006
-5.51867E-001	-1.42725E-006
-5.49847E-001	-1.41386E-006
-5.47855E-001	-1.40623E-006
-5.45851E-001	-1.40679E-006
-5.43851E-001	-1.39978E-006
-5.41860E-001	-1.39617E-006
-5.39852E-001	-1.39027E-006
-5.37842E-001	-1.38160E-006
-5.35839E-001	-1.37820E-006
-5.33845E-001	-1.37168E-006
-5.31856E-001	-1.36613E-006
-5.29855E-001	-1.35968E-006
-5.27853E-001	-1.35912E-006
-5.25846E-001	-1.35309E-006
-5.23833E-001	-1.34712E-006
-5.21828E-001	-1.34192E-006
-5.19845E-001	-1.33553E-006
-5.17842E-001	-1.33109E-006
-5.15836E-001	-1.33199E-006
-5.13816E-001	-1.33310E-006
-5.11812E-001	-1.32325E-006
-5.09809E-001	-1.32346E-006
-5.07825E-001	-1.32159E-006
-5.05825E-001	-1.31833E-006
-5.03835E-001	-1.31125E-006
-5.01837E-001	-1.30584E-006
-4.99827E-001	-1.30265E-006
-4.97810E-001	-1.30355E-006
-4.95821E-001	-1.30695E-006
-4.93835E-001	-1.29349E-006
-4.91833E-001	-1.29377E-006
-4.89828E-001	-1.29342E-006
-4.87811E-001	-1.27982E-006
-4.85802E-001	-1.27718E-006
-4.83817E-001	-1.27247E-006
-4.81812E-001	-1.26955E-006
-4.79816E-001	-1.26227E-006
-4.77814E-001	-1.26088E-006
-4.75819E-001	-1.25810E-006
-4.73811E-001	-1.26400E-006
-4.71809E-001	-1.25561E-006
-4.69812E-001	-1.24492E-006
-4.67821E-001	-1.24534E-006
-4.65813E-001	-1.23028E-006
-4.63809E-001	-1.23014E-006
-4.61799E-001	-1.22834E-006
-4.59794E-001	-1.22341E-006
-4.57794E-001	-1.21745E-006
-4.55805E-001	-1.21655E-006
-4.53804E-001	-1.20919E-006
-4.51806E-001	-1.21224E-006
-4.49814E-001	-1.21093E-006
-4.47782E-001	-1.20350E-006
-4.45793E-001	-1.19608E-006
-4.43803E-001	-1.19906E-006
-4.41806E-001	-1.19282E-006
-4.39802E-001	-1.19268E-006
-4.37792E-001	-1.18533E-006
-4.35800E-001	-1.18227E-006
-4.33788E-001	-1.17582E-006
-4.31789E-001	-1.16826E-006
-4.29794E-001	-1.16867E-006
-4.27791E-001	-1.16354E-006
-4.25790E-001	-1.16562E-006
-4.23792E-001	-1.15757E-006
-4.21759E-001	-1.14689E-006
-4.19772E-001	-1.15112E-006
-4.17776E-001	-1.14418E-006
-4.15784E-001	-1.14182E-006
-4.13786E-001	-1.13135E-006
-4.11793E-001	-1.13079E-006
-4.09777E-001	-1.12337E-006
-4.07774E-001	-1.12198E-006
-4.05779E-001	-1.11810E-006
-4.03791E-001	-1.11844E-006
-4.01777E-001	-1.10887E-006
-3.99786E-001	-1.10103E-006
-3.97788E-001	-1.10422E-006
-3.95771E-001	-1.09583E-006
-3.93771E-001	-1.09430E-006
-3.91779E-001	-1.08681E-006
-3.89786E-001	-1.08930E-006
-3.87784E-001	-1.07917E-006
-3.85769E-001	-1.08070E-006
-3.83759E-001	-1.07113E-006
-3.81759E-001	-1.06155E-006
-3.79767E-001	-1.06190E-006
-3.77770E-001	-1.06398E-006
-3.75775E-001	-1.05878E-006
-3.73781E-001	-1.05635E-006
-3.71791E-001	-1.06474E-006
-3.69751E-001	-1.03803E-006
-3.67767E-001	-1.04018E-006
-3.65779E-001	-1.04886E-006
-3.63781E-001	-1.02915E-006
-3.61769E-001	-1.02485E-006
-3.59750E-001	-1.01812E-006
-3.57749E-001	-1.01652E-006
-3.55751E-001	-1.01201E-006
-3.53754E-001	-1.00834E-006
-3.51761E-001	-1.01306E-006
-3.49759E-001	-1.00126E-006
-3.47771E-001	-1.00875E-006
-3.45748E-001	-9.99387E-007
-3.43756E-001	-9.86621E-007
-3.41758E-001	-9.78781E-007
-3.39752E-001	-9.71427E-007
-3.37755E-001	-9.67889E-007
-3.35756E-001	-9.72607E-007
-3.33755E-001	-9.64420E-007
-3.31749E-001	-9.50474E-007
-3.29746E-001	-9.67889E-007
-3.27755E-001	-9.53804E-007
-3.25749E-001	-9.43536E-007
-3.23751E-001	-9.60881E-007
-3.21750E-001	-9.44577E-007
-3.19731E-001	-9.35558E-007
-3.17729E-001	-9.19531E-007
-3.15735E-001	-9.02325E-007
-3.13730E-001	-8.98231E-007
-3.11749E-001	-9.03088E-007
-3.09729E-001	-8.97746E-007
-3.07718E-001	-8.90669E-007
-3.05720E-001	-8.96427E-007
-3.03710E-001	-8.80331E-007
-3.01739E-001	-8.88865E-007
-2.99734E-001	-8.73393E-007
-2.97742E-001	-8.64859E-007
-2.95728E-001	-8.61252E-007
-2.93709E-001	-8.56256E-007
-2.91725E-001	-8.41687E-007
-2.89728E-001	-8.42103E-007
-2.87728E-001	-8.35997E-007
-2.85727E-001	-8.19624E-007
-2.83720E-001	-8.14281E-007
-2.81709E-001	-8.20040E-007
-2.79716E-001	-7.92982E-007
-2.77709E-001	-7.89513E-007
-2.75714E-001	-7.87085E-007
-2.73710E-001	-7.68768E-007
-2.71715E-001	-7.67103E-007
-2.69719E-001	-7.55864E-007
-2.67701E-001	-7.45110E-007
-2.65705E-001	-7.44138E-007
-2.63718E-001	-7.39004E-007
-2.61714E-001	-7.24435E-007
-2.59713E-001	-7.11530E-007
-2.57708E-001	-7.12015E-007
-2.55689E-001	-7.03621E-007
-2.53698E-001	-6.88426E-007
-2.51694E-001	-6.77256E-007
-2.49706E-001	-6.71151E-007
-2.47703E-001	-6.62686E-007
-2.45712E-001	-6.69277E-007
-2.43714E-001	-6.52973E-007
-2.41684E-001	-6.35420E-007
-2.39687E-001	-6.24389E-007
-2.37698E-001	-6.18630E-007
-2.35697E-001	-6.00730E-007
-2.33695E-001	-5.91641E-007
-2.31691E-001	-5.81997E-007
-2.29681E-001	-5.68677E-007
-2.27693E-001	-5.58963E-007
-2.25682E-001	-5.51956E-007
-2.23681E-001	-5.35166E-007
-2.21681E-001	-5.26008E-007
-2.19685E-001	-5.05957E-007
-2.17668E-001	-4.95897E-007
-2.15676E-001	-4.87294E-007
-2.13681E-001	-4.71545E-007
-2.11687E-001	-4.62733E-007
-2.09677E-001	-4.59403E-007
-2.07680E-001	-4.35398E-007
-2.05680E-001	-4.25823E-007
-2.03664E-001	-4.19301E-007
-2.01666E-001	-4.01818E-007
-1.99667E-001	-3.90093E-007
-1.97685E-001	-3.85236E-007
-1.95686E-001	-3.68446E-007
-1.93688E-001	-3.58455E-007
-1.91661E-001	-3.46036E-007
-1.89680E-001	-3.37780E-007
-1.87674E-001	-3.16203E-007
-1.85678E-001	-3.05657E-007
-1.83676E-001	-2.99482E-007
-1.81658E-001	-2.95666E-007
-1.79675E-001	-2.79432E-007
-1.77669E-001	-2.69510E-007
-1.75665E-001	-2.61878E-007
-1.73662E-001	-2.44950E-007
-1.71664E-001	-2.32323E-007
-1.69666E-001	-2.28160E-007
-1.67663E-001	-2.10052E-007
-1.65658E-001	-2.03877E-007
-1.63669E-001	-1.93262E-007
-1.61660E-001	-1.82438E-007
-1.59666E-001	-1.82161E-007
-1.57665E-001	-1.73419E-007
-1.55643E-001	-1.53021E-007
-1.53639E-001	-1.50732E-007
-1.51645E-001	-1.44904E-007
-1.49648E-001	-1.31860E-007
-1.47647E-001	-1.24714E-007
-1.45656E-001	-1.21384E-007
-1.43661E-001	-1.09867E-007
-1.41660E-001	-1.09034E-007
-1.39638E-001	-9.28688E-008
-1.37639E-001	-8.61390E-008
-1.35644E-001	-8.35719E-008
-1.33645E-001	-7.53157E-008
-1.31651E-001	-6.82389E-008
-1.29643E-001	-6.34517E-008
-1.27629E-001	-5.15877E-008
-1.25628E-001	-5.06164E-008
-1.23636E-001	-4.16664E-008
-1.21644E-001	-3.94463E-008
-1.19639E-001	-3.76424E-008
-1.17648E-001	-3.27164E-008
-1.15654E-001	-2.87617E-008
-1.13635E-001	-1.94648E-008
-1.11639E-001	-1.44695E-008
-1.09638E-001	-1.03761E-008
-1.07636E-001	-1.02373E-008
-1.05646E-001	-5.10318E-009
-1.03627E-001	-3.29932E-009
-1.01605E-001	9.18909E-009
-9.96279E-002	1.18255E-008
-9.76310E-002	1.32825E-008
-9.56180E-002	1.60577E-008
-9.36347E-002	1.89023E-008
-9.16347E-002	2.34814E-008
-8.96409E-002	3.27783E-008
-8.76067E-002	3.40965E-008
-8.56138E-002	3.65942E-008
-8.36152E-002	3.95775E-008
-8.16248E-002	4.31852E-008
-7.96269E-002	4.18670E-008
-7.76100E-002	4.58911E-008
-7.56095E-002	5.17884E-008
-7.36106E-002	5.25515E-008
-7.16139E-002	5.49798E-008
-6.96116E-002	5.44942E-008
-6.76105E-002	6.05302E-008
-6.56015E-002	6.85089E-008
-6.35994E-002	6.55950E-008
-6.16013E-002	7.05903E-008
-5.96002E-002	7.03128E-008
-5.76044E-002	7.02434E-008
-5.56119E-002	7.49613E-008
-5.36229E-002	7.64876E-008
-5.15837E-002	8.12748E-008
-4.95976E-002	8.52295E-008
-4.75864E-002	8.34256E-008
-4.55970E-002	9.02942E-008
-4.35976E-002	8.97392E-008
-4.16034E-002	9.86198E-008
-3.95994E-002	9.84811E-008
-3.75890E-002	1.03268E-007
-3.55854E-002	1.03060E-007
-3.35946E-002	1.07847E-007
-3.15894E-002	1.10484E-007
-2.95877E-002	1.15479E-007
-2.76008E-002	1.22764E-007
-2.55810E-002	1.09235E-007
-2.35805E-002	1.10484E-007
-2.15789E-002	1.25956E-007
-1.95678E-002	1.24152E-007
-1.75859E-002	1.04170E-007
-1.55838E-002	1.23527E-007
-1.35909E-002	1.26857E-007
-1.15696E-002	1.40872E-007
-9.57731E-003	1.44411E-007
-7.56874E-003	1.30465E-007
-5.58019E-003	1.35877E-007
-3.58289E-003	1.33102E-007
-1.55868E-003	1.32408E-007
4.63658E-004	1.24915E-007
2.44636E-003	1.43301E-007
4.43866E-003	1.47463E-007
6.44410E-003	1.61201E-007
8.43598E-003	1.50794E-007
1.04337E-002	1.54054E-007
1.24329E-002	1.70567E-007
1.44523E-002	1.64184E-007
1.64419E-002	1.36571E-007
1.84461E-002	1.61825E-007
2.04461E-002	1.75978E-007
2.24576E-002	1.72301E-007
2.44628E-002	1.81529E-007
2.64624E-002	1.86524E-007
2.84614E-002	1.89577E-007
3.04520E-002	1.99984E-007
3.24564E-002	1.64878E-007
3.44568E-002	1.93323E-007
3.64495E-002	1.97347E-007
3.84665E-002	1.88606E-007
4.04619E-002	2.25099E-007
4.24567E-002	2.03175E-007
4.44673E-002	2.14901E-007
4.64582E-002	2.16843E-007
4.84786E-002	2.19341E-007
5.04728E-002	2.16358E-007
5.24793E-002	2.28222E-007
5.44795E-002	2.32107E-007
5.64818E-002	2.34049E-007
5.84800E-002	2.55488E-007
6.04612E-002	2.43277E-007
6.24781E-002	2.51672E-007
6.44825E-002	2.52227E-007
6.64863E-002	2.60206E-007
6.84771E-002	2.49591E-007
7.04813E-002	2.57986E-007
7.24673E-002	2.69086E-007
7.44824E-002	2.64715E-007
7.64843E-002	2.69572E-007
7.85022E-002	2.70196E-007
8.04862E-002	2.81575E-007
8.24814E-002	2.93092E-007
8.44893E-002	2.89415E-007
8.64881E-002	3.10021E-007
8.84842E-002	3.06760E-007
9.05034E-002	3.15640E-007
9.24982E-002	3.18762E-007
9.44942E-002	3.22509E-007
9.65020E-002	3.35691E-007
9.85099E-002	3.42421E-007
1.00513E-001	3.28059E-007
9.85043E-002	2.67213E-007
9.64955E-002	2.33841E-007
9.44932E-002	2.11015E-007
9.24950E-002	1.81043E-007
9.05007E-002	1.52320E-007
8.84794E-002	1.39762E-007
8.64894E-002	1.17006E-007
8.44856E-002	1.02991E-007
8.24791E-002	8.23849E-008
8.05029E-002	8.05117E-008
7.84968E-002	5.50492E-008
7.64824E-002	4.19364E-008
7.44803E-002	2.30651E-008
7.24603E-002	2.16081E-008
7.04861E-002	2.02205E-008
6.84777E-002	5.58132E-009
6.64888E-002	-1.84233E-009
6.44779E-002	-9.05785E-009
6.24677E-002	-2.52927E-008
6.04579E-002	-4.58986E-008
5.84712E-002	-3.65323E-008
5.64768E-002	-3.87525E-008
5.44737E-002	-4.63149E-008
5.24772E-002	-5.39467E-008
5.04718E-002	-5.69300E-008
4.84807E-002	-6.65044E-008
4.64628E-002	-7.01122E-008
4.44548E-002	-7.13610E-008
4.24502E-002	-7.12223E-008
4.04548E-002	-7.82990E-008
3.84652E-002	-8.53758E-008
3.64500E-002	-8.55839E-008
3.44472E-002	-8.82897E-008
3.24595E-002	-9.94599E-008
3.04564E-002	-9.54359E-008
2.84635E-002	-9.88355E-008
2.64707E-002	-1.03206E-007
2.44499E-002	-1.24298E-007
2.24532E-002	-1.08410E-007
2.04496E-002	-1.13822E-007
1.84469E-002	-1.19858E-007
1.64490E-002	-1.21592E-007
1.44433E-002	-1.30195E-007
1.24345E-002	-1.30265E-007
1.04312E-002	-1.50662E-007
8.43702E-003	-1.40325E-007
6.43096E-003	-1.41088E-007
4.43845E-003	-1.53021E-007
2.45012E-003	-1.47540E-007
4.55940E-004	-1.53715E-007
-1.55638E-003	-1.60792E-007
-3.57475E-003	-1.57531E-007
-5.57352E-003	-1.68215E-007
-7.56790E-003	-1.65371E-007
-9.57063E-003	-1.72378E-007
-1.15642E-002	-1.76333E-007
-1.35938E-002	-1.75223E-007
-1.55751E-002	-1.76541E-007
-1.75880E-002	-1.80912E-007
-1.95855E-002	-1.79663E-007
-2.15843E-002	-1.79524E-007
-2.35818E-002	-1.87226E-007
-2.55839E-002	-1.93400E-007
-2.76044E-002	-1.93608E-007
-2.95952E-002	-1.93817E-007
-3.15973E-002	-2.03183E-007
-3.35952E-002	-2.04709E-007
-3.55873E-002	-1.91527E-007
-3.75834E-002	-2.09150E-007
-3.96042E-002	-2.03460E-007
-4.16136E-002	-2.12272E-007
-4.35957E-002	-2.16712E-007
-4.56012E-002	-2.19834E-007
-4.75772E-002	-2.23511E-007
-4.95912E-002	-2.18655E-007
-5.15912E-002	-2.25176E-007
-5.36208E-002	-2.33988E-007
-5.56108E-002	-2.33363E-007
-5.76094E-002	-2.39261E-007
-5.96046E-002	-2.45366E-007
-6.16065E-002	-2.46754E-007
-6.36013E-002	-2.49529E-007
-6.56195E-002	-2.55634E-007
-6.76074E-002	-2.55357E-007
-6.96091E-002	-2.59936E-007
-7.16168E-002	-2.64723E-007
-7.36110E-002	-2.67637E-007
-7.56087E-002	-2.72840E-007
-7.76187E-002	-2.79432E-007
-7.96340E-002	-2.78113E-007
-8.16302E-002	-2.82692E-007
-8.36246E-002	-2.89492E-007
-8.56202E-002	-2.91920E-007
-8.76146E-002	-3.00801E-007
-8.96428E-002	-3.07045E-007
-9.16386E-002	-3.14885E-007
-9.36343E-002	-3.24251E-007
-9.56224E-002	-3.25639E-007
-9.76381E-002	-3.29940E-007
-9.96318E-002	-3.41249E-007
-1.01619E-001	-3.46244E-007
-1.03625E-001	-3.51725E-007
-1.05643E-001	-3.54570E-007
-1.07637E-001	-3.67058E-007
-1.09645E-001	-3.71499E-007
-1.11649E-001	-3.76147E-007
-1.13626E-001	-3.80726E-007
-1.15647E-001	-3.93978E-007
-1.17657E-001	-4.05981E-007
-1.19641E-001	-4.13959E-007
-1.21647E-001	-4.22007E-007
-1.23646E-001	-4.35467E-007
-1.25637E-001	-4.44972E-007
-1.27630E-001	-4.56975E-007
-1.29641E-001	-4.67035E-007
-1.31656E-001	-4.82645E-007
-1.33642E-001	-4.95134E-007
-1.35656E-001	-5.10050E-007
-1.37648E-001	-5.19833E-007
-1.39639E-001	-5.34333E-007
-1.41662E-001	-5.49389E-007
-1.43658E-001	-5.73672E-007
-1.45647E-001	-5.91502E-007
-1.47652E-001	-6.03158E-007
-1.49659E-001	-6.19879E-007
-1.51651E-001	-6.35004E-007
-1.53654E-001	-6.59564E-007
-1.55653E-001	-6.77187E-007
-1.57678E-001	-6.98625E-007
-1.59668E-001	-7.14721E-007
-1.61660E-001	-7.36368E-007
-1.63676E-001	-7.56766E-007
-1.65659E-001	-7.82159E-007
-1.67676E-001	-8.04985E-007
-1.69680E-001	-8.22538E-007
-1.71669E-001	-8.43837E-007
-1.73675E-001	-8.65345E-007
-1.75676E-001	-8.90391E-007
-1.77676E-001	-9.11275E-007
-1.79685E-001	-9.35627E-007
-1.81673E-001	-9.67334E-007
-1.83678E-001	-9.83430E-007
-1.85684E-001	-1.01396E-006
-1.87683E-001	-1.03796E-006
-1.89675E-001	-1.06009E-006
-1.91664E-001	-1.08923E-006
-1.93693E-001	-1.11449E-006
-1.95691E-001	-1.14148E-006
-1.97692E-001	-1.16500E-006
-1.99675E-001	-1.19108E-006
-2.01679E-001	-1.21072E-006
-2.03669E-001	-1.24076E-006
-2.05688E-001	-1.25776E-006
-2.07693E-001	-1.28253E-006
-2.09690E-001	-1.30528E-006
-2.11684E-001	-1.32131E-006
-2.13691E-001	-1.34421E-006
-2.15686E-001	-1.36322E-006
-2.17673E-001	-1.39201E-006
-2.19696E-001	-1.40623E-006
-2.21697E-001	-1.42663E-006
-2.23694E-001	-1.44071E-006
-2.25687E-001	-1.45834E-006
-2.27695E-001	-1.47922E-006
-2.29681E-001	-1.49247E-006
-2.31691E-001	-1.50746E-006
-2.33707E-001	-1.52522E-006
-2.35703E-001	-1.53396E-006
-2.37700E-001	-1.54346E-006
-2.39690E-001	-1.55970E-006
-2.41687E-001	-1.57240E-006
-2.43712E-001	-1.57635E-006
-2.45703E-001	-1.58440E-006
-2.47707E-001	-1.59446E-006
-2.49708E-001	-1.60341E-006
-2.51691E-001	-1.61118E-006
-2.53704E-001	-1.61638E-006
-2.55702E-001	-1.62443E-006
-2.57710E-001	-1.62970E-006
-2.59714E-001	-1.63269E-006
-2.61713E-001	-1.63706E-006
-2.63719E-001	-1.63546E-006
-2.65715E-001	-1.64150E-006
-2.67723E-001	-1.64191E-006
-2.69729E-001	-1.64011E-006
-2.71713E-001	-1.64233E-006
-2.73712E-001	-1.64525E-006
-2.75717E-001	-1.63969E-006
-2.77719E-001	-1.64663E-006
-2.79720E-001	-1.64948E-006
-2.81706E-001	-1.63838E-006
-2.83727E-001	-1.64275E-006
-2.85743E-001	-1.63976E-006
-2.87726E-001	-1.64046E-006
-2.89726E-001	-1.63928E-006
-2.91731E-001	-1.63484E-006
-2.93725E-001	-1.63421E-006
-2.95737E-001	-1.63276E-006
-2.97751E-001	-1.62901E-006
-2.99735E-001	-1.63588E-006
-3.01732E-001	-1.62492E-006
-3.03722E-001	-1.62221E-006
-3.05715E-001	-1.62311E-006
-3.07724E-001	-1.61867E-006
-3.09729E-001	-1.61500E-006
-3.11753E-001	-1.61160E-006
-3.13734E-001	-1.60341E-006
-3.15737E-001	-1.60154E-006
-3.17727E-001	-1.60105E-006
-3.19743E-001	-1.59959E-006
-3.21758E-001	-1.60147E-006
-3.23761E-001	-1.60022E-006
-3.25747E-001	-1.59723E-006
-3.27763E-001	-1.59481E-006
-3.29753E-001	-1.58697E-006
-3.31740E-001	-1.58398E-006
-3.33760E-001	-1.57899E-006
-3.35764E-001	-1.58072E-006
-3.37756E-001	-1.57704E-006
-3.39761E-001	-1.57448E-006
-3.41762E-001	-1.57108E-006
-3.43757E-001	-1.56927E-006
-3.45750E-001	-1.57080E-006
-3.47770E-001	-1.56379E-006
-3.49765E-001	-1.55921E-006
-3.51763E-001	-1.55748E-006
-3.53754E-001	-1.55602E-006
-3.55763E-001	-1.54742E-006
-3.57749E-001	-1.54548E-006
-3.59754E-001	-1.53854E-006
-3.61772E-001	-1.53833E-006
-3.63784E-001	-1.53785E-006
-3.65779E-001	-1.53278E-006
-3.67777E-001	-1.53653E-006
-3.69767E-001	-1.53604E-006
-3.71791E-001	-1.53306E-006
-3.73779E-001	-1.53160E-006
-3.75780E-001	-1.52758E-006
-3.77775E-001	-1.52563E-006
-3.79785E-001	-1.52688E-006
-3.81777E-001	-1.52397E-006
-3.83764E-001	-1.51946E-006
-3.85768E-001	-1.51599E-006
-3.87783E-001	-1.51627E-006
-3.89782E-001	-1.51460E-006
-3.91786E-001	-1.51446E-006
-3.93778E-001	-1.51523E-006
-3.95776E-001	-1.50517E-006
-3.97803E-001	-1.50982E-006
-3.99798E-001	-1.51703E-006
-4.01789E-001	-1.51453E-006
-4.03791E-001	-1.51058E-006
-4.05778E-001	-1.51287E-006
-4.07776E-001	-1.51030E-006
-4.09771E-001	-1.50544E-006
-4.11795E-001	-1.50565E-006
-4.13800E-001	-1.50142E-006
-4.15783E-001	-1.49871E-006
-4.17787E-001	-1.50433E-006
-4.19781E-001	-1.50725E-006
-4.21783E-001	-1.50211E-006
-4.23793E-001	-1.49982E-006
-4.25791E-001	-1.50538E-006
-4.27790E-001	-1.50232E-006
-4.29798E-001	-1.49594E-006
-4.31802E-001	-1.50177E-006
-4.33797E-001	-1.49948E-006
-4.35803E-001	-1.49684E-006
-4.37792E-001	-1.48803E-006
-4.39806E-001	-1.50204E-006
-4.41804E-001	-1.50475E-006
-4.43805E-001	-1.50503E-006
-4.45797E-001	-1.49434E-006
-4.47787E-001	-1.49240E-006
-4.49815E-001	-1.49143E-006
-4.51808E-001	-1.49337E-006
-4.53807E-001	-1.49157E-006
-4.55807E-001	-1.48997E-006
-4.57792E-001	-1.48657E-006
-4.59792E-001	-1.48206E-006
-4.61791E-001	-1.48088E-006
-4.63816E-001	-1.48838E-006
-4.65816E-001	-1.48865E-006
-4.67827E-001	-1.48893E-006
-4.69810E-001	-1.48956E-006
-4.71809E-001	-1.48838E-006
-4.73803E-001	-1.48574E-006
-4.75815E-001	-1.48872E-006
-4.77814E-001	-1.49851E-006
-4.79819E-001	-1.49858E-006
-4.81815E-001	-1.50357E-006
-4.83821E-001	-1.50336E-006
-4.85805E-001	-1.49296E-006
-4.87811E-001	-1.49663E-006
-4.89830E-001	-1.49087E-006
-4.91828E-001	-1.50003E-006
-4.93822E-001	-1.50156E-006
-4.95817E-001	-1.49760E-006
-4.97815E-001	-1.50246E-006
-4.99838E-001	-1.50378E-006
-5.01839E-001	-1.50045E-006
-5.03834E-001	-1.50073E-006
-5.05825E-001	-1.50461E-006
-5.07824E-001	-1.50003E-006
-5.09809E-001	-1.50038E-006
-5.11825E-001	-1.50558E-006
-5.13818E-001	-1.50635E-006
-5.15840E-001	-1.50309E-006
-5.17842E-001	-1.50392E-006
-5.19841E-001	-1.50538E-006
-5.21824E-001	-1.50531E-006
-5.23826E-001	-1.50579E-006
-5.25857E-001	-1.50871E-006
-5.27856E-001	-1.50579E-006
-5.29856E-001	-1.50489E-006
-5.31850E-001	-1.50246E-006
-5.33844E-001	-1.50586E-006
-5.35828E-001	-1.50156E-006
-5.37832E-001	-1.50982E-006
-5.39847E-001	-1.51280E-006
-5.41864E-001	-1.51384E-006
-5.43848E-001	-1.51328E-006
-5.45851E-001	-1.51696E-006
-5.47847E-001	-1.51502E-006
-5.49839E-001	-1.51322E-006
-5.51873E-001	-1.51883E-006
-5.53858E-001	-1.52425E-006
-5.55864E-001	-1.52439E-006
-5.57852E-001	-1.52855E-006
-5.59841E-001	-1.52730E-006
-5.61844E-001	-1.53028E-006
-5.63857E-001	-1.52834E-006
-5.65850E-001	-1.53014E-006
-5.67869E-001	-1.53590E-006
-5.69872E-001	-1.53535E-006
-5.71863E-001	-1.53486E-006
-5.73871E-001	-1.53889E-006
-5.75857E-001	-1.53965E-006
-5.77866E-001	-1.53882E-006
-5.79869E-001	-1.54582E-006
-5.81869E-001	-1.54305E-006
-5.83872E-001	-1.54679E-006
-5.85875E-001	-1.54749E-006
-5.87865E-001	-1.55290E-006
-5.89881E-001	-1.55852E-006
-5.91867E-001	-1.55790E-006
-5.93879E-001	-1.55949E-006
-5.95876E-001	-1.56567E-006
-5.97877E-001	-1.56844E-006
-5.99870E-001	-1.56872E-006
