1 349.1445 4.390804 -0.1973357 0.2971252
2 349.9948 7.477449 -0.2110999 0.2595036
3 347.8944 1.565425 -0.2098134 0.2547976
4 349.8492 0.7066439 -0.2115402 0.2508588
5 349.7086 1.816704 -0.2095819 0.2470883
6 349.6126 4.87947 -0.2125088 0.2457141
7 348.5067 1.019626 -0.2148811 0.2500873
8 349.4205 15.04691 -0.2153384 0.249961
9 348.3047 8.17605 -0.2149001 0.2458686
10 349.219 4.308445 -0.2218998 0.2477236
11 348.1058 1.371311 -0.2202064 0.2478435
12 349.029 14.46929 -0.2190751 0.2520118
13 342.8813 8.573185 -0.2198909 0.2512888
14 345.8239 3.666213 -0.2209209 0.2519644
15 349.6785 0.7688613 -0.2205295 0.254564
16 349.5979 1.878623 -0.2208384 0.2533735
17 342.5419 3.976519 -0.2228352 0.2585819
18 346.4364 8.056385 -0.222781 0.2533986
19 349.2935 2.191904 -0.2249551 0.2542791
20 349.2272 14.24658 -0.2309737 0.2515553
21 349.1063 9.335366 -0.2254932 0.2552876
22 344.051 1.519543 -0.2262166 0.2546606
23 348.8927 1.598378 -0.2256891 0.257018
24 349.82 7.659083 -0.224945 0.255342
25 349.7486 4.747175 -0.2265134 0.25707
26 349.5963 3.867322 -0.2271128 0.2542571
27 349.5323 33.90688 -0.2280432 0.2565032
28 348.4043 7.088757 -0.2270906 0.2593827
29 343.3333 8.179905 -0.2295073 0.2580884
30 347.1509 1.261151 -0.2345891 0.2584039
31 349.0897 14.3353 -0.2310463 0.2601086
32 348.9926 9.469157 -0.2313407 0.2608455
33 343.9138 9.57214 -0.2311521 0.2616478
34 348.7904 1.709186 -0.2292892 0.2592509
35 349.6911 30.72325 -0.2309603 0.2610744
36 349.6349 9.85481 -0.230811 0.2620582
37 349.481 7.938348 -0.2324978 0.2617568
38 348.3939 18.07677 -0.2332284 0.26349
39 349.3152 15.16209 -0.232333 0.2626495
40 349.2 9.252676 -0.2385806 0.2691601
41 343.0769 7.365312 -0.2357457 0.2652476
42 348.9893 1.466648 -0.2343133 0.2690517
43 349.9002 7.587361 -0.2357818 0.2645223
44 349.7892 9.687716 -0.2359605 0.2690476
45 347.6814 7.736989 -0.2362882 0.2678155
46 349.0891 157.2705 -0.233549 0.2923152
47 349.9966 116.3844 -0.2371424 0.2788544
48 348.8842 3.56122 -0.2365865 0.2754761
49 349.8003 145.5733 -0.2379844 0.27073
50 348.6731 1.77835 -0.2391928 0.27085
51 343.61 7.854676 -0.2399253 0.2726946
52 346.4878 1.968958 -0.2399222 0.2733478
53 349.3969 161.9682 -0.243574 0.2724766
54 348.2874 154.0987 -0.2431375 0.2720348
55 344.1659 147.1821 -0.2505746 0.2733691
56 349.1203 161.3087 -0.2469023 0.2755748
57 349.0119 161.3513 -0.2499242 0.2768619
58 340.8882 156.4716 -0.2499286 0.2730198
59 349.815 148.6047 -0.2501492 0.2755343
60 347.7072 156.6751 -0.2514222 0.2739211
61 349.5776 157.7704 -0.2555544 0.2780549
62 343.5121 154.8819 -0.2556114 0.2768254
63 346.3973 160.9553 -0.2558554 0.2778003
64 349.2855 161.0974 -0.2590168 0.2781075
65 349.1933 158.1787 -0.2692772 0.2769957
66 349.0963 158.2727 -0.263831 0.2789204
67 345.9895 161.404 -0.2625903 0.2803577
68 348.9027 158.4953 -0.2669353 0.2806796
69 349.7872 160.5901 -0.2678756 0.2800857
70 349.7192 154.7037 -0.2683662 0.2812764
71 347.6178 150.8215 -0.271584 0.2780327
72 349.5115 161.9006 -0.2734617 0.2821045
73 349.403 154.003 -0.277325 0.2781932
74 349.2877 151.1558 -0.2782473 0.2782691
75 348.1953 155.1852 -0.2847086 0.2835071
76 349.1043 148.3026 -0.2818579 0.2804346
77 349.0101 155.3963 -0.2849891 0.2816696
78 340.9237 154.505 -0.2857803 0.2828884
79 348.7997 148.6197 -0.2859701 0.2822661
80 349.736 154.7218 -0.2906557 0.2823967
81 253.6537 156.7445 -0.2906904 0.366943
82 343.4688 150.9356 -0.2950706 0.2823794
83 343.4281 151.0304 -0.2960166 0.2831895
84 219.3537 158.0997 -0.2976704 0.2999638
85 267.253 156.2015 -0.3088621 0.2855816
86 261.1179 151.2863 -0.3063295 0.3005893
87 241.002 150.4202 -0.3038383 0.2960543
88 349.9044 148.4909 -0.3034833 0.2881858
89 241.7869 151.6221 -0.3099111 0.2881665
90 343.7126 148.7332 -0.3161381 0.2862226
