Potencial	Intensidad
mv	uA
-196.909600	-0.199316
-197.897600	-0.199426
-198.510700	-0.184357
-198.634100	-0.168818
-198.234500	-0.151505
-197.352100	-0.133471
-196.334600	-0.128416
-195.313900	-0.122607
-194.336000	-0.119549
-193.340000	-0.116524
-192.370900	-0.113833
-191.392100	-0.113509
-190.395500	-0.109621
-189.387400	-0.105491
-188.366400	-0.103479
-187.367200	-0.100833
-186.352400	-0.099360
-185.348200	-0.098754
-184.366400	-0.096659
-183.350600	-0.094763
-182.356300	-0.093022
-181.379300	-0.091054
-180.372200	-0.088851
-179.371900	-0.086349
-178.370100	-0.084399
-177.354300	-0.082453
-176.342500	-0.080406
-175.341200	-0.079737
-174.346000	-0.078486
-173.361500	-0.077407
-172.388700	-0.077146
-171.419600	-0.076135
-170.427300	-0.074851
-169.426000	-0.073916
-168.407000	-0.072468
-167.369400	-0.070836
-166.380500	-0.069970
-165.370600	-0.068616
-164.383400	-0.066818
-163.404200	-0.065168
-162.398700	-0.063497
-161.421600	-0.062332
-160.419800	-0.061656
-159.416100	-0.061751
-158.401800	-0.061682
-157.360700	-0.060893
-156.330700	-0.060333
-155.320900	-0.059931
-154.333300	-0.059338
-153.358700	-0.059556
-152.399000	-0.059033
-151.395000	-0.057546
-150.385500	-0.056363
-149.395800	-0.055799
-148.384600	-0.055997
-147.404800	-0.055973
-146.406200	-0.055818
-145.385300	-0.055071
-144.378300	-0.054037
-143.380400	-0.054038
-142.394100	-0.054419
-141.422100	-0.053693
-140.430600	-0.053114
-139.447300	-0.052024
-138.435400	-0.049642
-137.431400	-0.049206
-136.424900	-0.048509
-135.402300	-0.047970
-134.408800	-0.048822
-133.401000	-0.048117
-132.394700	-0.047898
-131.407400	-0.047238
-130.408000	-0.045881
-129.401500	-0.044301
-128.409500	-0.042662
-127.405100	-0.041707
-126.409700	-0.041343
-125.416900	-0.041587
-124.432600	-0.041580
-123.451800	-0.041681
-122.453700	-0.041387
-121.471600	-0.041746
-120.463300	-0.041046
-119.453900	-0.039304
-118.443000	-0.037317
-117.424500	-0.034502
-116.417700	-0.033460
-115.411800	-0.033124
-114.413500	-0.032017
-113.421100	-0.031214
-112.422100	-0.030114
-111.419500	-0.029541
-110.418700	-0.029690
-109.395500	-0.029666
-108.375900	-0.029830
-107.368000	-0.028492
-106.344800	-0.027425
-105.348000	-0.027041
-104.368300	-0.026485
-103.374500	-0.026525
-102.394500	-0.026090
-101.423400	-0.024447
-100.431600	-0.022675
-99.418010	-0.021367
-98.405590	-0.020638
-97.388080	-0.020691
-96.388850	-0.020365
-95.409260	-0.019509
-94.433070	-0.018812
-93.432570	-0.017614
-92.424420	-0.017259
-91.434980	-0.016561
-90.434810	-0.015129
-89.440570	-0.014838
-88.441670	-0.013353
-87.422550	-0.012818
-86.424220	-0.013173
-85.422420	-0.012865
-84.427170	-0.013324
-83.436160	-0.013603
-82.436870	-0.013330
-81.428300	-0.013092
-80.423810	-0.011740
-79.403110	-0.010708
-78.383270	-0.010098
-77.379550	-0.008874
-76.389240	-0.008918
-75.422260	-0.008107
-74.433760	-0.006513
-73.481540	-0.006197
-72.470450	-0.005787
-71.459080	-0.005616
-70.475810	-0.005758
-69.462540	-0.004964
-68.486860	-0.003836
-67.472260	-0.002661
-66.451070	-0.002082
-65.437070	-0.002128
-64.431340	-0.001603
-63.448190	-0.001108
-62.470730	-0.000813
-61.475580	0.000646
-60.472550	0.000613
-59.455590	0.000154
-58.450920	0.000296
-57.448690	-0.001108
-56.461350	0.000985
-55.459760	0.003658
-54.438610	0.005619
-53.434650	0.007975
-52.421760	0.007245
-51.434010	0.007062
-50.451950	0.007558
-49.442300	0.007017
-48.433400	0.006810
-47.432470	0.006215
-46.440130	0.006664
-45.443450	0.008342
-44.440540	0.009801
-43.468020	0.010875
-42.461180	0.010130
-41.477860	0.009775
-40.486660	0.009292
-39.470600	0.009337
-38.475050	0.009291
-37.474710	0.009915
-36.485280	0.010716
-35.486180	0.011175
-34.483110	0.011958
-33.486990	0.011055
-32.481240	0.010884
-31.474870	0.010581
-30.472630	0.011548
-29.439360	0.014417
-28.414340	0.015562
-27.422400	0.016980
-26.419890	0.017522
-25.442740	0.016444
-24.484500	0.017240
-23.491990	0.017028
-22.508900	0.016551
-21.518870	0.016044
-20.488300	0.015122
-19.475470	0.014856
-18.462260	0.014977
-17.448920	0.016187
-16.451110	0.017388
-15.441030	0.017431
-14.430850	0.018513
-13.421960	0.019453
-12.437360	0.019058
-11.435050	0.019977
-10.426000	0.019634
-9.427651	0.018417
-8.431729	0.018207
-7.449792	0.018480
-6.465857	0.018810
-5.475152	0.019349
-4.462339	0.020053
-3.470826	0.018807
-2.485008	0.019282
-1.514298	0.019932
-0.543439	0.020353
0.451872	0.020649
1.433166	0.019139
2.446605	0.018850
3.437442	0.017967
4.423805	0.017948
5.415154	0.018460
6.374835	0.017816
7.358737	0.018155
8.345430	0.019648
9.354856	0.020863
10.368000	0.022121
11.384660	0.022552
12.377000	0.022328
13.376870	0.022069
14.365820	0.021306
15.361410	0.022068
16.360580	0.022285
17.332930	0.021974
18.342330	0.022860
19.348240	0.023046
20.358850	0.023488
21.393130	0.025371
22.418210	0.026397
23.415830	0.026777
24.410300	0.027388
25.381690	0.026739
26.370180	0.026399
27.326540	0.026063
28.317000	0.025921
29.326410	0.026562
30.313380	0.026745
31.335340	0.027870
32.329940	0.028948
33.316240	0.030137
34.313320	0.031569
35.317840	0.033008
36.322890	0.033828
37.316190	0.034195
38.296830	0.034304
39.291060	0.033747
40.298610	0.032512
41.305850	0.030176
42.318250	0.028789
43.316400	0.027354
44.322580	0.027387
45.324680	0.028495
46.313050	0.029444
47.317960	0.031777
48.331890	0.033508
49.336750	0.034452
50.351430	0.034195
51.346570	0.032365
52.315300	0.031483
53.314440	0.031904
54.311300	0.032218
55.302750	0.033471
56.308710	0.034532
57.289910	0.034385
58.286170	0.035754
59.309110	0.036445
60.323820	0.036947
61.348880	0.037393
62.361480	0.038013
63.348700	0.038251
64.318500	0.037748
65.295040	0.038404
66.286990	0.039072
67.295920	0.039330
68.319640	0.039913
69.336480	0.041338
70.312650	0.041624
71.297980	0.043078
72.292580	0.045135
73.290660	0.046148
74.311630	0.047160
75.329930	0.048686
76.315480	0.049407
77.286390	0.049835
78.276430	0.050087
79.260380	0.050618
80.270360	0.051045
81.280170	0.051526
82.288770	0.053640
83.289890	0.054227
84.276930	0.055771
85.281930	0.058391
86.265250	0.059697
87.257490	0.060928
88.262100	0.061197
89.264430	0.060304
90.266560	0.059586
91.271280	0.060082
92.270490	0.062034
93.274300	0.063922
94.281880	0.065570
95.271220	0.067425
96.271760	0.068054
97.267210	0.069815
98.280380	0.073276
99.290140	0.074582
100.295200	0.075976
101.286100	0.076880
102.261300	0.075258
103.256500	0.075923
104.255800	0.076265
105.255600	0.078313
106.250700	0.080848
107.243700	0.081885
108.235800	0.083742
109.232300	0.085069
110.220300	0.087367
111.226400	0.090606
112.244300	0.093657
113.248500	0.093336
114.282600	0.096191
115.276800	0.096286
116.232700	0.097082
117.225000	0.100693
118.200200	0.100488
119.195900	0.102249
120.214400	0.104048
121.214000	0.105842
122.230300	0.109373
123.254000	0.113779
124.284200	0.118121
125.306600	0.119812
126.299700	0.119841
127.290700	0.120066
128.263400	0.120375
129.249000	0.121747
130.247100	0.125516
131.213200	0.127647
132.203000	0.130063
133.174500	0.133940
134.176100	0.137610
135.211600	0.142709
136.224000	0.147443
137.260000	0.151959
138.256000	0.154568
139.237500	0.156546
140.225400	0.158961
141.210500	0.161529
142.199400	0.164524
143.205700	0.169201
144.222700	0.174354
145.222500	0.178992
146.250300	0.184967
147.259200	0.188766
148.261200	0.192453
149.268800	0.196812
150.272400	0.199956
151.265400	0.203992
152.236700	0.208105
153.230800	0.211517
154.211100	0.217180
155.207400	0.223227
156.254300	0.228658
157.253500	0.234590
158.249500	0.239332
159.238500	0.243839
160.191800	0.249825
161.185400	0.256724
162.210900	0.264526
163.205800	0.270948
164.218100	0.277737
165.231000	0.283404
166.222300	0.287688
167.246400	0.294464
168.261000	0.300820
169.253100	0.305939
170.234900	0.312842
171.211100	0.320433
172.188000	0.328500
173.173100	0.339388
174.176700	0.349816
175.200600	0.359143
176.218600	0.366067
177.246300	0.372309
178.263400	0.379732
179.239300	0.384960
180.234900	0.393979
181.219300	0.404278
182.194400	0.413542
183.204900	0.425886
184.193800	0.438721
185.202100	0.449807
186.212400	0.461615
187.222000	0.472908
188.233300	0.482495
189.240500	0.491434
190.237100	0.500133
191.226500	0.510849
192.214800	0.521202
193.193800	0.534536
194.209200	0.551795
195.226500	0.564935
196.228200	0.579560
197.249000	0.594304
198.230600	0.605395
199.226200	0.619434
200.243700	0.634255
201.225400	0.647556
202.232800	0.661849
203.215200	0.675653
204.206800	0.691051
205.210600	0.706599
206.216800	0.722386
207.226300	0.740212
208.240500	0.754024
209.233600	0.767837
210.220400	0.784984
211.227800	0.800040
212.212200	0.817704
213.234400	0.838533
214.236900	0.856176
215.228600	0.874204
216.235300	0.891850
217.219200	0.907471
218.217100	0.925116
219.200000	0.941060
220.173800	0.958968
221.177000	0.978550
222.156000	0.997469
223.141100	1.020660
224.145000	1.042927
225.128800	1.063807
226.155200	1.085571
227.189800	1.103076
228.203000	1.119911
229.186400	1.135300
230.159200	1.149278
231.121300	1.167745
232.087100	1.187270
233.087800	1.208396
234.089300	1.234002
235.113200	1.256154
236.126000	1.277955
237.152600	1.300199
238.155300	1.318188
239.158100	1.337069
240.182700	1.354342
241.164100	1.372513
242.182100	1.392899
243.151800	1.412235
244.139400	1.437031
245.146700	1.461250
246.123700	1.481751
247.150600	1.504493
248.148400	1.522310
249.155800	1.535903
250.171400	1.553773
251.186100	1.572064
252.184200	1.591091
253.180500	1.612340
254.156500	1.630440
255.123000	1.649186
256.112900	1.662543
257.112500	1.680107
258.122800	1.699939
259.137300	1.712593
260.124600	1.731318
261.129300	1.747663
262.108700	1.760690
263.092800	1.779899
264.112000	1.799338
265.107500	1.814478
266.140500	1.830230
267.142500	1.844130
268.126800	1.853614
269.104400	1.863567
270.083400	1.873564
271.077200	1.886357
272.087200	1.898853
273.090000	1.912973
274.115400	1.929252
275.127500	1.937424
276.138500	1.946734
277.155900	1.956592
278.139800	1.959699
279.131300	1.963266
280.126300	1.967408
281.097400	1.970111
282.074700	1.975508
283.060800	1.983986
284.054000	1.994005
285.068700	1.999613
286.087100	2.004071
287.098400	2.007372
288.105200	2.006002
289.108000	2.005443
290.117000	2.007396
291.124300	2.006842
292.110700	2.006669
293.114400	2.009195
294.103400	2.009033
295.115400	2.010410
296.118400	2.010973
297.122300	2.009147
298.133900	2.005282
299.134000	1.999743
300.136300	1.995230
301.145100	1.991337
302.145000	1.987323
303.153400	1.986365
304.164800	1.981459
305.164100	1.976410
306.162100	1.972033
307.130500	1.963507
308.121300	1.957425
309.115100	1.950347
310.097700	1.942377
311.099200	1.937016
312.091100	1.930401
313.078400	1.923801
314.079200	1.917300
315.086900	1.909711
316.091600	1.901684
317.095000	1.893274
318.114000	1.883324
319.106200	1.872798
320.107200	1.863822
321.093600	1.856024
322.088000	1.851150
323.095800	1.844992
324.090500	1.839299
325.110800	1.832547
326.112900	1.822407
327.110300	1.815239
328.112900	1.806569
329.095700	1.796147
330.082300	1.787116
331.079700	1.777174
332.067800	1.767034
333.054800	1.759831
334.054600	1.753497
335.066000	1.746992
336.081800	1.739958
337.103800	1.731719
338.113700	1.722914
339.106500	1.712019
340.069200	1.703869
341.073800	1.696416
342.061000	1.687698
343.052200	1.682041
344.074700	1.676291
345.055500	1.669114
346.066600	1.662388
347.067600	1.655553
348.081300	1.646771
349.092600	1.639187
350.089400	1.632329
351.081500	1.626034
352.060500	1.619349
353.064900	1.613588
354.079200	1.609455
355.095600	1.603073
356.107400	1.597098
357.104500	1.590805
358.078200	1.582164
359.077600	1.575447
360.090700	1.570564
361.095000	1.565158
362.110900	1.559912
363.090800	1.554986
364.076000	1.548871
365.059000	1.543436
366.045600	1.537581
367.072100	1.532824
368.064000	1.526985
369.060400	1.520246
370.068800	1.516021
371.065400	1.510431
372.082300	1.507574
373.099700	1.506159
374.092900	1.501986
375.088400	1.497632
376.079400	1.492284
377.064900	1.485611
378.068200	1.480540
379.060100	1.475698
380.086100	1.471150
381.099200	1.467251
382.085800	1.463614
383.090000	1.461338
384.051800	1.458864
385.030500	1.456296
386.047900	1.453584
387.052300	1.449065
388.067800	1.444521
389.062500	1.439963
390.029000	1.435793
391.020000	1.432747
392.021900	1.430399
393.037900	1.428483
394.070400	1.427083
395.079900	1.425202
396.085600	1.422594
397.073800	1.420368
398.060000	1.416758
399.071100	1.414548
400.072000	1.411588
401.090100	1.409276
402.107700	1.407102
403.087200	1.404146
404.089800	1.403001
405.092300	1.400641
406.089400	1.398177
407.115400	1.395970
408.114300	1.391763
409.098900	1.389052
410.107400	1.386826
411.084900	1.386614
412.066000	1.385906
413.070400	1.385517
414.042500	1.384002
415.047000	1.381292
416.040500	1.378474
417.027900	1.375398
418.039500	1.374451
419.037700	1.371497
420.038800	1.370762
421.048600	1.368443
422.042300	1.366004
423.003400	1.364266
424.013600	1.363540
425.021700	1.362140
426.037100	1.360066
427.080600	1.359043
428.077700	1.357097
429.063500	1.355753
430.041300	1.354656
431.041400	1.353991
432.032400	1.352088
433.021300	1.352443
434.032700	1.353532
435.020600	1.352866
435.998000	1.352586
437.020300	1.351357
438.013300	1.348487
439.005700	1.345828
440.016000	1.344584
440.987600	1.342887
441.988200	1.343008
442.987000	1.344234
444.002000	1.345533
445.026700	1.346358
446.007700	1.345419
447.019700	1.344851
448.012400	1.342435
449.006700	1.340932
450.026100	1.340700
451.010200	1.339633
452.013500	1.339525
453.013100	1.340075
454.016400	1.340080
455.025200	1.341275
456.033800	1.341957
457.051700	1.341940
458.058500	1.340990
459.051100	1.340048
460.031300	1.339774
461.011600	1.339742
461.974900	1.340189
462.969100	1.340603
463.972800	1.340362
464.966900	1.339983
466.007000	1.339487
467.009000	1.338179
468.017800	1.337334
469.018500	1.336342
469.991200	1.335853
470.995700	1.337005
471.982600	1.338637
472.979500	1.339975
473.988400	1.342265
474.964300	1.341817
475.973900	1.341550
476.992400	1.341002
477.978300	1.339825
478.985700	1.339271
479.974700	1.338152
480.932400	1.338457
481.941100	1.339401
482.957200	1.340813
483.952900	1.342152
484.972700	1.342858
485.960900	1.341852
486.956700	1.341263
487.964000	1.340283
488.963300	1.338636
489.970900	1.338535
490.951900	1.338490
491.940300	1.339029
492.928400	1.340428
493.928000	1.342237
494.944800	1.344674
495.966000	1.345385
496.973300	1.346000
497.974200	1.345458
498.965900	1.343257
499.943900	1.343675
500.953800	1.344461
501.944400	1.344547
502.931100	1.345783
503.944400	1.346525
504.941400	1.346982
505.950300	1.348243
506.970900	1.349257
507.989500	1.349887
508.993100	1.350184
509.985800	1.351030
510.998400	1.352079
511.973000	1.352551
512.966800	1.352203
513.989900	1.353047
514.968900	1.352600
515.965400	1.353429
516.981100	1.355569
517.950500	1.355685
518.923200	1.356451
519.925400	1.357286
520.912300	1.358354
521.921800	1.360088
522.947100	1.362049
523.956300	1.362714
524.953000	1.362875
525.950600	1.362369
526.958900	1.362492
527.971500	1.362425
528.958400	1.361884
529.952900	1.362917
530.958900	1.362698
531.929500	1.363166
532.960600	1.365897
533.984100	1.367262
534.962000	1.368956
535.965500	1.370159
536.934300	1.369472
537.922200	1.368901
538.906000	1.368005
539.888700	1.368655
540.887500	1.369455
541.863400	1.369377
542.872900	1.370951
543.881500	1.372580
544.870500	1.373760
545.902300	1.376396
546.927700	1.376834
547.942500	1.376251
548.966900	1.375893
549.954000	1.374669
550.951800	1.375271
551.950500	1.375800
552.931500	1.376594
553.917700	1.379611
554.906500	1.381581
555.905500	1.383390
556.901200	1.384290
557.893500	1.383231
558.899700	1.384132
559.888900	1.384955
560.900600	1.386218
561.902200	1.387517
562.883900	1.387374
563.871900	1.387918
564.873300	1.389608
565.862400	1.390023
566.872100	1.391874
567.869000	1.393317
568.857400	1.393106
569.859100	1.394174
570.837200	1.394620
571.850400	1.395586
572.855200	1.397314
573.875300	1.400933
574.897700	1.403252
575.887800	1.403236
576.890900	1.405645
577.905600	1.405823
578.904200	1.405013
579.916900	1.406785
580.910300	1.407009
581.884200	1.407738
582.880600	1.411878
583.881300	1.415755
584.909900	1.418259
585.935700	1.420248
586.937100	1.420338
587.940800	1.419937
588.915300	1.420103
589.899800	1.421077
590.889300	1.422632
591.881900	1.424006
592.878300	1.426298
593.883400	1.430258
594.879200	1.432621
595.875700	1.435717
596.900500	1.438809
597.913600	1.439641
598.580100	1.413410
598.717300	1.377246
598.334700	1.334195
597.436300	1.287638
596.408400	1.264699
595.410600	1.248898
594.428500	1.236307
593.439800	1.224216
592.449000	1.214300
591.454500	1.204523
590.429400	1.194237
589.430700	1.185395
588.439300	1.177737
587.444500	1.170330
586.450600	1.164488
585.460800	1.158941
584.461900	1.152872
583.476200	1.145936
582.483300	1.139642
581.485300	1.133761
580.477300	1.127225
579.434000	1.122813
578.424300	1.118796
577.408100	1.114312
576.406700	1.111287
575.435500	1.108855
574.453800	1.105555
573.473400	1.103478
572.484700	1.100422
571.467900	1.096988
570.471200	1.093200
569.440800	1.089652
568.444200	1.087932
567.463000	1.085635
566.445400	1.085351
565.471000	1.084634
564.475700	1.081903
563.472400	1.079260
562.491100	1.076489
561.512800	1.072441
560.521700	1.069504
559.513500	1.067039
558.506000	1.063973
557.468700	1.062547
556.434300	1.061551
555.432400	1.061726
554.439100	1.061251
553.431800	1.060826
552.445400	1.060306
551.443800	1.058130
550.443200	1.056538
549.459300	1.055649
548.451800	1.054126
547.444300	1.053183
546.438600	1.053024
545.429700	1.050908
544.417000	1.049206
543.416400	1.047106
542.423500	1.044616
541.434600	1.043586
540.451000	1.041517
539.449500	1.040927
538.442300	1.040328
537.434700	1.039487
536.435700	1.040548
535.475400	1.040179
534.479300	1.039491
533.524600	1.038814
532.529200	1.037134
531.524000	1.035541
530.529700	1.035214
529.493300	1.034233
528.514200	1.034713
527.490100	1.034979
526.484900	1.034192
525.491500	1.034041
524.482400	1.032782
523.525400	1.031357
522.548000	1.030073
521.544100	1.028300
520.533600	1.026522
519.509400	1.025120
518.486100	1.023954
517.502100	1.023731
516.507400	1.022852
515.512000	1.023754
514.530400	1.024634
513.535400	1.024316
512.553300	1.025390
511.556800	1.025139
510.547500	1.023901
509.534800	1.024080
508.504200	1.023798
507.485500	1.022731
506.484300	1.022318
505.486100	1.021279
504.500700	1.020050
503.518300	1.018733
502.509500	1.018157
501.491600	1.017864
500.475100	1.016254
499.453300	1.016104
498.462500	1.015778
497.466900	1.014153
496.466300	1.014686
495.460800	1.015100
494.462000	1.014367
493.480100	1.014313
492.484400	1.013827
491.491400	1.012890
490.472300	1.011587
489.460400	1.011439
488.462000	1.011330
487.489900	1.010075
486.494500	1.010526
485.508000	1.010314
484.515500	1.009384
483.493700	1.010126
482.486800	1.008857
481.468900	1.007815
480.472700	1.006617
479.473100	1.005467
478.476200	1.005203
477.468000	1.004869
476.467800	1.005202
475.464200	1.005416
474.464800	1.004381
473.484300	1.004771
472.483800	1.003578
471.508000	1.002730
470.523900	1.003025
469.515000	1.001701
468.530900	1.001069
467.528100	0.999625
466.536000	0.999076
465.552300	0.998783
464.546000	0.998820
463.558500	0.998715
462.560600	0.998696
461.578200	0.998472
460.583000	0.997938
459.578400	0.997484
458.574300	0.997787
457.555200	0.997671
456.553700	0.999064
455.541300	0.999789
454.537100	0.998831
453.546900	0.998668
452.551300	0.996981
451.561500	0.995774
450.538200	0.994767
449.533300	0.992951
448.520700	0.992510
447.530100	0.991952
446.566600	0.991591
445.574200	0.992256
444.578200	0.992178
443.567100	0.992593
442.567600	0.993147
441.565100	0.992310
440.555200	0.991823
439.546000	0.990851
438.528100	0.990568
437.530800	0.991072
436.554400	0.990788
435.585300	0.990320
434.621600	0.989302
433.626700	0.987609
432.629300	0.986319
431.620500	0.985353
430.589000	0.983345
429.563400	0.982046
428.563600	0.981457
427.563500	0.980655
426.559100	0.980913
425.591900	0.981616
424.585500	0.982513
423.598800	0.982385
422.626400	0.983035
421.628400	0.982969
420.630300	0.981661
419.617400	0.981767
418.614600	0.980985
417.600900	0.979485
416.626800	0.978622
415.637900	0.977836
414.647200	0.975554
413.663300	0.974104
412.660200	0.972263
411.650700	0.970411
410.647800	0.969709
409.648600	0.969141
408.647400	0.969472
407.645800	0.968456
406.650000	0.967928
405.650000	0.968239
404.642300	0.967124
403.648600	0.966851
402.658700	0.966826
401.661400	0.965104
400.654600	0.964441
399.623100	0.964215
398.589500	0.963437
397.570400	0.962976
396.585600	0.962251
395.623200	0.961460
394.642600	0.959640
393.644000	0.957898
392.617700	0.956636
391.606800	0.954247
390.595300	0.952197
389.615900	0.951348
388.621200	0.949168
387.610000	0.947644
386.606800	0.947708
385.593000	0.947069
384.597200	0.947460
383.614200	0.947630
382.614100	0.946701
381.613100	0.944894
380.618400	0.942869
379.614300	0.941294
378.610900	0.939817
377.619000	0.938803
376.613300	0.937452
375.634200	0.936389
374.643600	0.934849
373.636400	0.934370
372.651000	0.933006
371.613600	0.931503
370.619700	0.930084
369.621400	0.927075
368.604100	0.925532
367.614900	0.924010
366.613600	0.923123
365.625900	0.922783
364.634600	0.921771
363.653500	0.919856
362.670900	0.917256
361.666200	0.914319
360.654000	0.912148
359.653200	0.910233
358.643300	0.908416
357.629200	0.907186
356.644100	0.904350
355.651900	0.902662
354.652600	0.900970
353.677200	0.897865
352.681900	0.896569
351.697900	0.893465
350.680000	0.889869
349.667900	0.887388
348.656000	0.884551
347.632900	0.883539
346.633800	0.883056
345.626900	0.881540
344.636600	0.878942
343.629500	0.874406
342.653200	0.869084
341.661300	0.865698
340.650500	0.860611
339.642000	0.856724
338.625100	0.853382
337.616100	0.847866
336.615100	0.844814
335.600000	0.840641
334.611200	0.837087
333.615100	0.834419
332.631800	0.830786
331.663200	0.828579
330.662900	0.824076
329.654100	0.818780
328.630300	0.815561
327.607700	0.809817
326.591100	0.805488
325.595600	0.803069
324.611300	0.794835
323.611900	0.789677
322.639500	0.785253
321.655200	0.779345
320.642600	0.776174
319.643700	0.771154
318.624600	0.763313
317.603800	0.756090
316.606500	0.748725
315.628200	0.742579
314.634700	0.738037
313.646400	0.731292
312.665900	0.726238
311.662900	0.718307
310.663200	0.710031
309.679800	0.704677
308.667800	0.696738
307.669500	0.690612
306.695300	0.684376
305.703100	0.675229
304.711800	0.666028
303.713100	0.656099
302.685100	0.645736
301.679100	0.636969
300.683000	0.627203
299.679300	0.618231
298.683300	0.609289
297.642900	0.599543
296.620200	0.592803
295.616200	0.585457
294.628700	0.578527
293.661300	0.571094
292.699300	0.560249
291.705800	0.549284
290.686000	0.537128
289.678500	0.525223
288.647600	0.515720
287.634600	0.506043
286.628100	0.495424
285.625100	0.485996
284.640200	0.474637
283.658100	0.463575
282.683000	0.453620
281.695000	0.441998
280.718600	0.430080
279.714500	0.415562
278.706700	0.401932
277.693500	0.389082
276.664300	0.376727
275.649100	0.368481
274.665200	0.360003
273.662200	0.348853
272.671200	0.338977
271.680500	0.326465
270.640000	0.312002
269.649000	0.300650
268.635100	0.287976
267.639200	0.275489
266.655600	0.262830
265.640900	0.250951
264.650000	0.239894
263.659500	0.227521
262.673400	0.217037
261.711500	0.205841
260.726000	0.190698
259.697200	0.177462
258.692000	0.165554
257.667300	0.151771
256.660200	0.143028
255.703200	0.136103
254.711900	0.125304
253.724500	0.114944
252.719100	0.102256
251.696100	0.088026
250.669600	0.074184
249.655200	0.062581
248.651800	0.052814
247.649400	0.041104
246.675200	0.031765
245.670700	0.024653
244.668900	0.014503
243.682900	0.006258
242.686100	-0.001267
241.704100	-0.013981
240.717900	-0.025515
239.707600	-0.036790
238.686400	-0.047548
237.681900	-0.055510
236.673200	-0.061208
235.665800	-0.066240
234.685000	-0.073957
233.687000	-0.083093
232.708100	-0.091559
231.728700	-0.101920
230.720400	-0.111848
229.719900	-0.118053
228.706300	-0.127375
227.697300	-0.135756
226.724200	-0.140939
225.726400	-0.148139
224.712100	-0.152706
223.722800	-0.156282
222.711400	-0.161478
221.707500	-0.167075
220.705600	-0.174566
219.697100	-0.180565
218.694500	-0.185236
217.701700	-0.189579
216.727500	-0.191519
215.763100	-0.195134
214.758700	-0.201321
213.788600	-0.206758
212.791300	-0.213865
211.776000	-0.219881
210.769700	-0.224475
209.742100	-0.229576
208.735700	-0.232195
207.730700	-0.235803
206.743800	-0.238624
205.768600	-0.239483
204.795500	-0.241444
203.812600	-0.243585
202.828200	-0.246155
201.825900	-0.251629
200.818400	-0.256554
199.810200	-0.260178
198.787100	-0.262576
197.780500	-0.263139
196.757900	-0.265127
195.752500	-0.266565
194.783900	-0.269290
193.772200	-0.273073
192.769500	-0.274282
191.748700	-0.276683
190.721300	-0.279619
189.726200	-0.282067
188.729300	-0.285147
187.735200	-0.287417
186.723000	-0.287542
185.716900	-0.286628
184.740600	-0.285424
183.750700	-0.287024
182.780400	-0.288620
181.780400	-0.289290
180.764800	-0.292029
179.761900	-0.291574
178.751700	-0.291154
177.754300	-0.294277
176.764700	-0.294256
175.746600	-0.295232
174.733800	-0.297329
173.756400	-0.296452
172.743400	-0.296950
171.760500	-0.297107
170.771800	-0.297147
169.749000	-0.299419
168.735400	-0.298791
167.717800	-0.299361
166.720200	-0.298582
165.721400	-0.295437
164.743900	-0.297606
163.756400	-0.297017
162.735400	-0.296705
161.745900	-0.297952
160.748400	-0.296903
159.766400	-0.296594
158.779300	-0.296907
157.775400	-0.297637
156.769100	-0.297698
155.783700	-0.297931
154.819800	-0.297738
153.829700	-0.297658
152.840400	-0.296710
151.821200	-0.297416
150.804600	-0.298336
149.792500	-0.298025
148.769600	-0.298782
147.765400	-0.298252
146.749400	-0.296305
145.755800	-0.294687
144.778500	-0.292958
143.781700	-0.291799
142.778000	-0.291937
141.773300	-0.291654
140.767300	-0.291401
139.757000	-0.291386
138.765700	-0.291091
137.751800	-0.292060
136.754400	-0.291261
135.745700	-0.290375
134.740200	-0.289181
133.763900	-0.287053
132.786200	-0.286904
131.796400	-0.285994
130.807400	-0.285852
129.810800	-0.286552
128.791800	-0.285481
127.819300	-0.284025
126.828700	-0.282287
125.814700	-0.279728
124.804800	-0.279343
123.794100	-0.279494
122.789500	-0.279731
121.800500	-0.280471
120.822400	-0.279628
119.820200	-0.280009
118.831600	-0.279466
117.827900	-0.278754
116.820400	-0.278727
115.843300	-0.276947
114.836300	-0.275302
113.848500	-0.274649
112.839000	-0.273222
111.822300	-0.272685
110.811300	-0.273118
109.794500	-0.271801
108.807800	-0.270375
107.812300	-0.268279
106.824100	-0.266074
105.834900	-0.265150
104.839400	-0.265335
103.849200	-0.266637
102.857700	-0.267658
101.866800	-0.268653
100.873300	-0.270005
99.847490	-0.270756
98.846980	-0.270767
97.837340	-0.270983
96.827530	-0.269564
95.861640	-0.267490
94.862630	-0.265911
93.877150	-0.264475
92.891170	-0.262897
91.864730	-0.262001
90.849660	-0.262206
89.822460	-0.260614
88.822560	-0.259647
87.815810	-0.259504
86.810180	-0.258660
85.819010	-0.257952
84.800740	-0.258867
83.814150	-0.258719
82.844290	-0.257819
81.863310	-0.258645
80.864620	-0.257771
79.872960	-0.257510
78.863000	-0.257316
77.858410	-0.256728
76.849100	-0.256317
75.855190	-0.254762
74.859160	-0.254151
73.867600	-0.252933
72.894700	-0.251354
71.884210	-0.250813
70.875850	-0.249716
69.867240	-0.248326
68.858640	-0.248038
67.845710	-0.247652
66.853600	-0.247371
65.846620	-0.248103
64.858400	-0.248336
63.880980	-0.248166
62.875840	-0.248359
61.896360	-0.248344
60.905450	-0.248422
59.895320	-0.248322
58.887780	-0.247497
57.862830	-0.246590
56.843530	-0.244741
55.849820	-0.243375
54.869620	-0.242205
53.893590	-0.240809
52.911830	-0.240897
51.930460	-0.240712
50.948010	-0.240447
49.936550	-0.240426
48.913370	-0.239861
47.894800	-0.239878
46.868260	-0.239904
45.871530	-0.239110
44.894830	-0.237758
43.911140	-0.236722
42.918090	-0.235874
41.920490	-0.235610
40.893520	-0.236441
39.871910	-0.236648
38.848140	-0.236927
37.845690	-0.237375
36.849060	-0.237379
35.863190	-0.236589
34.894200	-0.235348
33.902420	-0.234536
32.911550	-0.232898
31.905960	-0.232279
30.911170	-0.232618
29.903400	-0.232347
28.895820	-0.231683
27.899170	-0.230989
26.880910	-0.230168
25.887790	-0.229346
24.896610	-0.228175
23.903810	-0.227775
22.913930	-0.226852
21.910710	-0.224799
20.894370	-0.226422
19.868330	-0.226320
18.880100	-0.226253
17.881420	-0.227783
16.902060	-0.225602
15.932720	-0.225970
14.919150	-0.225584
13.915120	-0.224479
12.938350	-0.225201
11.916870	-0.225649
10.918500	-0.225914
9.933380	-0.226618
8.923689	-0.226790
7.930129	-0.225666
6.928477	-0.225491
5.934801	-0.223930
4.945945	-0.223404
3.953986	-0.222226
2.977381	-0.220921
2.000561	-0.221176
1.004705	-0.220557
0.022256	-0.220305
-0.960755	-0.218773
-1.935015	-0.218087
-2.898478	-0.217153
-3.867686	-0.216368
-4.857202	-0.217717
-5.863889	-0.218336
-6.868248	-0.218283
-7.853850	-0.218677
-8.857384	-0.218913
-9.858093	-0.218419
-10.876800	-0.218744
-11.890240	-0.218828
-12.900050	-0.218443
-13.907840	-0.218442
-14.888260	-0.218310
-15.895640	-0.217651
-16.900300	-0.217209
-17.909870	-0.216837
-18.919590	-0.216166
-19.920060	-0.215034
-20.910780	-0.214018
-21.920270	-0.213425
-22.931760	-0.212627
-23.939930	-0.213041
-24.925320	-0.213324
-25.913220	-0.212915
-26.896200	-0.213159
-27.870620	-0.212704
-28.886130	-0.212276
-29.904550	-0.212047
-30.916740	-0.212160
-31.927240	-0.211817
-32.914730	-0.211879
-33.868840	-0.211531
-34.872690	-0.210631
-35.877330	-0.210671
-36.877740	-0.210326
-37.885960	-0.210211
-38.868230	-0.209718
-39.881550	-0.209019
-40.887930	-0.207838
-41.889480	-0.207080
-42.901170	-0.207468
-43.884230	-0.207796
-44.866120	-0.207993
-45.875000	-0.208574
-46.879620	-0.208116
-47.867390	-0.207318
-48.877240	-0.207791
-49.863040	-0.207548
-50.846590	-0.207753
-51.863380	-0.208146
-52.873650	-0.207779
-53.898710	-0.207601
-54.906830	-0.206609
-55.895060	-0.206012
-56.891270	-0.205356
-57.852150	-0.204572
-58.857370	-0.205284
-59.881360	-0.205184
-60.890670	-0.205160
-61.913240	-0.205852
-62.915200	-0.205237
-63.902310	-0.205059
-64.880560	-0.205187
-65.878660	-0.204543
-66.870820	-0.204290
-67.875270	-0.203819
-68.889510	-0.203751
-69.925870	-0.203820
-70.939710	-0.203970
-71.930690	-0.204945
-72.939700	-0.205027
-73.919310	-0.203671
-74.918140	-0.203394
-75.907930	-0.202917
-76.889620	-0.202530
-77.877260	-0.204583
-78.837570	-0.205229
-79.843260	-0.205515
-80.838360	-0.205486
-81.835470	-0.204686
-82.869660	-0.204104
-83.862400	-0.203507
-84.859990	-0.203745
-85.872530	-0.204100
-86.846820	-0.204217
-87.843740	-0.204518
-88.836070	-0.204737
-89.817970	-0.204379
-90.822750	-0.204752
-91.829980	-0.204226
-92.842910	-0.202732
-93.856390	-0.201940
-94.851300	-0.200944
-95.829510	-0.201112
-96.822380	-0.202034
-97.809900	-0.202597
-98.819030	-0.203318
-99.831150	-0.203443
-100.826500	-0.203445
-101.818200	-0.203458
-102.798500	-0.203456
-103.801000	-0.203814
-104.807200	-0.203857
-105.823700	-0.203288
-106.849400	-0.203403
-107.869400	-0.203471
-108.877300	-0.203548
-109.882600	-0.204287
-110.888200	-0.203115
-111.889300	-0.202050
-112.886700	-0.201011
-113.892400	-0.199797
-114.898600	-0.200626
-115.880400	-0.201698
-116.874700	-0.203246
-117.856400	-0.204591
-118.853400	-0.205121
-119.861900	-0.205056
-120.862100	-0.204934
-121.870100	-0.204871
-122.867800	-0.204877
-123.883100	-0.204349
-124.893900	-0.203839
-125.909500	-0.204281
-126.900900	-0.203606
-127.886700	-0.204149
-128.882100	-0.204213
-129.858800	-0.202940
-130.892200	-0.202790
-131.893000	-0.201814
-132.889000	-0.200427
-133.903400	-0.201190
-134.878200	-0.201879
-135.875500	-0.202466
-136.881000	-0.203378
-137.871800	-0.203902
-138.852800	-0.203717
-139.846300	-0.204115
-140.841600	-0.204255
-141.852600	-0.203974
-142.878900	-0.203667
-143.895200	-0.203579
-144.887000	-0.203501
-145.868000	-0.203219
-146.848400	-0.203091
-147.819000	-0.203138
-148.817700	-0.203630
-149.819400	-0.202603
-150.809600	-0.201778
-151.827100	-0.201081
-152.838900	-0.200241
-153.825700	-0.200199
-154.798300	-0.201388
-155.798300	-0.202456
-156.781300	-0.202465
-157.790800	-0.203628
-158.813400	-0.203284
-159.788600	-0.203430
-160.794400	-0.204596
-161.791700	-0.205235
-162.808100	-0.205948
-163.863200	-0.205392
-164.860100	-0.205178
-165.866800	-0.204843
-166.847600	-0.204533
-167.815200	-0.206043
-168.830500	-0.207390
-169.826200	-0.207294
-170.856500	-0.208013
-171.852000	-0.207218
-172.866400	-0.207084
-173.871000	-0.208238
-174.843100	-0.209077
-175.827600	-0.209445
-176.803300	-0.209574
-177.790000	-0.209402
-178.788100	-0.209062
-179.784700	-0.209534
-180.770000	-0.209981
-181.764900	-0.210911
-182.767600	-0.211169
-183.785100	-0.211804
-184.787400	-0.211387
-185.793400	-0.210556
-186.801700	-0.211111
-187.794300	-0.210849
-188.785200	-0.211476
-189.789900	-0.211527
-190.783400	-0.211170
-191.769800	-0.211068
-192.775400	-0.211666
-193.771300	-0.212193
-194.746900	-0.212607
-195.757600	-0.213381
