Potencial	Intensidad
mv	uA
-199.559000	0.003060
-199.346100	0.007303
-198.859300	0.011595
-198.125200	0.015691
-197.161400	0.021020
-196.145300	0.022256
-195.125800	0.024208
-194.136400	0.025947
-193.118700	0.026784
-192.126800	0.027757
-191.160000	0.028710
-190.165000	0.030099
-189.160900	0.032104
-188.159100	0.032779
-187.152800	0.032684
-186.138700	0.032857
-185.138200	0.031858
-184.137400	0.031622
-183.122900	0.031926
-182.123700	0.031763
-181.121800	0.031700
-180.122800	0.031936
-179.146100	0.032600
-178.159200	0.032621
-177.171900	0.033398
-176.176800	0.034990
-175.188900	0.034610
-174.213700	0.035364
-173.221000	0.035316
-172.214300	0.034812
-171.198900	0.035329
-170.168200	0.036137
-169.161600	0.036765
-168.165500	0.036517
-167.173100	0.036611
-166.174300	0.036195
-165.192100	0.036281
-164.194100	0.037201
-163.196100	0.038235
-162.201200	0.038772
-161.190400	0.039254
-160.181500	0.039260
-159.173200	0.039200
-158.152400	0.039713
-157.119500	0.040431
-156.116900	0.040502
-155.112800	0.040499
-154.111300	0.040162
-153.144500	0.040143
-152.153900	0.040832
-151.156600	0.040697
-150.176300	0.040648
-149.172600	0.039912
-148.165600	0.038638
-147.164900	0.038718
-146.168600	0.038674
-145.177800	0.038655
-144.171100	0.038773
-143.184400	0.038124
-142.202100	0.037626
-141.163400	0.038267
-140.192100	0.039090
-139.187400	0.039544
-138.166700	0.039563
-137.175200	0.038199
-136.161900	0.037543
-135.155700	0.037017
-134.164200	0.036495
-133.192300	0.036815
-132.188100	0.036616
-131.171900	0.036473
-130.182100	0.036707
-129.173200	0.036843
-128.187000	0.036489
-127.209900	0.036566
-126.202100	0.036165
-125.207200	0.035602
-124.212200	0.035346
-123.229300	0.035191
-122.247100	0.035686
-121.249600	0.035505
-120.261600	0.036064
-119.245900	0.036465
-118.204400	0.036990
-117.192500	0.038066
-116.171100	0.038201
-115.173400	0.038249
-114.203800	0.038292
-113.208400	0.038521
-112.202600	0.038865
-111.212300	0.038875
-110.214500	0.038051
-109.218100	0.037845
-108.220700	0.037296
-107.203000	0.037265
-106.168900	0.038075
-105.166400	0.037620
-104.169100	0.037910
-103.163100	0.038431
-102.193300	0.039032
-101.186900	0.040010
-100.186300	0.040755
-99.186390	0.040942
-98.166570	0.040641
-97.193520	0.040852
-96.184020	0.041506
-95.177250	0.042957
-94.206500	0.044170
-93.178990	0.044900
-92.203800	0.044064
-91.237170	0.042574
-90.212920	0.042083
-89.223880	0.041102
-88.218250	0.041297
-87.199350	0.041266
-86.222630	0.040645
-85.216280	0.040632
-84.212300	0.040202
-83.232830	0.039806
-82.231360	0.039279
-81.236630	0.038181
-80.245820	0.036881
-79.244780	0.034935
-78.235660	0.031902
-77.220200	0.028909
-76.210910	0.025512
-75.197250	0.023533
-74.178340	0.023643
-73.203280	0.024656
-72.217530	0.027369
-71.218570	0.030326
-70.242200	0.033127
-69.228040	0.036405
-68.199580	0.039278
-67.203990	0.040965
-66.205490	0.041474
-65.220860	0.040366
-64.244270	0.039374
-63.244540	0.038638
-62.226550	0.037962
-61.226410	0.038559
-60.219930	0.038345
-59.214550	0.038665
-58.218040	0.038888
-57.208080	0.038982
-56.201640	0.039272
-55.185230	0.039100
-54.187620	0.038923
-53.176870	0.038925
-52.187180	0.039253
-51.217540	0.039478
-50.227750	0.039899
-49.261230	0.039543
-48.248990	0.038850
-47.247690	0.038417
-46.245570	0.037944
-45.228290	0.037449
-44.237270	0.036928
-43.229500	0.036533
-42.242420	0.036566
-41.234650	0.037125
-40.219130	0.038373
-39.223290	0.039265
-38.209600	0.039498
-37.222790	0.039358
-36.245060	0.039693
-35.252030	0.040554
-34.247820	0.041082
-33.254610	0.041381
-32.258040	0.040925
-31.250640	0.039500
-30.267400	0.039128
-29.244400	0.039513
-28.241960	0.039317
-27.250760	0.039936
-26.224920	0.040440
-25.247130	0.040720
-24.247210	0.041574
-23.243790	0.042029
-22.278220	0.042518
-21.282590	0.042503
-20.283630	0.042344
-19.282810	0.041967
-18.266150	0.041671
-17.253730	0.041875
-16.257400	0.042145
-15.262400	0.042217
-14.262250	0.042798
-13.264170	0.043765
-12.246220	0.044309
-11.224660	0.045163
-10.212140	0.045748
-9.211662	0.045530
-8.222213	0.045573
-7.231062	0.045924
-6.229560	0.045560
-5.209599	0.045767
-4.191206	0.045829
-3.218680	0.045849
-2.247474	0.047322
-1.292993	0.047708
-0.340658	0.048087
0.649732	0.048119
1.635633	0.047035
2.637300	0.047121
3.628863	0.047049
4.605484	0.048078
5.614929	0.049602
6.601027	0.050334
7.605088	0.051728
8.618990	0.052388
9.599640	0.053216
10.613540	0.054397
11.600370	0.054236
12.604710	0.053884
13.605370	0.052824
14.586990	0.051028
15.616320	0.050015
16.597460	0.048369
17.578870	0.046751
18.586130	0.045758
19.544360	0.044103
20.566270	0.044639
21.599310	0.045857
22.601750	0.048177
23.628730	0.052630
24.611690	0.056395
25.575570	0.059883
26.560690	0.062837
27.555760	0.064000
28.568300	0.063708
29.562690	0.062001
30.560460	0.060197
31.554570	0.059300
32.539430	0.058372
33.557610	0.059004
34.578220	0.058578
35.572360	0.057932
36.579530	0.057929
37.584500	0.057929
38.557260	0.058530
39.555540	0.058613
40.550370	0.059226
41.545620	0.058958
42.569990	0.058397
43.582590	0.057971
44.572250	0.056755
45.572780	0.055497
46.556130	0.055431
47.567970	0.055248
48.578260	0.055385
49.572330	0.055431
50.574970	0.054858
51.546150	0.054231
52.559110	0.054412
53.579020	0.055990
54.567070	0.057357
55.550390	0.058929
56.532390	0.059561
57.515130	0.059032
58.493490	0.059842
59.499930	0.060760
60.521830	0.060886
61.520190	0.059804
62.539670	0.056273
63.556380	0.052604
64.522780	0.050622
65.507940	0.051915
66.503540	0.055698
67.484000	0.060418
68.484480	0.063909
69.489990	0.065688
70.489500	0.064978
71.504870	0.063935
72.532940	0.062991
73.543690	0.061466
74.554200	0.060315
75.545850	0.058472
76.509260	0.057504
77.488080	0.056231
78.463120	0.055782
79.441480	0.055502
80.458130	0.055308
81.470400	0.055732
82.499630	0.056353
83.518360	0.057646
84.524430	0.059346
85.542310	0.062273
86.514780	0.064668
87.517970	0.066501
88.514670	0.066579
89.487890	0.065349
90.503230	0.064892
91.515270	0.064055
92.519410	0.063930
93.530240	0.064066
94.523380	0.063656
95.500120	0.064260
96.476060	0.065836
97.470300	0.068060
98.493230	0.070513
99.505680	0.071445
100.541600	0.071315
101.557100	0.070573
102.548100	0.068848
103.546600	0.068248
104.541300	0.068488
105.521700	0.068371
106.508900	0.069147
107.492200	0.069521
108.466300	0.070003
109.468600	0.071346
110.444800	0.072394
111.477200	0.073440
112.479300	0.073277
113.479200	0.072893
114.512400	0.073200
115.470600	0.072930
116.459100	0.074189
117.471900	0.075986
118.438100	0.076585
119.452900	0.078288
120.471400	0.080495
121.451900	0.082043
122.470600	0.083587
123.468000	0.084491
124.464800	0.084446
125.468500	0.084054
126.459700	0.084422
127.453600	0.085450
128.443100	0.086418
129.432200	0.088131
130.443500	0.090900
131.423200	0.092853
132.433000	0.094730
133.435700	0.096339
134.420100	0.095683
135.444300	0.097069
136.429500	0.097784
137.439600	0.098844
138.441900	0.101299
139.434800	0.102367
140.443000	0.105219
141.421500	0.107307
142.438500	0.110047
143.464200	0.113005
144.471300	0.114524
145.470800	0.116179
146.472900	0.118546
147.459400	0.120493
148.450600	0.122678
149.482100	0.125157
150.477600	0.125845
151.483500	0.126667
152.491300	0.127828
153.480500	0.129255
154.482200	0.131662
155.475000	0.134417
156.478100	0.137215
157.473200	0.140172
158.443300	0.143647
159.434900	0.147957
160.413400	0.151649
161.404900	0.154732
162.431000	0.157759
163.437600	0.159219
164.456400	0.162304
165.452700	0.165501
166.440600	0.168646
167.437300	0.173180
168.424300	0.176935
169.417600	0.181469
170.429500	0.186812
171.441200	0.191580
172.435800	0.195962
173.447400	0.200299
174.442100	0.204099
175.438700	0.208399
176.449200	0.213194
177.437600	0.218218
178.440600	0.223303
179.422400	0.227558
180.417800	0.233709
181.414700	0.239561
182.408300	0.244569
183.419600	0.250437
184.408300	0.255082
185.417400	0.259608
186.423600	0.266301
187.426300	0.273267
188.446800	0.280088
189.437300	0.287968
190.435100	0.294906
191.434100	0.302574
192.407100	0.309784
193.420200	0.317236
194.421700	0.325767
195.419000	0.331316
196.443900	0.339199
197.451900	0.347290
198.437800	0.354205
199.449300	0.363728
200.461900	0.373416
201.461200	0.381385
202.463500	0.390562
203.459700	0.398857
204.461000	0.406546
205.466900	0.414552
206.453900	0.422342
207.424400	0.432370
208.388600	0.441458
209.379100	0.452735
210.392100	0.465890
211.404600	0.476747
212.403500	0.488909
213.409400	0.500725
214.418300	0.510426
215.417100	0.520261
216.424200	0.530332
217.405200	0.539998
218.373400	0.551566
219.356900	0.564513
220.358500	0.579118
221.376200	0.593519
222.397200	0.606827
223.414300	0.621269
224.398100	0.633041
225.377500	0.645104
226.383500	0.659831
227.392800	0.671558
228.402700	0.684296
229.401700	0.698534
230.389000	0.712142
231.383900	0.728036
232.402600	0.744895
233.405800	0.760786
234.406300	0.776287
235.403100	0.790249
236.369900	0.805600
237.373000	0.821411
238.353100	0.836854
239.339800	0.855521
240.345400	0.872330
241.334400	0.889755
242.353400	0.908302
243.343700	0.924098
244.338900	0.941046
245.347000	0.957326
246.349500	0.973604
247.346900	0.991916
248.355000	1.010265
249.340700	1.028402
250.341000	1.048245
251.374400	1.066695
252.375200	1.085209
253.391900	1.103432
254.399200	1.119165
255.383400	1.135090
256.359000	1.150259
257.341200	1.168092
258.327600	1.187938
259.322200	1.207232
260.345300	1.228712
261.370100	1.248740
262.364600	1.265259
263.360800	1.284628
264.364700	1.302854
265.339600	1.318566
266.336300	1.337257
267.322800	1.353206
268.290100	1.369045
269.267400	1.385565
270.262200	1.402801
271.274500	1.421649
272.298100	1.439136
273.297700	1.456924
274.300400	1.474864
275.297900	1.489169
276.284100	1.505497
277.317100	1.524039
278.318200	1.537730
279.322100	1.554412
280.341000	1.570696
281.329700	1.584579
282.319100	1.599913
283.321700	1.615131
284.306800	1.628179
285.284200	1.640612
286.286100	1.652719
287.278300	1.664711
288.267200	1.676065
289.276500	1.688707
290.293100	1.705894
291.296400	1.719072
292.317700	1.731129
293.343600	1.742892
294.332000	1.749033
295.320100	1.756480
296.312600	1.765676
297.316600	1.773490
298.321500	1.781075
299.318500	1.788625
300.323400	1.796098
301.310000	1.802630
302.324800	1.809079
303.355700	1.817101
304.369300	1.820985
305.370200	1.823552
306.356500	1.826955
307.329600	1.826947
308.327800	1.829312
309.329600	1.834803
310.335400	1.836543
311.356700	1.840599
312.337700	1.842390
313.342300	1.841556
314.340000	1.842587
315.316900	1.840642
316.327000	1.840799
317.316200	1.839692
318.295200	1.837608
319.306100	1.836550
320.281200	1.834815
321.271200	1.833541
322.295500	1.832653
323.303200	1.829140
324.314900	1.824738
325.318200	1.819494
326.301200	1.812668
327.281500	1.809353
328.278600	1.805636
329.279300	1.801856
330.288800	1.799287
331.294800	1.794210
332.313900	1.788856
333.329000	1.783257
334.330700	1.776610
335.333200	1.770460
336.317800	1.762945
337.276600	1.756100
338.261800	1.749758
339.246700	1.742632
340.232500	1.738012
341.271500	1.733427
342.266800	1.726961
343.272300	1.721215
344.298000	1.713391
345.268300	1.704559
346.266500	1.697713
347.270300	1.690865
348.259300	1.684033
349.271600	1.677428
350.278800	1.670141
351.286700	1.662801
352.288000	1.655223
353.294500	1.648503
354.328200	1.642639
355.332200	1.634253
356.323900	1.626869
357.329600	1.619634
358.303500	1.611194
359.287700	1.606587
360.284400	1.601457
361.272600	1.595621
362.265200	1.589437
363.278300	1.582630
364.281000	1.575761
365.276900	1.568153
366.273400	1.561507
367.272500	1.555554
368.278800	1.548591
369.290400	1.543112
370.312700	1.537815
371.298200	1.530403
372.294800	1.524665
373.306900	1.518918
374.291700	1.511560
375.271400	1.505782
376.262100	1.499938
377.237700	1.494181
378.238700	1.489677
379.267800	1.486109
380.291400	1.482773
381.303900	1.478377
382.307500	1.473229
383.316600	1.468084
384.305900	1.462327
385.277900	1.457761
386.260900	1.454873
387.224500	1.450406
388.207600	1.446464
389.229000	1.442562
390.237500	1.438596
391.249000	1.435837
392.267400	1.432830
393.271500	1.429265
394.283200	1.425147
395.294300	1.421181
396.280100	1.417955
397.288300	1.415702
398.282400	1.412829
399.291900	1.410209
400.318800	1.406574
401.305700	1.402514
402.301100	1.399483
403.310300	1.395896
404.310200	1.393021
405.324900	1.390049
406.323200	1.386694
407.329000	1.385040
408.323400	1.383892
409.297700	1.383336
410.305300	1.382953
411.292100	1.380449
412.286300	1.377154
413.300300	1.373365
414.296500	1.369642
415.289500	1.366681
416.285100	1.364085
417.262400	1.362252
418.263600	1.361316
419.264100	1.360179
420.262100	1.360185
421.262400	1.359805
422.239400	1.357769
423.218900	1.356836
424.208700	1.352643
425.217700	1.350055
426.232900	1.347769
427.241000	1.345992
428.220900	1.345387
429.218000	1.344111
430.202300	1.343749
431.214700	1.342542
432.233300	1.343218
433.225600	1.343495
434.236200	1.342715
435.199600	1.342430
436.176400	1.341397
437.182200	1.339596
438.152400	1.337834
439.145800	1.336078
440.160700	1.334636
441.143100	1.333385
442.151900	1.333058
443.173500	1.334128
444.196400	1.334111
445.225200	1.334162
446.258700	1.334376
447.269100	1.333073
448.259100	1.331573
449.230700	1.330341
450.231000	1.329443
451.217000	1.327554
452.206000	1.327002
453.219200	1.326720
454.206500	1.325949
455.214500	1.325184
456.215600	1.325080
457.221200	1.325014
458.223600	1.325081
459.225100	1.326235
460.227200	1.326023
461.227800	1.324799
462.224400	1.323574
463.235600	1.322480
464.233800	1.321866
465.212800	1.321947
466.188200	1.322322
467.156600	1.321690
468.140800	1.321356
469.170700	1.322114
470.184400	1.322369
471.183600	1.322398
472.191300	1.322423
473.168600	1.321514
474.170000	1.320733
475.191800	1.321254
476.205400	1.321509
477.196900	1.321858
478.183600	1.322182
479.174000	1.322818
480.165600	1.323767
481.173200	1.325598
482.204400	1.327523
483.217800	1.328385
484.233500	1.328930
485.241300	1.328630
486.208900	1.327980
487.185500	1.327229
488.166700	1.326695
489.144800	1.325812
490.153800	1.325880
491.141900	1.326182
492.137300	1.327081
493.141100	1.329201
494.143700	1.330537
495.167300	1.332544
496.179500	1.333656
497.193100	1.333714
498.202700	1.333815
499.178500	1.332426
500.161900	1.331651
501.173800	1.331164
502.167100	1.330659
503.180200	1.331727
504.215500	1.333072
505.188600	1.333838
506.173300	1.335268
507.190900	1.337418
508.183100	1.339637
509.200000	1.342542
510.209100	1.344307
511.212900	1.344996
512.200700	1.344301
513.201700	1.343493
514.195100	1.343810
515.187600	1.343076
516.184800	1.343294
517.170300	1.343541
518.151800	1.343050
519.121200	1.343556
520.123700	1.344363
521.135800	1.344694
522.158400	1.345212
523.175000	1.345621
524.148700	1.346082
525.128100	1.346795
526.122100	1.348294
527.118500	1.350581
528.130000	1.351288
529.124400	1.352034
530.125000	1.353388
531.146000	1.352733
532.159900	1.353054
533.191500	1.353841
534.215800	1.352102
535.188400	1.352446
536.170800	1.353486
537.141700	1.354706
538.101700	1.357921
539.088700	1.360578
540.087900	1.363935
541.093600	1.366477
542.114300	1.369073
543.137900	1.372030
544.137200	1.373685
545.135800	1.375562
546.137100	1.377749
547.122100	1.377891
548.128500	1.377846
549.140600	1.377744
550.121200	1.375982
551.122900	1.375306
552.125200	1.374815
553.125700	1.374027
554.136100	1.373706
555.121800	1.372299
556.117900	1.371610
557.120600	1.372115
558.138800	1.373169
559.179200	1.376856
560.177600	1.380019
561.183700	1.384217
562.168700	1.388943
563.132000	1.392012
564.139400	1.394250
565.127100	1.393427
566.115800	1.388656
567.129000	1.383676
568.117600	1.380535
569.111300	1.379571
570.124200	1.383804
571.139200	1.389705
572.146900	1.395628
573.153500	1.400968
574.137600	1.404841
575.126000	1.407805
576.110600	1.411563
577.085700	1.417002
578.091200	1.422312
579.076200	1.425797
580.063200	1.427972
581.078900	1.427172
582.075200	1.424242
583.095600	1.423145
584.136000	1.420429
585.135600	1.416605
586.135300	1.414889
587.121600	1.413806
588.072100	1.414516
589.063700	1.418115
590.052200	1.422449
591.041000	1.426470
592.062100	1.428474
593.075400	1.428981
594.086700	1.429079
595.088400	1.426136
596.073100	1.424053
597.094100	1.422228
598.093100	1.417751
598.650000	1.392287
598.713900	1.360468
598.219600	1.323755
597.275800	1.285861
596.263200	1.267577
595.267900	1.254114
594.275500	1.243289
593.252600	1.232229
592.252100	1.222775
591.228900	1.213051
590.223600	1.204185
589.226700	1.197521
588.251200	1.190617
587.294500	1.182780
586.314000	1.173140
585.311600	1.160745
584.286800	1.148636
583.255200	1.136650
582.238100	1.125993
581.238300	1.117108
580.249300	1.107414
579.250400	1.099002
578.270500	1.090793
577.272500	1.082232
576.286600	1.075326
575.299200	1.068175
574.285100	1.060435
573.293300	1.054713
572.264700	1.049859
571.224700	1.046516
570.223900	1.047601
569.228400	1.051193
568.258400	1.054908
567.282700	1.056913
566.288700	1.055697
565.304700	1.050258
564.293800	1.041616
563.308300	1.033478
562.318700	1.025329
561.313700	1.016418
560.301500	1.010467
559.297800	1.004990
558.289700	0.999718
557.262100	0.997509
556.264600	0.995675
555.264000	0.995069
554.257800	0.994448
553.248300	0.993967
552.249200	0.994142
551.262100	0.993855
550.260500	0.995097
549.301100	0.996595
548.311000	0.996418
547.291100	0.996513
546.295500	0.996337
545.279800	0.994459
544.273600	0.994129
543.273200	0.994044
542.269700	0.994310
541.269000	0.996216
540.262700	0.997748
539.262300	0.999073
538.293600	0.998198
537.316300	0.993638
536.335700	0.986791
535.356700	0.976316
534.323500	0.964783
533.306200	0.957582
532.294900	0.954157
531.278900	0.954350
530.279000	0.957011
529.283900	0.957989
528.267900	0.956507
527.294800	0.954682
526.304000	0.953113
525.313600	0.952305
524.333100	0.952180
523.335000	0.952127
522.338600	0.952481
521.303500	0.952088
520.316700	0.952441
519.306600	0.952820
518.322500	0.952937
517.362500	0.953496
516.364200	0.952876
515.361700	0.952263
514.361400	0.951617
513.353300	0.950754
512.354100	0.950874
511.375900	0.950771
510.384500	0.949750
509.396700	0.948299
508.388000	0.946108
507.365300	0.944223
506.342600	0.943152
505.326700	0.942216
504.326100	0.941490
503.335900	0.939896
502.313900	0.938951
501.309100	0.938723
500.303700	0.938021
499.295000	0.938863
498.327800	0.938569
497.325900	0.936888
496.328400	0.936394
495.331100	0.934642
494.317300	0.933657
493.329400	0.934232
492.317900	0.934400
491.294600	0.934618
490.296100	0.934283
489.285000	0.933436
488.312600	0.932264
487.339200	0.931019
486.338300	0.930592
485.345500	0.930150
484.334300	0.928825
483.314600	0.928119
482.308400	0.927020
481.303100	0.925751
480.294100	0.925497
479.318300	0.926007
478.327300	0.925557
477.339100	0.925691
476.347200	0.925596
475.349000	0.924649
474.348500	0.924808
473.336700	0.924530
472.345600	0.924676
471.318100	0.924003
470.303800	0.922917
469.302400	0.922737
468.284400	0.921350
467.303900	0.920477
466.335500	0.921010
465.344600	0.919703
464.349800	0.918209
463.345400	0.917480
462.343600	0.915966
461.355800	0.915283
460.385000	0.916533
459.391000	0.915972
458.396400	0.916333
457.371800	0.915847
456.348100	0.915342
455.348000	0.914810
454.342200	0.913638
453.369900	0.913583
452.379600	0.913225
451.361100	0.913821
450.343300	0.913823
449.318800	0.913355
448.312500	0.912929
447.338300	0.912980
446.348900	0.912290
445.366500	0.911845
444.381600	0.911991
443.370500	0.911796
442.371300	0.911925
441.365000	0.912146
440.341900	0.911162
439.359700	0.910030
438.366200	0.910019
437.368800	0.909581
436.379500	0.909225
435.389000	0.909074
434.410700	0.908439
433.416700	0.907014
432.425400	0.905792
431.418500	0.904806
430.400800	0.903613
429.396800	0.902794
428.396100	0.902162
427.392100	0.901614
426.366500	0.900731
425.350400	0.900456
424.350600	0.901095
423.360400	0.899923
422.394900	0.900051
421.418200	0.899699
420.444200	0.898167
419.429200	0.898205
418.422100	0.897561
417.404800	0.897051
416.381200	0.896403
415.381200	0.895765
414.385500	0.894990
413.407800	0.894167
412.424400	0.893685
411.443000	0.893372
410.448200	0.892478
409.473100	0.891305
408.481600	0.890700
407.480800	0.889263
406.458400	0.887734
405.430600	0.888062
404.414500	0.887531
403.419900	0.886992
402.449700	0.886228
401.452400	0.884079
400.445300	0.881918
399.421900	0.879686
398.396200	0.878582
397.387800	0.877619
396.394700	0.876165
395.401400	0.875470
394.420100	0.874466
393.425900	0.872717
392.424900	0.872286
391.395300	0.871036
390.380900	0.869439
389.383200	0.868716
388.376500	0.867101
387.389900	0.866155
386.399500	0.865684
385.382800	0.864953
384.392700	0.864394
383.429900	0.863136
382.449300	0.860753
381.475700	0.858335
380.470600	0.855398
379.433700	0.852600
378.397100	0.850713
377.380600	0.848356
376.360000	0.846917
375.398600	0.845324
374.405000	0.844083
373.438000	0.843232
372.463700	0.841731
371.448000	0.841324
370.481000	0.840117
369.455300	0.837218
368.440100	0.834595
367.432600	0.831708
366.407500	0.828931
365.426800	0.827728
364.442900	0.826280
363.432900	0.823581
362.441000	0.819794
361.420100	0.815849
360.421600	0.812247
359.447000	0.808304
358.437600	0.805511
357.447900	0.803666
356.442100	0.799746
355.426200	0.796976
354.429900	0.794907
353.428700	0.791221
352.438800	0.788901
351.466200	0.786785
350.455300	0.782881
349.450700	0.779547
348.445700	0.776573
347.423800	0.773592
346.433100	0.771147
345.452000	0.768439
344.457100	0.765016
343.456100	0.760063
342.461800	0.755253
341.449300	0.751267
340.439500	0.746420
339.447100	0.741822
338.425500	0.737775
337.405600	0.732508
336.405600	0.728231
335.393400	0.725522
334.420000	0.722461
333.444800	0.720169
332.459700	0.717367
331.503900	0.713277
330.515000	0.707283
329.506300	0.699583
328.486800	0.692208
327.453700	0.683557
326.424100	0.675459
325.430700	0.668250
324.432300	0.659242
323.423600	0.651189
322.429700	0.642987
321.428600	0.634404
320.438300	0.627300
319.460400	0.618745
318.465100	0.609567
317.447400	0.601526
316.441900	0.591968
315.417800	0.585126
314.425200	0.579004
313.455400	0.572890
312.475300	0.568580
311.497800	0.561974
310.501400	0.555390
309.506700	0.549609
308.480400	0.541432
307.471300	0.534449
306.466200	0.527152
305.460100	0.515552
304.467300	0.505878
303.448500	0.494714
302.440900	0.482103
301.426100	0.471399
300.413200	0.458927
299.441600	0.445775
298.442000	0.431543
297.423800	0.416657
296.427700	0.404447
295.409900	0.394818
294.406700	0.389817
293.445200	0.386460
292.463500	0.379559
291.473900	0.372094
290.479600	0.362931
289.449100	0.352486
288.432300	0.344809
287.428000	0.337742
286.429900	0.330968
285.440100	0.327562
284.465600	0.325264
283.475500	0.321441
282.478800	0.314569
281.483400	0.304168
280.492800	0.290422
279.483500	0.272347
278.489800	0.255013
277.496200	0.238343
276.469300	0.217801
275.469500	0.202220
274.459700	0.187409
273.449100	0.169202
272.455000	0.157060
271.457600	0.147409
270.465600	0.139420
269.471400	0.134961
268.485300	0.130510
267.483900	0.123856
266.495100	0.116198
265.491900	0.109174
264.491400	0.102421
263.506700	0.093404
262.495500	0.083696
261.508100	0.075116
260.494500	0.064891
259.474700	0.056600
258.461700	0.051858
257.459000	0.046755
256.475200	0.044808
255.501200	0.044368
254.525500	0.041963
253.530700	0.037933
252.528700	0.031098
251.510700	0.023547
250.508700	0.016107
249.510000	0.009595
248.505400	0.006782
247.497300	0.003001
246.499700	-0.002021
245.496000	-0.006693
244.496300	-0.016086
243.515200	-0.025657
242.515900	-0.035808
241.514700	-0.049701
240.520000	-0.063987
239.507600	-0.079841
238.518300	-0.095099
237.508300	-0.104776
236.508500	-0.110573
235.513400	-0.113582
234.491100	-0.115812
233.507700	-0.119731
232.533500	-0.123164
231.547100	-0.126072
230.553700	-0.126703
229.569700	-0.127338
228.541800	-0.130105
227.540100	-0.132020
226.547000	-0.134587
225.527500	-0.136418
224.528400	-0.135852
223.534300	-0.135896
222.541900	-0.137304
221.543200	-0.138442
220.556100	-0.141659
219.545600	-0.144305
218.544000	-0.145027
217.530600	-0.146259
216.538600	-0.145913
215.544400	-0.147514
214.530100	-0.148941
213.560800	-0.150223
212.547200	-0.152746
211.549400	-0.153133
210.560800	-0.154135
209.562000	-0.157183
208.557000	-0.158992
207.570000	-0.160908
206.569400	-0.161726
205.561400	-0.159219
204.586100	-0.157224
203.601500	-0.156615
202.614600	-0.158086
201.615200	-0.161105
200.610900	-0.163541
199.588400	-0.165849
198.590100	-0.166713
197.611600	-0.166968
196.585900	-0.169284
195.559400	-0.171089
194.556200	-0.172174
193.521700	-0.173663
192.553200	-0.172367
191.615700	-0.170041
190.624900	-0.170638
189.636500	-0.171244
188.594700	-0.172750
187.550600	-0.174953
186.506700	-0.175763
185.489400	-0.175719
184.514700	-0.174256
183.512600	-0.173471
182.551400	-0.172608
181.579400	-0.172011
180.594500	-0.173944
179.610500	-0.174888
178.615300	-0.174815
177.624100	-0.176750
176.624700	-0.177984
175.638300	-0.179590
174.620200	-0.181202
173.624400	-0.181211
172.621800	-0.181246
171.592800	-0.181878
170.602600	-0.185117
169.578900	-0.193138
168.567300	-0.199886
167.557800	-0.208689
166.546500	-0.216438
165.561100	-0.215637
164.573300	-0.214195
163.590400	-0.210200
162.609900	-0.203863
161.601300	-0.202437
160.586900	-0.200648
159.594300	-0.196934
158.575500	-0.193911
157.563000	-0.188970
156.555200	-0.184841
155.551300	-0.181004
154.565000	-0.178352
153.572800	-0.175797
152.610500	-0.173076
151.607900	-0.173521
150.594500	-0.170248
149.605300	-0.168593
148.567900	-0.168602
147.564900	-0.166868
146.577700	-0.167824
145.551800	-0.169490
144.556300	-0.170201
143.555900	-0.171746
142.539000	-0.172153
141.561400	-0.171433
140.582100	-0.170978
139.604900	-0.169621
138.610700	-0.169930
137.597800	-0.169577
136.583500	-0.168850
135.576500	-0.168385
134.578200	-0.166992
133.594300	-0.165485
132.612000	-0.164784
131.595200	-0.163877
130.597100	-0.164005
129.607100	-0.165044
128.606600	-0.164642
127.619900	-0.164749
126.622500	-0.164885
125.609000	-0.164388
124.613300	-0.165213
123.631400	-0.165290
122.625400	-0.164878
121.645800	-0.164683
120.619200	-0.163639
119.609500	-0.163403
118.612300	-0.163204
117.593600	-0.161626
116.599200	-0.161476
115.606100	-0.160035
114.639700	-0.158013
113.662500	-0.157468
112.681200	-0.156248
111.685100	-0.155527
110.666800	-0.155795
109.666100	-0.155153
108.654300	-0.153294
107.648600	-0.152070
106.642500	-0.150772
105.612800	-0.150169
104.628400	-0.150371
103.631800	-0.151105
102.655400	-0.151627
101.701200	-0.151671
100.707000	-0.152538
99.705260	-0.152201
98.691220	-0.151779
97.651710	-0.151690
96.631610	-0.150197
95.612840	-0.149078
94.620160	-0.148048
93.646970	-0.147409
92.641760	-0.147014
91.661770	-0.146816
90.658890	-0.146210
89.644350	-0.145457
88.668530	-0.144772
87.646770	-0.144369
86.636520	-0.144370
85.634660	-0.144377
84.618250	-0.145065
83.631810	-0.145464
82.635000	-0.145764
81.655130	-0.146098
80.671970	-0.146243
79.672020	-0.146435
78.688190	-0.146570
77.667280	-0.146313
76.649220	-0.145380
75.656090	-0.144053
74.655180	-0.142824
73.650830	-0.142007
72.662250	-0.141808
71.662160	-0.142225
70.641200	-0.142651
69.649280	-0.142647
68.644730	-0.142769
67.635540	-0.142469
66.649210	-0.142399
65.647310	-0.142775
64.650610	-0.142557
63.670260	-0.142542
62.677270	-0.142563
61.687320	-0.142193
60.694420	-0.142521
59.685640	-0.142244
58.667610	-0.141768
57.654470	-0.141525
56.655590	-0.140924
55.648930	-0.141068
54.664740	-0.140847
53.693340	-0.140579
52.692100	-0.141409
51.720790	-0.141420
50.751110	-0.141939
49.758900	-0.143040
48.762400	-0.142335
47.725830	-0.142224
46.686160	-0.142225
45.671620	-0.141729
44.666460	-0.140984
43.693720	-0.139938
42.703620	-0.138716
41.685130	-0.137425
40.689670	-0.136431
39.675740	-0.136368
38.675560	-0.136219
37.699300	-0.135441
36.701510	-0.135504
35.703080	-0.134877
34.695730	-0.134525
33.685820	-0.135720
32.696870	-0.136728
31.702050	-0.137453
30.726410	-0.138320
29.723150	-0.138187
28.714600	-0.137724
27.718350	-0.136824
26.697300	-0.135729
25.701360	-0.134598
24.719900	-0.132981
23.728370	-0.132337
22.745770	-0.131321
21.748410	-0.130394
20.731410	-0.130525
19.726320	-0.130309
18.721690	-0.129588
17.717210	-0.129241
16.725280	-0.129004
15.728290	-0.128332
14.727460	-0.128981
13.759260	-0.129588
12.767900	-0.129868
11.759360	-0.130487
10.771320	-0.130787
9.739153	-0.131277
8.711465	-0.130999
7.709500	-0.131647
6.708840	-0.131171
5.713842	-0.130175
4.726539	-0.130463
3.733077	-0.129239
2.743957	-0.129167
1.757661	-0.127449
0.770242	-0.126421
-0.203738	-0.125242
-1.170238	-0.122338
-2.133800	-0.122240
-3.096074	-0.120723
-4.090080	-0.119734
-5.102810	-0.120206
-6.102182	-0.119146
-7.100515	-0.117574
-8.098154	-0.116802
-9.104576	-0.115878
-10.110300	-0.114743
-11.118840	-0.116232
-12.108510	-0.116966
-13.090020	-0.117862
-14.091530	-0.119466
-15.083440	-0.118733
-16.087870	-0.118019
-17.090770	-0.117762
-18.108620	-0.116820
-19.106640	-0.115570
-20.100370	-0.113873
-21.104410	-0.112024
-22.110770	-0.110707
-23.139830	-0.110364
-24.140740	-0.112536
-25.149700	-0.116039
-26.108030	-0.121350
-27.114150	-0.129370
-28.121990	-0.132490
-29.111910	-0.132722
-30.118630	-0.131072
-31.087930	-0.126591
-32.086880	-0.124564
-33.083590	-0.124375
-34.089470	-0.124063
-35.102430	-0.123980
-36.108790	-0.124097
-37.110550	-0.123431
-38.111330	-0.122886
-39.092890	-0.121579
-40.101270	-0.121066
-41.117390	-0.121380
-42.129970	-0.121397
-43.127030	-0.121901
-44.112750	-0.121029
-45.088910	-0.119388
-46.069020	-0.117913
-47.085060	-0.115660
-48.069410	-0.113584
-49.082290	-0.111305
-50.075240	-0.107863
-51.065660	-0.105249
-52.052240	-0.102224
-53.052690	-0.097766
-54.067730	-0.094129
-55.084550	-0.091990
-56.100780	-0.092459
-57.100150	-0.097464
-58.090250	-0.105418
-59.076730	-0.114325
-60.080890	-0.122514
-61.078670	-0.128748
-62.095300	-0.132487
-63.087130	-0.133252
-64.073400	-0.132373
-65.075270	-0.131052
-66.058430	-0.129495
-67.074450	-0.128213
-68.088170	-0.127671
-69.087650	-0.126851
-70.095660	-0.125966
-71.060520	-0.124407
-72.072450	-0.123424
-73.073390	-0.121106
-74.065320	-0.118917
-75.090150	-0.117744
-76.065410	-0.115437
-77.055180	-0.114276
-78.059670	-0.114247
-79.049550	-0.113989
-80.054380	-0.114430
-81.054280	-0.115194
-82.045360	-0.114588
-83.060930	-0.113981
-84.063610	-0.113078
-85.088000	-0.112750
-86.110550	-0.112777
-87.112230	-0.112477
-88.119400	-0.112782
-89.101910	-0.111877
-90.083760	-0.110490
-91.067620	-0.109748
-92.049250	-0.108717
-93.035360	-0.108379
-94.028890	-0.108657
-95.037870	-0.108955
-96.042730	-0.109183
-97.046820	-0.109285
-98.058580	-0.109450
-99.049650	-0.109596
-100.043800	-0.109873
-101.026600	-0.110217
-101.985300	-0.110241
-102.979900	-0.109899
-103.971900	-0.109647
-104.979600	-0.109661
-106.004700	-0.109556
-107.017600	-0.109273
-108.042700	-0.108891
-109.043900	-0.107262
-110.059800	-0.106084
-111.047300	-0.105592
-112.045100	-0.105306
-113.056200	-0.105766
-114.054900	-0.106165
-115.075200	-0.106289
-116.063300	-0.106033
-117.072400	-0.106534
-118.075200	-0.106770
-119.080900	-0.107005
-120.088600	-0.107096
-121.080800	-0.106694
-122.081700	-0.106476
-123.060700	-0.106228
-124.065700	-0.106344
-125.085300	-0.106265
-126.082100	-0.106544
-127.097800	-0.106214
-128.082100	-0.105639
-129.047400	-0.104934
-130.037300	-0.103889
-131.025700	-0.104102
-132.030500	-0.104678
-133.045700	-0.105846
-134.047500	-0.106725
-135.043000	-0.107208
-136.045800	-0.107403
-137.047700	-0.107164
-138.037100	-0.107309
-139.059600	-0.107496
-140.053400	-0.107147
-141.032500	-0.106202
-142.050300	-0.105975
-143.023400	-0.105009
-144.026300	-0.105297
-145.057800	-0.105482
-146.066700	-0.104904
-147.087100	-0.105100
-148.074800	-0.104390
-149.068300	-0.104933
-150.061400	-0.105630
-151.023700	-0.105382
-152.024200	-0.105643
-152.988000	-0.105654
-153.979700	-0.105224
-155.011500	-0.105706
-156.023900	-0.105555
-157.038000	-0.104744
-158.048000	-0.105545
-159.049900	-0.105291
-160.048300	-0.105049
-161.050900	-0.104148
-162.036400	-0.103183
-163.021900	-0.102556
-164.027500	-0.103595
-165.033200	-0.104769
-166.035700	-0.104424
-167.021300	-0.104337
-168.003700	-0.103464
-169.016200	-0.103743
-170.030000	-0.103724
-171.054700	-0.105518
-172.071900	-0.106218
-173.050100	-0.106609
-174.040500	-0.107752
-175.027300	-0.107330
-176.028900	-0.107828
-177.035900	-0.107813
-178.017200	-0.107684
-179.041000	-0.107471
-180.023700	-0.106587
-181.016600	-0.106247
-182.016200	-0.106047
-182.967000	-0.105271
-183.969700	-0.104821
-184.962000	-0.104482
-185.972200	-0.103073
-186.999900	-0.102947
-188.003800	-0.102361
-189.000200	-0.102080
-189.997700	-0.102905
-190.977600	-0.103222
-191.965800	-0.104122
-192.955000	-0.104643
-193.928900	-0.105006
-194.930400	-0.105458
-195.931200	-0.106012
-196.947900	-0.106701
