Potencial	Intensidad
mv	uA
-197.570200	-0.144084
-198.335200	-0.131981
-198.592900	-0.116387
-198.368900	-0.101380
-197.670200	-0.084428
-196.692000	-0.078444
-195.671200	-0.073934
-194.650300	-0.070507
-193.650500	-0.068288
-192.632900	-0.064388
-191.650500	-0.062364
-190.672200	-0.060520
-189.655900	-0.057152
-188.657500	-0.054755
-187.659600	-0.050970
-186.656200	-0.046932
-185.671300	-0.045946
-184.684300	-0.045107
-183.684400	-0.044697
-182.667100	-0.044036
-181.659000	-0.042181
-180.642700	-0.040334
-179.639300	-0.038425
-178.647700	-0.036668
-177.678900	-0.034657
-176.666600	-0.032358
-175.679400	-0.030424
-174.694200	-0.029035
-173.678000	-0.028370
-172.687100	-0.029093
-171.674900	-0.029030
-170.654800	-0.028501
-169.651200	-0.028256
-168.659300	-0.026755
-167.675900	-0.025735
-166.710900	-0.024878
-165.729400	-0.023739
-164.743700	-0.022478
-163.716700	-0.021546
-162.698400	-0.020814
-161.680400	-0.020047
-160.664900	-0.019778
-159.669100	-0.019340
-158.687300	-0.018697
-157.675200	-0.017173
-156.681300	-0.016602
-155.693100	-0.016195
-154.674600	-0.014989
-153.693300	-0.014855
-152.680400	-0.013894
-151.673600	-0.012866
-150.680000	-0.012773
-149.683600	-0.013422
-148.707700	-0.012911
-147.712500	-0.012691
-146.716800	-0.012197
-145.709800	-0.010696
-144.710300	-0.009943
-143.728700	-0.009451
-142.743500	-0.008673
-141.741400	-0.007534
-140.732800	-0.007291
-139.727200	-0.006453
-138.706300	-0.004892
-137.714400	-0.003693
-136.720400	-0.002866
-135.722400	-0.002372
-134.738500	-0.003141
-133.729100	-0.003527
-132.707600	-0.003363
-131.694800	-0.002784
-130.691800	-0.002309
-129.693400	-0.002426
-128.714100	-0.002157
-127.735000	-0.001506
-126.737300	-0.000363
-125.752900	0.001637
-124.758700	0.002590
-123.753100	0.002690
-122.753500	0.002319
-121.734900	0.001239
-120.725900	0.000780
-119.707600	0.000541
-118.680700	0.001222
-117.703500	0.002032
-116.713000	0.002964
-115.749000	0.004103
-114.772600	0.005263
-113.754400	0.005737
-112.733800	0.006862
-111.707200	0.007231
-110.695400	0.006606
-109.697600	0.005906
-108.704600	0.003921
-107.693900	0.003296
-106.711800	0.003001
-105.704500	0.002931
-104.704200	0.004103
-103.717900	0.004926
-102.702100	0.005387
-101.702600	0.006491
-100.702300	0.007015
-99.695990	0.006672
-98.713730	0.007005
-97.719990	0.007002
-96.742260	0.007017
-95.750210	0.007209
-94.721690	0.007606
-93.739540	0.008630
-92.702670	0.009735
-91.712420	0.011103
-90.717720	0.011517
-89.701320	0.010715
-88.748460	0.011281
-87.742250	0.012676
-86.738140	0.014018
-85.742490	0.015999
-84.711830	0.016276
-83.699590	0.015408
-82.703990	0.015309
-81.695850	0.014595
-80.688060	0.014585
-79.701340	0.013992
-78.734200	0.013038
-77.739210	0.014123
-76.745850	0.014914
-75.753530	0.017542
-74.724590	0.020310
-73.718030	0.020668
-72.729900	0.020651
-71.719150	0.019775
-70.736610	0.018589
-69.772320	0.018054
-68.775180	0.018066
-67.783730	0.018776
-66.772890	0.020024
-65.761380	0.021634
-64.764020	0.023819
-63.751350	0.024940
-62.753430	0.025476
-61.738360	0.025925
-60.711910	0.024221
-59.709910	0.022869
-58.709900	0.022753
-57.717770	0.022712
-56.734170	0.024660
-55.751040	0.026770
-54.755040	0.028825
-53.737430	0.031171
-52.743820	0.032353
-51.735800	0.032140
-50.739620	0.031901
-49.756920	0.031067
-48.763240	0.031461
-47.759990	0.033439
-46.749980	0.034002
-45.734000	0.034905
-44.721170	0.034395
-43.715920	0.034273
-42.710510	0.035499
-41.719470	0.034842
-40.719600	0.035383
-39.730900	0.036156
-38.742450	0.035287
-37.762860	0.037053
-36.766060	0.037718
-35.779420	0.038520
-34.761010	0.039519
-33.734840	0.039463
-32.720910	0.040059
-31.717740	0.038854
-30.717800	0.038422
-29.720500	0.038807
-28.729280	0.038641
-27.719240	0.039744
-26.738360	0.041176
-25.756590	0.042486
-24.772140	0.044536
-23.768340	0.044656
-22.740840	0.043393
-21.728540	0.041919
-20.718500	0.040624
-19.716730	0.040584
-18.755040	0.041266
-17.753680	0.042405
-16.751830	0.043181
-15.748740	0.043762
-14.741660	0.045998
-13.736910	0.047555
-12.737500	0.048393
-11.755250	0.049671
-10.748370	0.049555
-9.753468	0.048682
-8.761871	0.049275
-7.744156	0.049647
-6.752923	0.049375
-5.750462	0.050826
-4.730996	0.051545
-3.735950	0.052398
-2.749059	0.053375
-1.794578	0.053359
-0.843383	0.053263
0.138258	0.052625
1.113872	0.052834
2.112320	0.052997
3.107350	0.052508
4.075205	0.053267
5.080719	0.053815
6.094588	0.054107
7.098055	0.054874
8.100185	0.055464
9.102777	0.056122
10.091910	0.056658
11.094920	0.057874
12.099330	0.059087
13.106290	0.059478
14.101970	0.060308
15.096500	0.060425
16.092240	0.058954
17.070550	0.058067
18.079780	0.057205
19.067770	0.056632
20.052140	0.056631
21.060810	0.057156
22.052670	0.057765
23.066500	0.058907
24.087770	0.061080
25.082170	0.061927
26.067530	0.062111
27.056760	0.061217
28.057170	0.059679
29.069330	0.058920
30.077880	0.058371
31.059120	0.058314
32.027340	0.059318
33.008080	0.059860
33.991550	0.061387
35.022160	0.062610
36.038890	0.062704
37.055660	0.063025
38.054480	0.061632
39.025180	0.060874
40.047460	0.059665
41.031960	0.059177
42.039710	0.060441
43.039100	0.060602
44.015520	0.061575
45.029490	0.062408
46.035640	0.062617
47.045440	0.064004
48.059880	0.064517
49.056350	0.064545
50.064320	0.064445
51.081710	0.064483
52.057330	0.064836
53.049370	0.065146
54.035750	0.065348
55.022440	0.065736
56.040830	0.066097
57.044550	0.066501
58.044320	0.067341
59.031700	0.067380
60.016030	0.068452
61.010230	0.069452
61.996530	0.070177
62.999870	0.071113
64.005040	0.070621
64.993200	0.070248
66.009980	0.069900
67.019100	0.069045
68.011230	0.069196
69.022130	0.070222
70.011940	0.070757
70.989680	0.072331
71.982790	0.074018
72.990710	0.074958
74.002330	0.076813
75.002550	0.077410
76.004900	0.076866
76.996400	0.075307
77.970760	0.073633
78.987500	0.071978
79.984760	0.070819
80.963270	0.070791
81.981260	0.071346
82.961450	0.071660
83.950200	0.073001
84.954780	0.074965
85.964200	0.076091
86.987670	0.077672
87.997500	0.078630
89.025830	0.078744
89.999890	0.078594
90.991180	0.078838
91.999380	0.079448
92.978770	0.080126
93.985640	0.081399
94.994830	0.083078
95.987430	0.082717
97.005460	0.083898
98.039590	0.085309
99.030430	0.085606
100.042500	0.088208
101.028100	0.089676
101.985600	0.090485
102.981400	0.092181
103.971400	0.092467
104.956100	0.092933
105.958500	0.094510
106.956600	0.093722
107.963700	0.096301
108.965200	0.097441
109.949100	0.098079
110.947900	0.102303
111.948300	0.103794
112.942700	0.105700
113.967500	0.107727
114.965000	0.107302
115.961200	0.109292
116.977300	0.111616
117.963400	0.113618
118.960300	0.117102
119.959500	0.118128
120.936100	0.119079
121.941500	0.120940
122.953200	0.122520
123.963200	0.124955
124.995600	0.127626
125.992200	0.128559
126.994900	0.129861
127.975600	0.131074
128.961100	0.133004
129.963900	0.136000
130.950000	0.138453
131.946500	0.141057
132.938900	0.143574
133.908300	0.145710
134.916300	0.149847
135.921400	0.153102
136.925700	0.156294
137.975200	0.159674
138.970400	0.161294
139.959000	0.163205
140.944300	0.165364
141.917100	0.168076
142.901200	0.171190
143.907100	0.174413
144.923300	0.178662
145.949300	0.183568
146.964100	0.187554
147.977700	0.192583
148.997200	0.196361
149.979600	0.199465
150.978600	0.203539
151.971400	0.206660
152.954200	0.209595
153.956800	0.213095
154.952700	0.217657
155.946500	0.223162
156.937000	0.228954
157.938500	0.234649
158.942900	0.239705
159.948600	0.243947
160.936400	0.249182
161.931100	0.255700
162.936500	0.260470
163.929600	0.266111
164.930700	0.272218
165.936300	0.276601
166.921300	0.282742
167.926900	0.289529
168.930100	0.295692
169.907400	0.302231
170.887800	0.309180
171.880000	0.316806
172.884400	0.324930
173.907800	0.334280
174.942600	0.344516
175.956100	0.351758
176.965600	0.357946
177.961300	0.364989
178.961300	0.370829
179.949300	0.377969
180.944500	0.387081
181.906600	0.394511
182.883100	0.402560
183.880500	0.412393
184.877900	0.422984
185.907000	0.433443
186.919300	0.444379
187.920900	0.455223
188.918900	0.464042
189.920400	0.472161
190.900900	0.481408
191.901800	0.490541
192.880900	0.500650
193.889100	0.514796
194.904000	0.527956
195.911300	0.541441
196.943300	0.555262
197.948700	0.567588
198.971200	0.579681
199.972000	0.592112
200.978300	0.603932
201.981700	0.615507
202.979300	0.627071
203.973400	0.637754
204.965100	0.652141
205.936200	0.666045
206.929100	0.682337
207.913500	0.698713
208.899800	0.712250
209.932200	0.726886
210.908700	0.740036
211.905200	0.755054
212.912100	0.771583
213.887600	0.787722
214.903900	0.805187
215.901000	0.821451
216.886000	0.836934
217.891300	0.854006
218.877800	0.870109
219.894500	0.885218
220.889400	0.901385
221.866600	0.917515
222.868700	0.934997
223.859500	0.954646
224.889300	0.975470
225.903400	0.997126
226.918900	1.015543
227.949200	1.033670
228.941900	1.050682
229.938200	1.063844
230.918500	1.080956
231.868000	1.099952
232.845000	1.117982
233.822800	1.140311
234.816800	1.164267
235.821700	1.185785
236.811300	1.207677
237.815300	1.228749
238.829500	1.248109
239.850000	1.264959
240.859000	1.282733
241.871600	1.301987
242.871500	1.319066
243.855300	1.340774
244.864200	1.365721
245.864300	1.387406
246.854500	1.409503
247.855000	1.431445
248.851000	1.446088
249.860100	1.464114
250.848100	1.483342
251.863900	1.502826
252.858600	1.524001
253.845600	1.543610
254.855700	1.563413
255.845200	1.582491
256.851500	1.601338
257.846300	1.622663
258.847500	1.640209
259.849200	1.655065
260.851700	1.672234
261.845800	1.686157
262.824000	1.701564
263.816200	1.719988
264.812900	1.736737
265.847900	1.754745
266.861300	1.772314
267.859500	1.788542
268.845000	1.803662
269.818200	1.816530
270.818400	1.831757
271.825600	1.844523
272.832000	1.858677
273.830700	1.874504
274.831300	1.888653
275.832800	1.902326
276.835500	1.915886
277.835900	1.925872
278.857100	1.934229
279.848800	1.941214
280.843000	1.946234
281.834800	1.953721
282.811100	1.961064
283.803500	1.971463
284.811500	1.983141
285.812600	1.991946
286.826400	1.999934
287.837000	2.005642
288.822300	2.008228
289.834000	2.011963
290.833400	2.014076
291.823900	2.016586
292.816000	2.020734
293.796500	2.022690
294.787500	2.028279
295.801200	2.032957
296.829500	2.035459
297.823900	2.038217
298.824200	2.036895
299.825100	2.033872
300.818800	2.032120
301.829200	2.029835
302.828700	2.029612
303.839000	2.028584
304.850500	2.027027
305.871000	2.025307
306.874200	2.019899
307.874000	2.015411
308.884400	2.010520
309.884200	2.002565
310.874200	1.997561
311.857400	1.993611
312.826500	1.988007
313.805600	1.984947
314.813300	1.980896
315.838200	1.975489
316.848800	1.969298
317.849000	1.961731
318.849700	1.953165
319.820700	1.942579
320.798300	1.934028
321.788100	1.927448
322.783400	1.920255
323.777200	1.914889
324.810600	1.909156
325.827100	1.900193
326.829900	1.891477
327.830400	1.883255
328.824900	1.872985
329.824300	1.863258
330.814800	1.853406
331.803900	1.843974
332.774000	1.835281
333.768100	1.828053
334.751900	1.822679
335.772400	1.815223
336.778100	1.807191
337.764300	1.799205
338.776300	1.788120
339.759700	1.778434
340.757400	1.770731
341.762400	1.761667
342.751100	1.754399
343.759200	1.747346
344.767200	1.740035
345.779100	1.733496
346.801200	1.726005
347.803900	1.718247
348.813400	1.709429
349.795500	1.700053
350.782700	1.692888
351.798000	1.685428
352.789900	1.678587
353.817200	1.672909
354.842900	1.666435
355.835700	1.660049
356.843900	1.654240
357.840400	1.647838
358.823100	1.641170
359.821300	1.635185
360.810000	1.628883
361.791700	1.623039
362.776900	1.616561
363.753400	1.609951
364.751300	1.603843
365.770900	1.597547
366.790500	1.592157
367.809600	1.586519
368.810800	1.580411
369.801700	1.573842
370.781300	1.567547
371.773000	1.562651
372.765300	1.558560
373.760100	1.554822
374.771600	1.551095
375.772000	1.545901
376.758900	1.539440
377.761700	1.534241
378.773400	1.528314
379.789900	1.523418
380.816300	1.518842
381.803800	1.514136
382.792200	1.510088
383.756400	1.506720
384.719500	1.504337
385.732300	1.500866
386.730800	1.496865
387.763700	1.492269
388.798400	1.486305
389.782000	1.480918
390.767600	1.476897
391.743500	1.473179
392.744200	1.470302
393.772300	1.467757
394.778800	1.465905
395.795300	1.463356
396.792400	1.460621
397.790200	1.457484
398.799400	1.453628
399.810800	1.449662
400.810600	1.446187
401.805200	1.443022
402.791000	1.439738
403.774100	1.437237
404.784100	1.436931
405.803800	1.435718
406.817400	1.433940
407.827800	1.430942
408.823500	1.426148
409.786800	1.422507
410.789200	1.419313
411.778700	1.417086
412.763900	1.414194
413.775400	1.411588
414.745700	1.408564
415.740200	1.407553
416.736100	1.404673
417.740500	1.403447
418.762500	1.401617
419.761300	1.398598
420.759700	1.398166
421.750500	1.395283
422.729600	1.394474
423.708700	1.394724
424.722300	1.393587
425.734800	1.392676
426.747100	1.390308
427.778000	1.387054
428.761200	1.383959
429.740700	1.383294
430.742100	1.381887
431.727000	1.380497
432.727700	1.379940
433.727300	1.378639
434.717800	1.378866
435.727700	1.377767
436.730600	1.376947
437.727600	1.374402
438.730100	1.372032
439.731200	1.369942
440.727500	1.368085
441.721400	1.367347
442.721900	1.366538
443.707200	1.366677
444.710300	1.366236
445.710800	1.366607
446.699200	1.366028
447.706300	1.364716
448.688800	1.363884
449.708800	1.362252
450.727000	1.360100
451.713600	1.358034
452.726900	1.356246
453.696500	1.354538
454.695300	1.354665
455.704500	1.355114
456.713000	1.355275
457.720300	1.354960
458.730200	1.354082
459.727400	1.352467
460.725800	1.351518
461.733200	1.350395
462.703800	1.350258
463.699500	1.350484
464.696800	1.349934
465.700900	1.350492
466.715500	1.349679
467.704800	1.350325
468.706300	1.351207
469.713300	1.350668
470.695600	1.349882
471.686800	1.348455
472.675100	1.348258
473.635200	1.349255
474.638200	1.351153
475.650300	1.351563
476.642000	1.350347
477.681900	1.348267
478.682800	1.347118
479.705000	1.345748
480.709000	1.345010
481.686500	1.345736
482.697600	1.345077
483.677700	1.346644
484.684100	1.349421
485.690800	1.350433
486.672100	1.351532
487.679200	1.351996
488.676100	1.350545
489.673500	1.349486
490.669100	1.348514
491.664200	1.347937
492.655000	1.348207
493.656500	1.348878
494.673800	1.351072
495.682200	1.352892
496.704000	1.354261
497.701500	1.355483
498.703600	1.354728
499.695400	1.353738
500.669000	1.353319
501.672700	1.352352
502.653200	1.352860
503.654400	1.353492
504.650000	1.355006
505.650600	1.357583
506.678400	1.359442
507.691000	1.361275
508.721600	1.361711
509.726000	1.361146
510.719000	1.362069
511.707500	1.362110
512.675800	1.361917
513.675400	1.363161
514.668400	1.362745
515.670500	1.363198
516.699300	1.364007
517.702500	1.364016
518.706800	1.364826
519.701800	1.365130
520.687000	1.365511
521.668300	1.366453
522.671200	1.367229
523.658700	1.368748
524.654800	1.370480
525.678300	1.370873
526.664200	1.371500
527.687000	1.371743
528.698800	1.372303
529.695100	1.373115
530.685400	1.373008
531.656700	1.373611
532.636000	1.374434
533.623500	1.375650
534.623800	1.377992
535.633400	1.379372
536.646300	1.379388
537.637200	1.379584
538.649200	1.379443
539.651600	1.379306
540.632800	1.379341
541.616300	1.379736
542.600700	1.380150
543.580500	1.380984
544.569200	1.383702
545.583900	1.386750
546.612900	1.388746
547.636300	1.390590
548.670500	1.391289
549.665800	1.390984
550.637800	1.392320
551.612400	1.393667
552.590300	1.394783
553.602100	1.396722
554.621600	1.398205
555.631900	1.399692
556.637800	1.400631
557.636800	1.402919
558.622200	1.405218
559.642500	1.406818
560.653700	1.409742
561.659500	1.410504
562.666600	1.409795
563.658100	1.410994
564.644000	1.412632
565.631100	1.413648
566.632300	1.415467
567.619300	1.416214
568.620100	1.415473
569.614900	1.417334
570.603300	1.419358
571.609100	1.422257
572.607800	1.424731
573.612700	1.425715
574.610100	1.427393
575.575400	1.427930
576.581700	1.429992
577.579200	1.432059
578.578900	1.433207
579.599200	1.434439
580.586900	1.435277
581.584000	1.435483
582.580400	1.436760
583.592500	1.439219
584.606700	1.441626
585.613000	1.443642
586.631800	1.444814
587.618900	1.444846
588.594100	1.445897
589.593200	1.447612
590.574100	1.449292
591.588700	1.451367
592.588100	1.452373
593.584700	1.454401
594.579000	1.456395
595.570800	1.459312
596.602500	1.462468
597.599900	1.464151
598.409900	1.444738
598.703900	1.412516
598.479100	1.374404
597.763500	1.332397
596.757200	1.307056
595.735600	1.289563
594.734100	1.274506
593.733100	1.260915
592.737800	1.249439
591.761500	1.239608
590.761400	1.229904
589.761000	1.221209
588.761400	1.212122
587.749800	1.203684
586.743800	1.196487
585.765500	1.190127
584.746300	1.186098
583.759800	1.181010
582.772300	1.175810
581.746000	1.170349
580.765000	1.163381
579.758900	1.157106
578.761100	1.152265
577.761600	1.147615
576.728100	1.143943
575.731100	1.141487
574.721600	1.137739
573.727000	1.135049
572.763600	1.132104
571.766500	1.129466
570.777100	1.127079
569.781700	1.123789
568.763500	1.121219
567.772300	1.118070
566.776400	1.115938
565.779600	1.115058
564.789200	1.113653
563.782700	1.111622
562.798000	1.109323
561.813200	1.105167
560.841900	1.101461
559.843700	1.098623
558.816400	1.095061
557.806800	1.093351
556.778900	1.091728
555.778700	1.089859
554.793800	1.088947
553.795200	1.087562
552.788700	1.086411
551.773700	1.085392
550.754500	1.084030
549.755600	1.082301
548.762500	1.080250
547.764900	1.079213
546.766200	1.078375
545.746600	1.077687
544.750500	1.077328
543.761400	1.075748
542.764900	1.073765
541.796100	1.072028
540.795900	1.069952
539.799400	1.068502
538.783500	1.067267
537.772800	1.065803
536.777000	1.065096
535.786500	1.063517
534.812700	1.062452
533.808300	1.062082
532.830600	1.060298
531.834800	1.059714
530.842300	1.058570
529.862200	1.056041
528.826800	1.055359
527.827900	1.054521
526.819000	1.053792
525.809600	1.053937
524.814700	1.053300
523.812000	1.051556
522.819600	1.050043
521.809300	1.048273
520.829500	1.047143
519.833400	1.046283
518.814700	1.045290
517.832900	1.044985
516.839700	1.042916
515.830300	1.042213
514.850900	1.041836
513.837100	1.041243
512.829300	1.041936
511.855000	1.042149
510.863300	1.041868
509.871600	1.041141
508.870500	1.040726
507.845800	1.039727
506.826200	1.039082
505.823000	1.038393
504.806200	1.037343
503.801100	1.035753
502.810100	1.033891
501.820000	1.033194
500.821300	1.031499
499.824300	1.031118
498.812900	1.031169
497.800600	1.030281
496.803100	1.030214
495.781100	1.030128
494.789300	1.030100
493.785600	1.030431
492.799600	1.030549
491.830500	1.029938
490.823800	1.028612
489.832300	1.027256
488.823000	1.025995
487.803100	1.024255
486.792300	1.023706
485.799400	1.023389
484.799700	1.023277
483.808300	1.024742
482.836700	1.025068
481.835400	1.025021
480.845600	1.025512
479.844900	1.025017
478.818400	1.023902
477.795500	1.023294
476.788300	1.022137
475.764500	1.021459
474.790000	1.022403
473.794900	1.021030
472.808900	1.020857
471.838600	1.019306
470.829300	1.017461
469.836800	1.016989
468.820300	1.016115
467.816200	1.016979
466.831800	1.017561
465.845400	1.017618
464.863700	1.017252
463.875100	1.016838
462.877900	1.016238
461.868000	1.016493
460.874500	1.016102
459.902600	1.014999
458.916100	1.013381
457.914000	1.012120
456.892300	1.012143
455.870300	1.012426
454.840000	1.013812
453.847500	1.014360
452.865000	1.012995
451.860800	1.011555
450.869200	1.010121
449.890400	1.008897
448.877200	1.008327
447.868700	1.008644
446.861300	1.007472
445.825000	1.006737
444.816600	1.006032
443.822800	1.005923
442.822200	1.006535
441.856400	1.007082
440.865300	1.007944
439.882600	1.007501
438.891300	1.006870
437.867500	1.007286
436.881200	1.007293
435.880100	1.007303
434.879900	1.007719
433.896100	1.006240
432.906500	1.004284
431.921000	1.001852
430.925900	0.999648
429.920700	0.998422
428.917200	0.997316
427.886400	0.997152
426.882700	0.996692
425.879800	0.996216
424.858800	0.996853
423.872900	0.997920
422.892200	0.998291
421.911100	0.998589
420.935900	0.998073
419.928300	0.996884
418.911700	0.996554
417.906600	0.995977
416.900500	0.995676
415.903200	0.995267
414.921500	0.994337
413.928900	0.993680
412.946100	0.992497
411.967400	0.991245
410.963300	0.991073
409.976300	0.990503
408.976200	0.989595
407.980700	0.988778
406.989400	0.986687
405.972700	0.985664
404.951200	0.984773
403.932600	0.984520
402.937900	0.984660
401.949100	0.983694
400.971600	0.983210
399.979700	0.981719
398.962000	0.980622
397.957200	0.980399
396.952000	0.979881
395.946000	0.979634
394.960700	0.978717
393.938300	0.977103
392.923800	0.976215
391.913200	0.974935
390.877400	0.974020
389.904900	0.973994
388.923200	0.972019
387.912500	0.971355
386.920600	0.970767
385.892900	0.968931
384.879400	0.969660
383.894200	0.969953
382.914200	0.969531
381.951700	0.968905
380.958300	0.967157
379.952200	0.964656
378.948000	0.962788
377.931600	0.961575
376.908500	0.960139
375.926400	0.958139
374.903500	0.956704
373.900600	0.956084
372.946500	0.954624
371.936200	0.954402
370.961900	0.953824
369.963600	0.951007
368.936600	0.948668
367.925700	0.946178
366.912500	0.943227
365.901700	0.942336
364.923800	0.942591
363.948500	0.941607
362.986500	0.940190
361.998500	0.937676
360.993600	0.934612
359.993800	0.931862
358.972700	0.929346
357.971200	0.927280
356.974400	0.924272
355.955100	0.921126
354.938800	0.918432
353.944200	0.915635
352.937000	0.913607
351.947200	0.911992
350.974200	0.909722
349.971500	0.906615
348.938800	0.903164
347.937400	0.900211
346.914400	0.897939
345.911600	0.896737
344.928600	0.896125
343.918100	0.892729
342.915800	0.888249
341.919300	0.883578
340.930200	0.877355
339.927700	0.872582
338.927900	0.868596
337.924400	0.864004
336.918900	0.859298
335.927800	0.855957
334.927900	0.852660
333.928200	0.848889
332.932000	0.845948
331.944200	0.841575
330.961200	0.836337
329.954800	0.830096
328.951000	0.825282
327.932000	0.819494
326.919000	0.814986
325.929400	0.811234
324.923200	0.805469
323.944900	0.798781
322.946300	0.792788
321.947200	0.785109
320.946500	0.779062
319.948900	0.775039
318.958400	0.767248
317.952200	0.761301
316.958700	0.753668
315.938200	0.746474
314.937300	0.740806
313.931400	0.735204
312.943500	0.729537
311.961200	0.721358
310.961900	0.713761
309.977200	0.705558
309.000600	0.696535
308.016400	0.689141
307.040900	0.681370
306.054700	0.671512
305.010200	0.662775
303.996900	0.652440
302.968700	0.641243
301.961800	0.632621
300.979200	0.622466
299.975400	0.612782
298.984100	0.601979
297.960300	0.590896
296.937100	0.580706
295.937400	0.571195
294.940300	0.563059
293.955500	0.555711
292.981600	0.546156
291.978000	0.535415
290.968800	0.524969
289.973900	0.511655
288.966300	0.501011
287.987900	0.490787
286.985200	0.479633
285.979100	0.469500
284.975300	0.458364
283.966500	0.447783
282.979400	0.436345
281.976000	0.425494
280.990300	0.414389
279.987000	0.400730
278.980600	0.386692
277.985000	0.374034
276.976000	0.360462
275.960900	0.348422
274.947700	0.339737
273.968500	0.328782
272.959100	0.317907
271.974600	0.307521
270.983900	0.295076
269.959700	0.282110
268.961900	0.270476
267.960800	0.258557
266.964100	0.245547
265.956300	0.233377
264.974200	0.221774
263.981600	0.210802
262.989500	0.200214
262.014200	0.190890
261.017000	0.179530
260.013700	0.166831
259.004800	0.154717
257.987000	0.142004
256.982800	0.131344
255.973000	0.122081
254.996800	0.113981
254.010700	0.104919
253.011800	0.094161
252.022600	0.083003
251.011000	0.071058
250.007200	0.058999
248.998700	0.048698
247.987700	0.038024
246.978200	0.027012
245.971000	0.018424
244.968500	0.009098
243.971800	0.001863
242.988000	-0.005065
242.002400	-0.013745
241.012800	-0.022948
239.995700	-0.033617
238.972600	-0.044065
237.956900	-0.052806
236.949100	-0.059736
235.967900	-0.065162
234.995700	-0.069362
234.017000	-0.075327
233.029100	-0.081564
232.044300	-0.089140
231.039400	-0.097300
230.042000	-0.104484
229.043000	-0.112800
228.037900	-0.120418
227.036200	-0.127674
226.036100	-0.134305
225.040300	-0.138761
224.050900	-0.141429
223.044600	-0.145343
222.053900	-0.148897
221.050300	-0.153226
220.036400	-0.159956
219.035900	-0.164699
218.033000	-0.169090
217.046700	-0.172429
216.053700	-0.175255
215.064600	-0.178525
214.055000	-0.181689
213.047800	-0.187007
212.052900	-0.191487
211.080800	-0.194891
210.092900	-0.199661
209.096100	-0.203106
208.086000	-0.205402
207.074700	-0.209138
206.074600	-0.211174
205.099900	-0.212028
204.130100	-0.213499
203.139800	-0.215321
202.140900	-0.218253
201.134900	-0.221440
200.125700	-0.225702
199.092100	-0.227884
198.089400	-0.228630
197.086600	-0.230498
196.052100	-0.231421
195.075100	-0.231716
194.077900	-0.233862
193.062500	-0.235251
192.089900	-0.235975
191.080000	-0.238337
190.075100	-0.240525
189.059900	-0.242972
188.061200	-0.244692
187.056200	-0.246256
186.046100	-0.246532
185.059000	-0.244977
184.050000	-0.244975
183.064000	-0.246271
182.076100	-0.246334
181.088400	-0.247150
180.076800	-0.248910
179.043000	-0.246463
178.042600	-0.246603
177.018000	-0.247326
176.039800	-0.246010
175.051300	-0.247390
174.043000	-0.249491
173.047100	-0.248855
172.036400	-0.249723
171.062900	-0.250518
170.077100	-0.250342
169.070100	-0.249749
168.079900	-0.249260
167.067100	-0.249788
166.063500	-0.247712
165.100400	-0.250959
164.097400	-0.250333
163.086900	-0.248861
162.076400	-0.248201
161.060800	-0.245271
160.052500	-0.244914
159.061500	-0.244187
158.062800	-0.244056
157.066000	-0.244374
156.068200	-0.244407
155.074300	-0.244412
154.086000	-0.244726
153.097300	-0.244018
152.117600	-0.243927
151.122100	-0.244059
150.122900	-0.243949
149.104700	-0.244138
148.077700	-0.243949
147.064600	-0.242912
146.062700	-0.241688
145.073600	-0.239435
144.085400	-0.237453
143.090300	-0.236624
142.109800	-0.235383
141.120800	-0.235835
140.124200	-0.236418
139.114900	-0.236550
138.091500	-0.237154
137.072000	-0.236979
136.068600	-0.236187
135.082400	-0.234697
134.087000	-0.233258
133.107100	-0.232214
132.119800	-0.230864
131.138900	-0.229825
130.123900	-0.230029
129.107900	-0.229048
128.092500	-0.228452
127.085400	-0.228065
126.095900	-0.226035
125.112800	-0.224989
124.129400	-0.224158
123.123400	-0.223381
122.138200	-0.223054
121.122200	-0.222906
120.129900	-0.222857
119.109400	-0.222660
118.108200	-0.222012
117.117000	-0.221249
116.106500	-0.220329
115.130000	-0.218195
114.136100	-0.216920
113.131800	-0.215936
112.133000	-0.214679
111.136700	-0.214990
110.135200	-0.215340
109.118400	-0.214561
108.121900	-0.213514
107.120200	-0.212079
106.116900	-0.209951
105.158600	-0.208393
104.175300	-0.208264
103.183800	-0.208274
102.190600	-0.208389
101.191000	-0.209422
100.175800	-0.209737
99.164380	-0.209804
98.145970	-0.209978
97.116250	-0.208479
96.118030	-0.206984
95.111370	-0.204955
94.117320	-0.203144
93.115440	-0.202231
92.111190	-0.201054
91.125720	-0.200119
90.128710	-0.199553
89.149420	-0.197419
88.155620	-0.195830
87.136700	-0.195484
86.138020	-0.194342
85.117140	-0.195687
84.104620	-0.196377
83.120790	-0.196579
82.133130	-0.197211
81.149490	-0.196441
80.129380	-0.196323
79.123840	-0.196036
78.097170	-0.195469
77.108640	-0.195016
76.137120	-0.194321
75.131970	-0.193063
74.144940	-0.192252
73.134180	-0.191480
72.151250	-0.190764
71.166440	-0.190448
70.184100	-0.189741
69.196520	-0.189057
68.170880	-0.187357
67.160870	-0.186084
66.136060	-0.185765
65.104110	-0.185533
64.098770	-0.186277
63.110060	-0.187409
62.125690	-0.187613
61.141450	-0.187624
60.160780	-0.187919
59.160510	-0.187086
58.145210	-0.186623
57.154820	-0.185852
56.147700	-0.184896
55.124140	-0.183894
54.141260	-0.182913
53.155100	-0.182396
52.170090	-0.181738
51.205680	-0.181796
50.225420	-0.181310
49.225660	-0.181495
48.236830	-0.180916
47.232410	-0.180932
46.212490	-0.181212
45.211330	-0.180560
44.189410	-0.180938
43.204760	-0.180636
42.193600	-0.180832
41.181720	-0.180515
40.189030	-0.181049
39.174680	-0.180880
38.183590	-0.179766
37.186910	-0.179796
36.180610	-0.178572
35.179960	-0.177291
34.178450	-0.177336
33.179440	-0.176848
32.188930	-0.176360
31.190980	-0.176989
30.205930	-0.176765
29.214060	-0.176315
28.215560	-0.176027
27.207470	-0.175244
26.200880	-0.174925
25.226750	-0.175441
24.236830	-0.176116
23.261970	-0.176492
22.279290	-0.175562
21.261230	-0.175594
20.235800	-0.174904
19.230190	-0.174150
18.224110	-0.175075
17.197330	-0.173940
16.210920	-0.173279
15.214240	-0.172126
14.222690	-0.170763
13.252010	-0.172425
12.272590	-0.172374
11.270320	-0.173895
10.233720	-0.174705
9.203325	-0.173941
8.198190	-0.173490
7.201922	-0.173278
6.255795	-0.172737
5.289262	-0.173191
4.270209	-0.174077
3.285910	-0.173982
2.270803	-0.174402
1.256026	-0.172903
0.294297	-0.171775
-0.689374	-0.170715
-1.644961	-0.169866
-2.607499	-0.169474
-3.582585	-0.169750
-4.576459	-0.170534
-5.588215	-0.169965
-6.582519	-0.169664
-7.592755	-0.169625
-8.608622	-0.169268
-9.624306	-0.169640
-10.632020	-0.169512
-11.629060	-0.169175
-12.600300	-0.168764
-13.585970	-0.168854
-14.580490	-0.169001
-15.599410	-0.169036
-16.641410	-0.169154
-17.651000	-0.169212
-18.668460	-0.169157
-19.654970	-0.167989
-20.631160	-0.167484
-21.636560	-0.166956
-22.615330	-0.166848
-23.606310	-0.167910
-24.600300	-0.168413
-25.598150	-0.168118
-26.598300	-0.168028
-27.605070	-0.168048
-28.615950	-0.167787
-29.603270	-0.168225
-30.617520	-0.167725
-31.608760	-0.167078
-32.599240	-0.166526
-33.592430	-0.166032
-34.592150	-0.166291
-35.612140	-0.166226
-36.630150	-0.166116
-37.629590	-0.165555
-38.613400	-0.163967
-39.594600	-0.163112
-40.573140	-0.162561
-41.582140	-0.162499
-42.584650	-0.163879
-43.571970	-0.164305
-44.594220	-0.164624
-45.582700	-0.165224
-46.594690	-0.165382
-47.613480	-0.166065
-48.590460	-0.166904
-49.600830	-0.166620
-50.579960	-0.166265
-51.564460	-0.166088
-52.559920	-0.165541
-53.543340	-0.165864
-54.553030	-0.166475
-55.557140	-0.166328
-56.572980	-0.165829
-57.577260	-0.164365
-58.561720	-0.162965
-59.585660	-0.161841
-60.589290	-0.162239
-61.587870	-0.163377
-62.604760	-0.164535
-63.587550	-0.165713
-64.581250	-0.166197
-65.594120	-0.166888
-66.619220	-0.166581
-67.641950	-0.166269
-68.662800	-0.165500
-69.684530	-0.164121
-70.670910	-0.163267
-71.648700	-0.162458
-72.632830	-0.162004
-73.607800	-0.161791
-74.582420	-0.162009
-75.585040	-0.161012
-76.560410	-0.159799
-77.561740	-0.159281
-78.559620	-0.158653
-79.567890	-0.159364
-80.571260	-0.160771
-81.570170	-0.161651
-82.597510	-0.162115
-83.588380	-0.162285
-84.594310	-0.162138
-85.599560	-0.162257
-86.581330	-0.161893
-87.578180	-0.162292
-88.590720	-0.162115
-89.558090	-0.161304
-90.571370	-0.160819
-91.560210	-0.160375
-92.539820	-0.159849
-93.552170	-0.160150
-94.533880	-0.160376
-95.544400	-0.159083
-96.542010	-0.158165
-97.556960	-0.157206
-98.546210	-0.156409
-99.545660	-0.156509
-100.554000	-0.156869
-101.531300	-0.157098
-102.528000	-0.157556
-103.517100	-0.158748
-104.510200	-0.159352
-105.534000	-0.159361
-106.553500	-0.159588
-107.563200	-0.159295
-108.565800	-0.158975
-109.566300	-0.158784
-110.562000	-0.158056
-111.574200	-0.157147
-112.578500	-0.156246
-113.561800	-0.155375
-114.557900	-0.154669
-115.553600	-0.153401
-116.551400	-0.153098
-117.561300	-0.153397
-118.582000	-0.153715
-119.563100	-0.154665
-120.582100	-0.155562
-121.581700	-0.156157
-122.561200	-0.157000
-123.576400	-0.157637
-124.570700	-0.157163
-125.588800	-0.157581
-126.615100	-0.156230
-127.626800	-0.155543
-128.636600	-0.155557
-129.609500	-0.153021
-130.582300	-0.152646
-131.557400	-0.151859
-132.534100	-0.151395
-133.567600	-0.151764
-134.582900	-0.152181
-135.596600	-0.152658
-136.618400	-0.152747
-137.596900	-0.153759
-138.583400	-0.154058
-139.580700	-0.153066
-140.555800	-0.152411
-141.546400	-0.151992
-142.557500	-0.150529
-143.556600	-0.151743
-144.575600	-0.151732
-145.591300	-0.151243
-146.592000	-0.152154
-147.596500	-0.151773
-148.576100	-0.151774
-149.549600	-0.151915
-150.521200	-0.151870
-151.489700	-0.151510
-152.495900	-0.152217
-153.485700	-0.152605
-154.496600	-0.153507
-155.507400	-0.153864
-156.516000	-0.153596
-157.547300	-0.153530
-158.558000	-0.152926
-159.551000	-0.152685
-160.543000	-0.152367
-161.537000	-0.152159
-162.523000	-0.151552
-163.535700	-0.151775
-164.532800	-0.152238
-165.527600	-0.152561
-166.542900	-0.152940
-167.543400	-0.152616
-168.564200	-0.151564
-169.574300	-0.150219
-170.553300	-0.150312
-171.544500	-0.150628
-172.511900	-0.151572
-173.498600	-0.153418
-174.524200	-0.154331
-175.536300	-0.154673
-176.555600	-0.155200
-177.553300	-0.155225
-178.536500	-0.155060
-179.522000	-0.154996
-180.507700	-0.154621
-181.511700	-0.154552
-182.517000	-0.153893
-183.497700	-0.153925
-184.501200	-0.153504
-185.496100	-0.152588
-186.481800	-0.152322
-187.502100	-0.151361
-188.485400	-0.150453
-189.470700	-0.150300
-190.464200	-0.150540
-191.464200	-0.151524
-192.471100	-0.152389
-193.478800	-0.153176
-194.480600	-0.153965
-195.493600	-0.154413
-196.497100	-0.154847
