"Version:",9
"Fecha:","05-19-2016"
"Hora:","12:21:06"
"Operador:",""
"HP:",0
"vitramo(6)",-200
"vitramo(7)",-200
"MaxCh",0
"Método:",0
"Técnica:","2-VC",2
"Vinicial:",-200
"Vfinal:",600
"ScanRate:",50
"Rango:",4
"FiltroHard:",1
"SampleRate:",50
"RampStep:",1
"NumCiclos:",1
"AcqConf:",0
"ScanDir:",-32000
"ICellCond.",2
"SoftFilter:",1
"Loop Ini",4
"CountV:",1600
"CountI:",1600
"CountI2:",0
"Xfreq:",10
"SamplesSec",50
20
1,1,0,0,0
0,0,0,0,0
0,0,0,0,0
0,0,0,0,0
0,0,0,0,0
0,0,0,0,0
0,0,0,0,0
0,0,0,0,0
0,0,0,0,0
0,0,0,0,0
0,0,0,0,0
0,0,0,0,0
0,0,0,0,0
0,0,0,0,0
0,0,0,0,0
0,0,0,0,0
0,0,0,0,0
0,0,0,0,0
0,0,0,0,0
0,0,0,0,0
0,0,0,0,0
"Xaxis:",1
"Yxais:",2
"Ymin:",-500
"Ymax:",500
"Xmin:",-200
"Xmax:",600
"Grilla:",1
"BackColor:",15780518
"Pen Color:",255
"E1:",1
"E2:",1
"E3:",0
"E4:",0
"P1:",-200
"P2:",600
"P3:",-7.8125
"P4:",7.8125
"P5:",0
"P6:",0
"P7:",0
"P8:",0
"PretreatEn:",0
"P10:",20
"P11:",0
"P12:",1
"P13:",0
"P14:",-196.9747
"P15:",0
"P16:",0
"Auto Integ",0
"Auto Write",0
"Peak List",0
"Graph Write",0
"Graph names",0
"Graph numbers",0
"Graph Ret.Time",0
"Automatic Save",0
"SaveFilename",0
"Sufix StartNum",0
"E1",0
"E2",0
"E3",0
"E4",0
"Comentario:",""
7
10,0,0,0,0,0,0,10,1,0,1,1,0,0,0,0,99999,-99999
10,0,0,0,0,0,0,10,1,0,1,1,0,0,0,0,99999,-99999
10,0,0,0,0,0,0,10,1,0,1,1,0,0,0,0,99999,-99999
10,-200,0,5000,0,0,0,50,4,10,1,1,0,0,0,0,99999,-99999
3,-200,600,16000,1,50,0,50,4,10,1,1,0,0,0,0,99999,-99999
3,600,-200,16000,-1,50,0,50,4,2,1,1,0,0,0,0,99999,-99999
3,-200,-200,0,0,50,0,50,4,0,1,1,0,0,0,0,99999,-99999
3,-200,0,0,0,50,0,50,4,0,1,1,0,0,0,0,99999,-99999
10000
1
50
1
0
0
0
0
1
0
10
0
0
4
4
0
0
1
250
8
8
0
254
0
0
0
0
0
0
0
0
0
9000.1,4,4,0,0,1
10000,4,4,0,0,1
10999.9,4,4,0,0,1
11999.8,4,4,0,0,1
12999.7,4,4,0,0,1
13999.6,4,4,0,0,1
14999.5,4,4,0,0,1
15999.4,4,4,0,0,1
16999.3,4,4,0,0,1
17999.2,4,4,0,0,1
18999.1,4,4,0,0,1
-199.5641
-199.3305
-198.848
-198.1228
-197.1277
-196.1362
-195.118
-194.1164
-193.1239
-192.1168
-191.1409
-190.1493
-189.1425
-188.149
-187.1366
-186.1393
-185.1437
-184.1597
-183.1538
-182.1256
-181.1373
-180.1184
-179.1547
-178.1859
-177.2044
-176.1977
-175.1834
-174.1734
-173.1498
-172.1679
-171.19
-170.1888
-169.1995
-168.1945
-167.1829
-166.19
-165.1915
-164.2054
-163.1983
-162.2008
-161.218
-160.2101
-159.2163
-158.2041
-157.1721
-156.1567
-155.1421
-154.1324
-153.1503
-152.1476
-151.1599
-150.21
-149.2052
-148.2296
-147.2304
-146.2035
-145.1981
-144.1877
-143.1702
-142.1744
-141.1844
-140.2128
-139.237
-138.2502
-137.2772
-136.2512
-135.2487
-134.2325
-133.2051
-132.2138
-131.2045
-130.2054
-129.2076
-128.2094
-127.233
-126.2462
-125.2458
-124.2571
-123.2557
-122.2601
-121.2568
-120.2306
-119.215
-118.1889
-117.1977
-116.2287
-115.2174
-114.2404
-113.2392
-112.2169
-111.2108
-110.1926
-109.1797
-108.1769
-107.1712
-106.1549
-105.1492
-104.1557
-103.1856
-102.1849
-101.1916
-100.1893
-99.17145
-98.18164
-97.20387
-96.20544
-95.22454
-94.2383
-93.23334
-92.2366
-91.24217
-90.24305
-89.24187
-88.2292
-87.21742
-86.2218
-85.21131
-84.23672
-83.24685
-82.22687
-81.22279
-80.20615
-79.21973
-78.23908
-77.24515
-76.24445
-75.23608
-74.24564
-73.25723
-72.27506
-71.28085
-70.26611
-69.2374
-68.22104
-67.20062
-66.22459
-65.25632
-64.25372
-63.28017
-62.26352
-61.25085
-60.24764
-59.2308
-58.21871
-57.22418
-56.2266
-55.21978
-54.21346
-53.20809
-52.23251
-51.22466
-50.25055
-49.25068
-48.24544
-47.25495
-46.26715
-45.26983
-44.26891
-43.26329
-42.22746
-41.22297
-40.206
-39.20991
-38.21857
-37.23602
-36.25821
-35.25525
-34.26643
-33.2709
-32.27374
-31.27493
-30.25949
-29.2181
-28.2093
-27.20755
-26.21179
-25.24903
-24.25286
-23.26527
-22.26715
-21.26293
-20.26053
-19.26745
-18.26471
-17.27556
-16.24975
-15.23144
-14.24354
-13.2426
-12.2715
-11.27549
-10.2624
-9.235437
-8.217012
-7.215823
-6.199264
-5.190398
-4.19398
-3.230369
-2.272636
-1.313796
-.3400806
.6681581
1.650822
2.663271
3.647982
4.628682
5.631505
6.588809
7.569211
8.58024
9.588232
10.62414
11.64103
12.6094
13.57646
14.53677
15.54456
16.55871
17.54885
18.5635
19.55292
20.55919
21.57975
22.59007
23.56147
24.5706
25.56551
26.55922
27.5811
28.57973
29.56776
30.53616
31.52954
32.53583
33.54876
34.57446
35.58509
36.56903
37.58524
38.57913
39.57426
40.55878
41.52468
42.5124
43.51057
44.51879
45.53811
46.54874
47.56171
48.5691
49.57017
50.58523
51.56962
52.54732
53.54684
54.52287
55.51831
56.53999
57.53512
58.55389
59.55851
60.54593
61.5313
62.5102
63.52014
64.53667
65.54626
66.54816
67.53294
68.51575
69.51546
70.51193
71.50381
72.49901
73.49237
74.49381
75.49451
76.49521
77.50994
78.49638
79.5071
80.49725
81.46982
82.48735
83.48753
84.49777
85.51978
86.53018
87.52503
88.52641
89.50517
90.48167
91.47417
92.48007
93.50018
94.50015
95.52031
96.51701
97.51122
98.5278
99.52502
100.5216
101.5368
102.5189
103.5067
104.5251
105.5113
106.5122
107.5239
108.4958
109.4732
110.4748
111.4714
112.476
113.4841
114.5044
115.4828
116.4819
117.4944
118.4855
119.4942
120.4874
121.4705
122.4583
123.4477
124.4649
125.4787
126.4805
127.4717
128.4486
129.4349
130.4542
131.463
132.4702
133.4752
134.4384
135.4451
136.445
137.446
138.4551
139.4487
140.424
141.4156
142.4314
143.4419
144.4627
145.4752
146.4741
147.4703
148.4785
149.4869
150.48
151.4954
152.4883
153.4788
154.4603
155.4612
156.475
157.462
158.4699
159.4341
160.4044
161.4043
162.4173
163.4245
164.4249
165.4241
166.3947
167.4016
168.4167
169.4225
170.4401
171.4407
172.4247
173.415
174.4096
175.4072
176.4302
177.4233
178.4369
179.4352
180.4216
181.4399
182.4043
183.3993
184.3867
185.3793
186.4023
187.4077
188.4403
189.4348
190.4334
191.4317
192.4294
193.449
194.4853
195.4925
196.4801
197.4868
198.4573
199.4669
200.4864
201.4802
202.4809
203.4712
204.4452
205.4467
206.4448
207.4562
208.4555
209.4328
210.4276
211.3991
212.3971
213.4234
214.4307
215.4459
216.4514
217.43
218.4156
219.4132
220.4119
221.4018
222.3836
223.3652
224.3547
225.3692
226.3949
227.3886
228.3899
229.3716
230.353
231.3578
232.3519
233.3541
234.3596
235.3662
236.3625
237.3564
238.3359
239.3344
240.3144
241.2993
242.3231
243.3212
244.3464
245.3796
246.3763
247.3762
248.3733
249.3732
250.3756
251.386
252.3953
253.4
254.4156
255.4128
256.4145
257.404
258.3803
259.3716
260.3475
261.3415
262.3245
263.3127
264.3322
265.3481
266.3882
267.3894
268.391
269.3612
270.3246
271.3258
272.3074
273.3185
274.3291
275.3354
276.3376
277.3412
278.3427
279.3355
280.3385
281.33
282.3248
283.3463
284.3599
285.3659
286.3628
287.3503
288.3184
289.2957
290.3025
291.292
292.311
293.3336
294.3317
295.3259
296.3374
297.3314
298.3206
299.3296
300.3082
301.3066
302.3071
303.3166
304.3493
305.3557
306.3721
307.3597
308.3284
309.3312
310.3366
311.3404
312.3339
313.3283
314.3221
315.3196
316.3504
317.3448
318.3396
319.3415
320.3196
321.3035
322.3109
323.2997
324.2854
325.2862
326.2525
327.2543
328.2693
329.2916
330.3127
331.3042
332.2923
333.2737
334.2608
335.2682
336.2738
337.2824
338.2929
339.2881
340.2595
341.2754
342.2809
343.286
344.3193
345.298
346.2905
347.2872
348.2778
349.2692
350.2565
351.2637
352.2686
353.2921
354.3151
355.3176
356.3381
357.3379
358.3133
359.3202
360.2946
361.2691
362.2764
363.2564
364.261
365.2886
366.2884
367.3064
368.2925
369.2778
370.2986
371.2679
372.2856
373.3063
374.2989
375.3022
376.2919
377.2763
378.2669
379.2966
380.3185
381.3208
382.3246
383.3089
384.2996
385.2875
386.286
387.2883
388.2745
389.2731
390.2607
391.2554
392.269
393.2843
394.3044
395.3185
396.3224
397.3227
398.3174
399.303
400.2882
401.2742
402.2809
403.2928
404.3141
405.3561
406.3566
407.3496
408.3528
409.299
410.3001
411.3066
412.2956
413.3117
414.2961
415.2974
416.295
417.2864
418.3098
419.2864
420.2607
421.2549
422.2198
423.2369
424.2397
425.265
426.2912
427.2822
428.2787
429.2581
430.261
431.2759
432.2939
433.2922
434.2817
435.257
436.2472
437.2524
438.2223
439.2265
440.1982
441.1939
442.2121
443.2138
444.2415
445.249
446.2357
447.2375
448.2123
449.1803
450.1862
451.1838
452.201
453.2216
454.2422
455.2553
456.2812
457.292
458.2798
459.2634
460.2215
461.204
462.1727
463.1794
464.1956
465.1928
466.2161
467.2111
468.2196
469.2395
470.242
471.2125
472.1909
473.1692
474.1633
475.1989
476.1945
477.1898
478.1688
479.1314
480.1332
481.1272
482.1664
483.1837
484.1898
485.2
486.1497
487.1543
488.1546
489.1537
490.1725
491.154
492.1371
493.1451
494.1395
495.1468
496.1699
497.1526
498.1746
499.1811
500.178
501.1848
502.1986
503.1957
504.198
505.2008
506.1937
507.211
508.2402
509.2568
510.2408
511.2492
512.2233
513.1951
514.1964
515.188
516.1764
517.1971
518.1843
519.1721
520.1839
521.1846
522.1924
523.1812
524.1862
525.1633
526.1515
527.1544
528.155
529.1769
530.1859
531.1832
532.1798
533.1761
534.1829
535.1697
536.1443
537.1194
538.1138
539.1242
540.1371
541.163
542.1512
543.1528
544.1366
545.124
546.1415
547.1238
548.1326
549.1442
550.1409
551.1594
552.1704
553.1684
554.163
555.1647
556.155
557.1484
558.1617
559.188
560.2062
561.1995
562.1968
563.1564
564.1338
565.1276
566.1171
567.1116
568.1085
569.1166
570.1134
571.1194
572.1416
573.1423
574.1355
575.1335
576.1106
577.0964
578.1207
579.1274
580.1321
581.1367
582.1216
583.1107
584.1189
585.1283
586.1289
587.149
588.1521
589.1506
590.1519
591.1553
592.1401
593.1379
594.1401
595.1105
596.1069
597.1153
598.1123
598.6987
598.7328
598.2444
597.2726
596.2369
595.2396
594.2509
593.2602
592.2748
591.2904
590.2947
589.2858
588.2982
587.3104
586.3302
585.3271
584.3104
583.2656
582.2349
581.2621
580.2706
579.3007
578.3057
577.2511
576.228
575.2234
574.2206
573.2476
572.2609
571.2516
570.2499
569.2418
568.2426
567.2505
566.2567
565.2601
564.2725
563.2829
562.2915
561.3065
560.2978
559.2833
558.2991
557.2915
556.2775
555.2755
554.2363
553.2445
552.2499
551.2581
550.2869
549.2948
548.2927
547.2851
546.3005
545.3064
544.3226
543.3271
542.3061
541.2828
540.2583
539.2706
538.2703
537.2981
536.3339
535.3464
534.3672
533.3547
532.342
531.3242
530.3081
529.3013
528.2954
527.3063
526.3004
525.3133
524.3408
523.3374
522.358
521.3563
520.3425
519.3421
518.3272
517.3355
516.3124
515.3225
514.3442
513.3568
512.4046
511.4189
510.4212
509.4079
508.3763
507.3608
506.3481
505.3336
504.3564
503.3511
502.3445
501.361
500.3227
499.3246
498.3353
497.321
496.3296
495.3317
494.3139
493.3041
492.3338
491.3259
490.3313
489.3379
488.3257
487.3368
486.3433
485.3676
484.3547
483.3578
482.3554
481.3437
480.3444
479.3341
478.33
477.3235
476.3221
475.3247
474.3306
473.3526
472.3766
471.3788
470.3705
469.3508
468.33
467.3168
466.3352
465.3263
464.3432
463.3497
462.3528
461.3673
460.3947
459.4285
458.4113
457.4019
456.3891
455.3738
454.3839
453.3999
452.3737
451.3568
450.335
449.321
448.3067
447.3337
446.3667
445.3898
444.4271
443.3916
442.3939
441.3707
440.3622
439.3798
438.3574
437.3542
436.3485
435.3503
434.3844
433.4067
432.4188
431.4281
430.3959
429.3965
428.3768
427.3715
426.3818
425.3781
424.3924
423.3999
422.4172
421.4141
420.4073
419.4102
418.4063
417.4077
416.4368
415.4464
414.4528
413.46
412.4492
411.4424
410.4465
409.4468
408.4702
407.4637
406.4397
405.4748
404.4442
403.4472
402.4776
401.4579
400.4551
399.4535
398.4249
397.4192
396.4291
395.4534
394.4911
393.4864
392.4688
391.4383
390.4131
389.4175
388.4207
387.4032
386.3949
385.3889
384.4109
383.4232
382.4147
381.4212
380.4039
379.4166
378.4237
377.4287
376.4527
375.4658
374.4625
373.453
372.4271
371.4068
370.4196
369.4189
368.426
367.4286
366.423
365.4472
364.4532
363.4639
362.4736
361.4519
360.4488
359.4439
358.4415
357.4623
356.4638
355.4818
354.4847
353.4647
352.4616
351.437
350.4232
349.4249
348.4045
347.4212
346.4058
345.3867
344.4065
343.3857
342.4094
341.4288
340.4184
339.4166
338.4177
337.4108
336.4279
335.4458
334.4568
333.4526
332.4526
331.4734
330.4622
329.4734
328.461
327.4333
326.4299
325.4402
324.4478
323.4418
322.4383
321.4286
320.4342
319.4615
318.4843
317.4915
316.4951
315.4857
314.4701
313.4727
312.4926
311.4756
310.4836
309.4866
308.474
307.5039
306.5164
305.5096
304.4959
303.4813
302.4729
301.4501
300.4528
299.4691
298.476
297.5072
296.4969
295.4783
294.4633
293.4635
292.4772
291.4701
290.4776
289.4608
288.4724
287.5049
286.4978
285.5076
284.4891
283.4827
282.4903
281.4793
280.4997
279.4946
278.4975
277.5053
276.4912
275.4918
274.4758
273.4588
272.459
271.4404
270.432
269.4535
268.4605
267.4683
266.4915
265.4965
264.4891
263.5042
262.5042
261.5112
260.5183
259.4968
258.4824
257.4709
256.4794
255.5109
254.5379
253.551
252.546
251.5263
250.5178
249.5056
248.4935
247.4768
246.4867
245.5165
244.5309
243.5597
242.5638
241.5293
240.5165
239.5032
238.4822
237.4891
236.5043
235.5009
234.5057
233.5045
232.5131
231.5155
230.5047
229.5161
228.5008
227.5321
226.5538
225.5575
224.5691
223.5629
222.5487
221.5406
220.5259
219.5055
218.5079
217.5079
216.5446
215.5689
214.5974
213.6147
212.6002
211.5791
210.5536
209.5384
208.5394
207.5626
206.5794
205.5963
204.6141
203.6222
202.6254
201.6114
200.6001
199.595
198.5771
197.6051
196.6061
195.5978
194.6081
193.5886
192.5825
191.5737
190.5726
189.5727
188.5717
187.5757
186.5681
185.5677
184.5703
183.5624
182.5806
181.5699
180.5632
179.5817
178.5942
177.6122
176.6179
175.6104
174.5934
173.5796
172.5773
171.5786
170.576
169.5858
168.602
167.5986
166.595
165.6123
164.5934
163.5816
162.5871
161.5769
160.5673
159.584
158.5856
157.5944
156.6081
155.625
154.6479
153.6541
152.6727
151.6647
150.6442
149.6488
148.6351
147.6316
146.6282
145.5997
144.5906
143.5794
142.5786
141.5789
140.5813
139.5694
138.5679
137.5547
136.5735
135.6003
134.6126
133.6534
132.6341
131.6202
130.6068
129.5643
128.5735
127.5848
126.6262
125.6613
124.6599
123.6569
122.6257
121.6055
120.6046
119.6012
118.6002
117.6143
116.6437
115.6857
114.7006
113.6937
112.6695
111.6328
110.6213
109.6155
108.6215
107.6204
106.6052
105.6166
104.6287
103.6458
102.6803
101.6994
100.6791
99.66296
98.6341
97.60281
96.60826
95.62902
94.63902
93.65972
92.66455
91.64866
90.63142
89.61909
88.62928
87.63202
86.63902
85.64931
84.64105
83.6505
82.68701
81.66677
80.65523
79.64911
78.62229
77.64423
76.66035
75.67138
74.69891
73.70358
72.69576
71.66985
70.64118
69.6391
68.62836
67.64184
66.64436
65.63012
64.63916
63.66651
62.69091
61.69779
60.70518
59.67157
58.65309
57.6441
56.64713
55.66963
54.66152
53.68287
52.68164
51.67992
50.71021
49.70884
48.71845
47.70996
46.70831
45.71255
44.69846
43.715
42.70451
41.68744
40.68822
39.67978
38.68617
37.71176
36.73669
35.74772
34.76167
33.75083
32.72027
31.70646
30.68906
29.66689
28.67808
27.67021
26.68668
25.7275
24.75414
23.77609
22.76263
21.74691
20.72066
19.71366
18.71716
17.70689
16.72684
15.71059
14.71652
13.74744
12.74042
11.76521
10.77445
9.740193
8.752907
7.758503
6.75322
5.774584
4.775508
3.775938
2.788007
1.782822
.7828556
-.2230881
-1.200271
-2.148395
-3.109959
-4.058018
-5.047534
-6.063879
-7.071391
-8.091913
-9.117983
-10.09609
-11.09672
-12.09446
-13.06264
-14.07408
-15.08747
-16.08674
-17.09771
-18.09915
-19.11494
-20.11338
-21.13347
-22.14935
-23.12057
-24.11524
-25.08387
-26.0476
-27.03603
-28.0456
-29.05008
-30.0809
-31.10382
-32.10314
-33.11341
-34.09741
-35.08189
-36.08592
-37.08622
-38.08818
-39.10126
-40.11034
-41.12107
-42.13535
-43.13253
-44.10362
-45.08914
-46.05894
-47.06546
-48.09695
-49.10035
-50.11202
-51.08721
-52.05016
-53.05021
-54.05024
-55.06485
-56.09371
-57.11546
-58.12745
-59.13869
-60.12408
-61.10405
-62.11494
-63.08473
-64.07398
-65.0734
-66.0411
-67.06676
-68.08608
-69.09206
-70.11015
-71.11255
-72.10419
-73.1067
-74.09066
-75.063
-76.05392
-77.01791
-78.01962
-79.03205
-80.03933
-81.07117
-82.07584
-83.0733
-84.07808
-85.0527
-86.04817
-87.04086
-88.03008
-89.03291
-90.02715
-91.05871
-92.06388
-93.07211
-94.07862
-95.06947
-96.06084
-97.07052
-98.07877
-99.07296
-100.0686
-101.0519
-102.0444
-103.0126
-104.0219
-105.0355
-106.018
-107.0483
-108.0636
-109.0494
-110.0724
-111.0604
-112.0401
-113.043
-114.0257
-115.0279
-116.0264
-117.0238
-118.0461
-119.044
-120.0518
-121.0806
-122.0579
-123.0561
-124.0708
-125.0412
-126.0469
-127.0484
-128.0188
-129.0207
-130.0547
-131.0582
-132.0831
-133.0921
-134.0628
-135.0531
-136.0482
-137.0333
-138.0421
-139.062
-140.0432
-141.055
-142.0393
-143.0177
-144.0235
-145.0239
-146.0334
-147.0281
-148.0401
-149.0359
-150.046
-151.0358
-152.0163
-153.0128
-153.9727
-154.988
-155.9994
-157.0055
-158.0315
-159.0381
-160.0319
-161.0253
-162.0157
-163.0154
-164.0199
-165.0246
-166.0316
-167.0329
-168.0393
-169.0402
-170.0292
-171.0387
-172.0288
-173.0139
-174.0296
-175.0223
-176.0309
-177.0148
-178.0062
-178.9781
-179.9494
-180.9635
-181.9639
-182.9651
-183.9773
-184.9991
-185.9834
-186.9814
-187.9946
-188.9712
-189.9834
-190.9716
-191.9443
-192.9439
-193.9254
-194.9512
-195.9702
-196.9747
-0.021355
-0.017625
-0.013230
-0.007591
-0.000826
0.003505
0.007724
.0113886
0.013859
0.014811
0.015657
0.016305
0.017479
.0179877
.0190939
0.020206
0.020758
.0222999
0.023091
0.024155
0.026093
0.027401
0.028624
0.028682
.0278465
0.028199
.0281159
0.028192
0.028971
0.029424
.0302157
0.031612
0.033019
0.033736
0.034137
0.034044
0.033581
0.033131
0.033851
0.034900
0.035670
0.037141
0.037963
0.039825
0.040692
0.038468
0.033491
0.027134
0.022941
0.021985
0.024449
0.027766
0.030781
0.032862
0.034622
0.036094
0.036405
0.037176
0.036875
0.036340
0.037963
0.038474
0.040011
0.042083
0.042167
0.043585
.0447921
0.044876
0.046235
0.046652
0.047548
0.048205
0.047782
0.047348
0.047134
0.046806
0.047801
.0476975
0.046041
0.046516
0.045166
0.046757
0.048869
0.049192
0.050331
.0496483
0.049003
.0490324
0.048231
0.048307
0.048836
.0489016
0.049124
0.048023
0.046188
0.039330
0.034814
0.032512
0.029979
0.032344
0.034968
0.036461
0.038923
0.040609
0.039995
0.039773
0.039615
0.040862
0.042276
0.041953
0.041430
0.040812
0.040953
0.042917
0.045357
0.046568
.047649
0.047867
0.047384
0.048765
0.049581
0.050410
0.050516
0.050330
0.049888
0.048695
0.048588
0.047597
0.046895
0.047399
0.048641
0.049756
0.051060
0.051811
0.051518
0.051395
0.051049
0.051417
.0510473
0.051107
0.052066
0.052704
0.054213
0.055851
0.057291
0.058433
0.059023
0.058757
0.057871
0.056761
0.057125
0.056961
0.057340
0.058364
.0578491
0.058030
0.058371
0.058652
0.058899
0.059685
0.059418
0.059461
0.060769
.0609087
0.061395
0.061868
0.061299
.0621613
0.062704
0.063014
0.063630
0.062606
0.061960
0.061267
0.060274
0.060771
0.061566
0.062566
0.063330
0.062671
0.062229
0.062529
0.064151
0.066639
0.067832
0.066598
0.064548
0.063216
0.063063
0.064886
0.066692
0.067725
0.067054
0.066072
0.065955
0.066615
0.068381
.0681852
0.066113
0.063919
0.063164
0.063548
0.064842
.0654132
0.064666
0.067419
0.067925
.0684702
0.068695
0.065180
0.063693
.0630362
0.062201
0.063569
0.063301
0.062861
0.063640
0.063361
0.066213
0.068787
0.069151
0.068211
0.066687
0.065115
0.064492
0.065832
0.067005
0.066138
0.067063
0.067149
0.065152
0.065489
0.064828
0.063331
0.064148
0.065269
0.065904
0.066400
.0664527
0.065942
0.065447
0.065855
0.066281
.0667403
0.068235
0.070031
0.070522
0.070693
0.070022
0.068976
0.068578
0.068370
0.068503
0.068509
0.069529
0.070750
0.071831
0.073043
.0733316
0.073189
0.072726
0.072150
0.072067
0.072264
0.072909
0.074244
0.075391
0.076380
0.076716
0.076873
0.076843
0.077182
0.077432
0.077123
0.077379
0.077523
0.077776
0.078091
0.077878
.0780414
0.077909
.0790913
0.080162
.0811296
0.082515
0.082509
0.082235
0.082389
0.082006
0.081476
0.081716
0.080670
0.080989
0.081758
0.083315
0.085594
0.086186
0.087013
0.086319
0.085501
0.085877
0.085674
0.086025
0.086731
0.086944
.0881289
0.089501
0.090134
0.091116
0.090879
0.090661
0.091424
.0919404
.0931185
0.093667
0.094132
0.095122
.0954669
0.096512
0.097111
.0975745
.0986625
0.099560
.1000849
.1004444
.101127
.1013505
.1018876
.1025572
.1031471
.103996
.1058637
.1081662
.1096041
.1110239
.1117862
.1112881
.1117178
.1125416
.1135655
.1149662
.1158576
.1169958
.1179747
.1202911
.122688
.1236781
.124702
.1248553
.1253101
.1270764
.1286824
.1306549
.1325528
.1340081
.1358628
.1374939
.1393018
.1419387
.1439527
.1456878
.1475624
.1485924
.1508732
.1537249
.1565878
.1590159
.161535
.1619049
.1660352
.1699056
.1737699
.1798294
.1811218
.1847306
.1878136
.1905735
.1960378
.2004903
.2043876
.20851
.2107476
.2152088
.2198216
.2243676
.2297523
.2322081
.2359901
.241308
.2466234
.2526161
.257908
.2626239
.2684589
.2753716
.2824619
.2898839
.2948155
.3003734
.3072289
.3128309
.3208455
.3291078
.3360906
.3448458
.3534433
.3617108
.3703153
.3790835
.3872687
.3948449
.4034979
.4132822
.4225433
.433841
.446807
.4581488
.4704712
.4823068
.4924039
.503815
.5158515
.5286495
.5413912
.5543477
.569113
.5828647
.5974004
.6137829
.6258134
.6391554
.6547427
.6691883
.6864458
.7038903
.7202313
.7371353
.7538332
.7712396
.7888956
.8051256
.8247722
.8431219
.8618945
.8847817
.9041649
.9253162
.9464458
.9652183
.9854556
1.004599
1.024457
1.046677
1.069722
1.094417
1.119587
1.14282
1.165761
1.187675
1.209153
1.231716
1.252433
1.27517
1.298618
1.321839
1.350658
1.378685
1.405384
1.431927
1.449952
1.469326
1.492544
1.516629
1.54711
1.575243
1.603184
1.631165
1.656537
1.68225
1.706383
1.728513
1.754202
1.780644
1.804781
1.831241
1.854126
1.876614
1.89867
1.921809
1.950424
1.971389
1.995339
2.020245
2.035474
2.060854
2.085316
2.103876
2.126642
2.147387
2.164593
2.184167
2.201513
2.217381
2.23404
2.250644
2.272745
2.290384
2.307748
2.323467
2.332395
2.34208
2.354185
2.362962
2.374346
2.388521
2.399155
2.413802
2.42471
2.434963
2.440145
2.442174
2.446852
2.448827
2.454602
2.462767
2.467535
2.47253
2.47767
2.479465
2.482089
2.484848
2.485254
2.485176
2.483495
2.481896
2.479348
2.477262
2.47603
2.470706
2.466215
2.461277
2.454418
2.449589
2.446088
2.440376
2.435577
2.429598
2.419563
2.410586
2.400087
2.390126
2.380266
2.370373
2.361922
2.353405
2.347068
2.339916
2.330402
2.319653
2.30724
2.293054
2.281625
2.271003
2.260087
2.252328
2.242955
2.233604
2.224394
2.213839
2.204522
2.193499
2.183167
2.172773
2.161397
2.152306
2.144406
2.134723
2.12599
2.116829
2.105368
2.09612
2.087286
2.078737
2.070745
2.062807
2.054163
2.044551
2.036479
2.028484
2.019426
2.011219
2.003145
1.994563
1.989537
1.985078
1.979138
1.972815
1.964639
1.955883
1.947908
1.941024
1.934621
1.928223
1.922529
1.91769
1.912737
1.908265
1.904304
1.898362
1.892457
1.886754
1.880565
1.875539
1.870914
1.867645
1.864058
1.860516
1.857852
1.852811
1.84881
1.845326
1.840662
1.836684
1.832892
1.828921
1.825764
1.823309
1.820137
1.816509
1.812751
1.809485
1.806461
1.804055
1.802536
1.799932
1.796952
1.794589
1.789714
1.786365
1.783838
1.779648
1.77787
1.775985
1.774957
1.775697
1.775537
1.774373
1.771806
1.768081
1.765514
1.762627
1.761016
1.760864
1.759258
1.759465
1.759775
1.758402
1.757766
1.756293
1.753755
1.752026
1.750603
1.749189
1.748432
1.748239
1.749488
1.749249
1.748948
1.74888
1.746146
1.745792
1.745831
1.74421
1.744156
1.743935
1.743445
1.743207
1.744312
1.743285
1.742783
1.742639
1.741738
1.742178
1.742157
1.743321
1.742266
1.742693
1.742188
1.741501
1.742851
1.743081
1.743604
1.744439
1.743551
1.744524
1.745777
1.745979
1.748289
1.747651
1.747288
1.748963
1.748754
1.749761
1.751338
1.750585
1.750884
1.752225
1.753257
1.754714
1.755787
1.756712
1.755998
1.755779
1.756561
1.755965
1.756566
1.757805
1.758222
1.76032
1.763057
1.76434
1.765858
1.766139
1.766
1.766647
1.766723
1.767394
1.768396
1.769435
1.772104
1.774166
1.776376
1.777975
1.777602
1.778399
1.77833
1.778764
1.780709
1.781486
1.782451
1.785721
1.787393
1.78945
1.79176
1.79141
1.79347
1.794744
1.79608
1.79862
1.798729
1.800752
1.802874
1.803527
1.805585
1.806752
1.807449
1.810308
1.812862
1.815145
1.817313
1.819212
1.820493
1.820976
1.82246
1.823107
1.823166
1.825055
1.827322
1.829738
1.834093
1.836191
1.836788
1.837339
1.837463
1.838743
1.840341
1.841628
1.843449
1.845089
1.847553
1.85158
1.854284
1.85641
1.85854
1.85892
1.859835
1.862303
1.864513
1.866809
1.869117
1.87218
1.874105
1.876275
1.879212
1.879608
1.880726
1.882824
1.883516
1.885471
1.888901
1.891586
1.8696
1.83838
1.798982
1.754045
1.727767
1.706482
1.68895
1.672575
1.659611
1.647281
1.634396
1.622392
1.610112
1.598645
1.58694
1.575818
1.566634
1.556674
1.549057
1.543418
1.53579
1.529461
1.523546
1.516202
1.510537
1.50533
1.499203
1.492957
1.487549
1.481173
1.475181
1.469942
1.465386
1.460563
1.455995
1.452775
1.448015
1.445125
1.442395
1.437757
1.433759
1.430065
1.426118
1.423669
1.420052
1.416242
1.412377
1.408797
1.406268
1.403497
1.401508
1.39885
1.395877
1.393274
1.391079
1.388166
1.386328
1.3838
1.380959
1.378173
1.37553
1.374161
1.373034
1.372613
1.371251
1.368416
1.364669
1.361552
1.358082
1.35544
1.354207
1.351493
1.350035
1.348977
1.347908
1.347217
1.346584
1.345469
1.342755
1.340665
1.339232
1.337812
1.337185
1.336865
1.334022
1.331307
1.328773
1.325531
1.324011
1.32249
1.320753
1.319455
1.317786
1.316701
1.315915
1.314762
1.314104
1.312669
1.310786
1.310586
1.309631
1.309026
1.308684
1.30693
1.305099
1.30267
1.300615
1.298331
1.296933
1.295536
1.293928
1.292199
1.291242
1.290341
1.289975
1.289961
1.28833
1.287482
1.285787
1.284752
1.284686
1.284382
1.283647
1.282256
1.280816
1.278995
1.278157
1.27713
1.276162
1.274349
1.272905
1.271685
1.269402
1.268999
1.268631
1.267592
1.267601
1.266661
1.264379
1.263764
1.262798
1.261061
1.259712
1.257646
1.25594
1.254979
1.254285
1.253157
1.250982
1.249418
1.248333
1.247316
1.247503
1.247909
1.247369
1.246737
1.24525
1.243578
1.241478
1.23998
1.239303
1.237374
1.236169
1.235521
1.233948
1.233069
1.232956
1.2309
1.229127
1.227282
1.225308
1.224253
1.224153
1.224589
1.223605
1.22263
1.221013
1.218608
1.216645
1.215244
1.213132
1.212046
1.211307
1.210118
1.20947
1.208382
1.206303
1.204982
1.202899
1.201227
1.200578
1.199175
1.199125
1.19714
1.194208
1.192351
1.189229
1.187966
1.186803
1.18493
1.183313
1.18035
1.178549
1.176621
1.175224
1.173908
1.172276
1.169654
1.167137
1.165088
1.163203
1.162071
1.159251
1.157155
1.153888
1.14988
1.147164
1.144268
1.140583
1.137112
1.133325
1.129407
1.126286
1.124414
1.12264
1.119109
1.116662
1.113456
1.109006
1.106654
1.103714
1.098974
1.095334
1.090665
1.085441
1.08124
1.07679
1.071829
1.066027
1.060564
1.055668
1.050391
1.046338
1.043185
1.037692
1.032827
1.027582
1.020126
1.013506
1.006984
.9997288
.9929358
.9857727
.979637
.9736357
.9673536
.9618832
.95331
.9439977
.9359858
.9264197
.9184269
.9119629
.9038124
.8963557
.8880197
.8785993
.8695695
.8596448
.8506479
.8402876
.8296769
.8203492
.8098276
.8005093
.7910222
.7792983
.7676092
.7550529
.7418755
.7305336
.7199411
.7091771
.7000338
.6882606
.6756947
.6626663
.6481012
.6346024
.619553
.6057242
.593374
.580078
.5699714
.5600338
.5459676
.532927
.517701
.4997731
.4848744
.4706887
.4568382
.444313
.4322488
.4190887
.4042844
.3905526
.3769378
.3597497
.3450009
.3300702
.3135975
.3014397
.2902347
.2775615
.2652504
.2519343
.2370218
.2221942
.2093893
.1984832
.1857129
.173912
.1630596
.1484217
.1362509
.1249532
.1097964
0.096130
0.082963
0.069882
0.059048
0.049172
0.038689
0.028317
0.017412
0.008099
-0.001946
-0.012244
-0.019751
-0.030361
-0.039711
-0.048870
-0.059093
-0.066280
-.0720842
-.0808342
-0.088923
-0.098242
-.1071648
-.1131159
-.1204141
-.124851
-.1309858
-.1349264
-.1387829
-.1446838
-.1496717
-.1556142
-.1621197
-.1674194
-.1727382
-.1784564
-.1812318
-.1848207
-.1885993
-.191587
-.1965107
-.1999792
-.2040878
-.207144
-.2086495
-.2120158
-.212604
-.2134399
-.2164952
-.2169802
-.218815
-.2223605
-.2239648
-.2259832
-.227597
-.228005
-.2281921
-.2275832
-.2286487
-.2287838
-.2295669
-.2321232
-.2332173
-.2343512
-.236036
-.2350589
-.2332199
-.2324151
-.2311998
-.2314787
-.2326689
-.2344629
-.2357736
-.2359217
-.2366623
-.2355068
-.2339804
-.2335811
-.2322722
-.231263
-.2312076
-.2306566
-.2304609
-.2302079
-.2291935
-.2277651
-.2256367
-.2250745
-.2253976
-.2250962
-.2266511
-.2270877
-.2258056
-.2260438
-.2246249
-.222623
-.2219274
-.2205605
-.2195461
-.2193642
-.2187942
-.2192464
-.2179366
-.2163808
-.2152781
-.2125009
-.2121318
-.2117602
-.211328
-.2121076
-.2119777
-.2118425
-.2119551
-.2112803
-.2108255
-.2100043
-.2085317
-.2072367
-.2060187
-.2045183
-.2037379
-.2026074
-.2012067
-.2002573
-.1990177
-.1991112
-.1986868
-.1988132
-.1995686
-.1992559
-.1997696
-.1996422
-.1990722
-.197837
-.1971206
-.1964432
-.1950069
-.1937734
-.1928569
-.1917464
-.1910178
-.191911
-.1910386
-.1903439
-.1904773
-.189378
-.1889068
-.188711
-.188523
-.1880761
-.1878335
-.1875987
-.1868884
-.1864787
-.1869846
-.1869889
-.1858056
-.1854522
-.1840757
-.1841086
-.1836131
-.1835603
-.1833437
-.181561
-.1819439
-.1809849
-.1807623
-.1807597
-.1804253
-.1794993
-.1785473
-.1781878
-.1775935
-.1787058
-.178789
-.1778015
-.177306
-.176166
-.1749359
-.1754868
-.1749134
-.1747722
-.1763193
-.1763453
-.1777417
-.177843
-.1776247
-.1773805
-.1764206
-.1763514
-.1755145
-.1746466
-.1750425
-.1740159
-.1724246
-.171464
-.1694811
-.1695773
-.1709953
-.1724515
-.1740904
-.1746301
-.1746119
-.1741805
-.1731436
-.1723527
-.1713999
-.17
-.1697912
-.168562
-.1679089
-.167571
-.1668815
-.166846
-.1663505
-.1666519
-.1662708
-.1662292
-.1677668
-.1680388
-.1688418
-.1697029
-.1691277
-.1690818
-.1692498
-.1692368
-.1687777
-.1681185
-.1675398
-.1668815
-.1664016
-.1666147
-.165369
-.1639441
-.1632077
-.1625017
-.1626256
-.1639354
-.1649558
-.165622
-.1666
-.1663375
-.1663886
-.1664596
-.1661556
-.1657701
-.1641485
-.1629435
-.1618269
-.1611547
-.1613661
-.1617256
-.1612474
-.1616944
-.1614336
-.1611876
-.162079
-.1619785
-.1630085
-.1630319
-.1627356
-.1625173
-.1618304
-.1615887
-.1615428
-.1612968
-.1605943
-.1597774
-.1589553
-.1587448
-.1591407
-.1601733
-.1606878
-.160434
-.1599818
-.1586409
-.1583048
-.15796
-.1575381
-.1579842
-.1577469
-.1578023
-.1584823
-.1584494
-.1581895
-.1579712
-.1566537
-.15568
-.1560369
-.1560819
-.1572756
-.1584381
-.1577504
-.1581194
-.1577452
-.1574887
-.1578093
-.1566156
-.1560984
-.1553985
-.1545608
-.1552477
-.1551932
-.1545868
-.1544499
-.1528127
-.1514605
-.1519387
-.152435
-.1539752
-.1550069
-.1553032
-.1555466
-.1551092
-.1557692
-.1544664
-.1538825
-.1538427
-.1523389
-.1525693
-.1518633
-.1513011
-.1510542
-.1510005
-.1503846
-.1501715
-.1496925
-.1499628
-.1502313
-.1502469
-.1513799
-.1505007
-.1510213
-.1515965
-.1517498
-.1522367
-.152435
-.1517082
-.151269
-.1513444
-.151444
-.1516251
-.151049
-.1499238
-.1487275
-.1482614
-.1487846
-.1495374
-.1501065
-.1509945
-.1509
-.1510663
-.1523727
-.1523042
-.1526247
-.1526681
-.1510698
-.1496977
-.1486946
-.1481098
-.1481947
-.1484468
-.1484416
-.1480137
-.1474645
-.1480163
-.1487223
-.1494984
-.1505561
-.1501741
-.1496994
-.149637
-.1500286
-.1498614
-.1500424
-.1498865
-.148737
-.1481341
-.1476144
-.1476274
-.1474264
-.1484451
-.1486409
-.148225
-.1488999
-.1485352
-.1489128
-.1487769
-.14829
-.1482961
-.1479271
-.1479427
-.1484044
-.1485204
-.1486842
-.1491632
-.1480284
-.1477642
-.1473813
-.147131
-.1478058
-.1474307
-.1476542
-.1476481
-.1478569
-.1487708
-.1490982
-.1487327
-.1488505
-.1479738
-.1477616
-.1482398
-.1477226
-.1485126
-.1476828
-.1467732
-.1458896
-.1451611
-.1458472
-.1467074
-.1478889
-.1482502
-.1484875
-.1489163
-.1493659
-.149482
-.1495296
-.1483602
-.1471024
-.146431
-.1456289
-.1453145
-.1458619
-.1452772
-.1443009
-.1443001
-.1434676
-.1445556
-.1461746
-.1476057
-.1488947
-.1490913
-.1498224
-.1499298
-.1499896
-.1500537
-.1491164
-.1479392
-.1474662
-.1469456
-.1466641
-.1476992
-.1473553
-.1469031
-.14614
-.1450624
-.1450832
-.1456289
-.1466857
-.1477919
-.1481462
-.1486556
-.1491121
-.1493495
-.1502616
-.1504782
-.1505293
-.1506523
-.1490584
-.1487673
-.1492724
-.1501126
