Potencial	Intensidad
mv	uA
-197.009100	-0.194873
-198.008800	-0.195190
-198.551200	-0.180385
-198.596600	-0.163231
-198.151500	-0.144885
-197.186500	-0.124970
-196.188800	-0.119573
-195.188600	-0.114620
-194.187700	-0.110304
-193.199400	-0.106113
-192.201100	-0.102374
-191.227100	-0.099807
-190.224500	-0.097040
-189.211100	-0.095100
-188.203100	-0.093119
-187.204500	-0.090929
-186.205300	-0.089290
-185.238400	-0.088403
-184.269100	-0.086389
-183.263900	-0.084029
-182.266000	-0.081143
-181.262500	-0.077341
-180.249500	-0.075372
-179.254600	-0.074440
-178.281600	-0.073961
-177.291900	-0.073386
-176.290000	-0.071990
-175.295600	-0.071372
-174.291200	-0.070239
-173.277300	-0.068826
-172.320900	-0.067711
-171.325100	-0.064792
-170.309800	-0.061748
-169.321400	-0.060241
-168.281800	-0.058417
-167.259900	-0.058052
-166.262900	-0.058301
-165.268500	-0.057842
-164.283100	-0.057885
-163.286100	-0.056665
-162.284500	-0.056136
-161.289100	-0.055042
-160.272700	-0.052784
-159.266300	-0.051203
-158.266900	-0.048949
-157.225800	-0.046924
-156.209600	-0.046448
-155.217200	-0.045502
-154.243900	-0.044042
-153.268800	-0.043345
-152.305700	-0.041619
-151.306200	-0.040732
-150.294200	-0.039633
-149.300300	-0.037989
-148.281600	-0.036917
-147.299100	-0.035529
-146.284100	-0.034900
-145.260900	-0.034207
-144.276400	-0.033217
-143.268400	-0.032879
-142.278900	-0.032833
-141.301500	-0.031949
-140.285900	-0.031158
-139.301800	-0.030975
-138.322400	-0.029111
-137.329400	-0.028899
-136.348900	-0.028578
-135.336700	-0.027681
-134.337800	-0.028602
-133.340400	-0.027591
-132.313500	-0.026493
-131.299300	-0.024751
-130.270100	-0.022098
-129.265400	-0.022302
-128.282000	-0.022754
-127.307600	-0.022957
-126.334100	-0.023758
-125.329000	-0.022153
-124.332400	-0.021445
-123.348800	-0.020677
-122.345700	-0.019957
-121.356800	-0.019658
-120.354100	-0.018178
-119.320200	-0.017069
-118.294100	-0.017335
-117.285700	-0.017341
-116.278800	-0.018287
-115.278300	-0.019543
-114.289800	-0.019583
-113.280700	-0.019868
-112.301200	-0.019285
-111.311600	-0.017819
-110.318200	-0.016509
-109.308700	-0.015078
-108.283100	-0.014415
-107.273400	-0.013807
-106.252800	-0.013222
-105.250100	-0.013734
-104.272700	-0.013319
-103.277500	-0.013638
-102.291200	-0.014205
-101.312900	-0.013985
-100.296300	-0.013785
-99.284720	-0.012914
-98.297450	-0.011524
-97.306030	-0.010677
-96.310840	-0.010124
-95.314730	-0.010087
-94.334180	-0.009356
-93.332050	-0.008243
-92.333540	-0.008458
-91.347460	-0.008227
-90.319970	-0.009097
-89.314130	-0.010513
-88.328510	-0.011087
-87.323400	-0.010518
-86.328350	-0.009921
-85.335970	-0.009405
-84.341700	-0.008352
-83.351740	-0.007884
-82.357950	-0.006841
-81.350230	-0.004927
-80.335920	-0.003676
-79.328820	-0.004957
-78.339640	-0.006184
-77.331760	-0.007510
-76.328950	-0.008493
-75.320480	-0.007709
-74.307110	-0.007088
-73.323330	-0.006674
-72.323400	-0.006093
-71.328480	-0.005100
-70.338480	-0.003981
-69.331450	-0.002880
-68.329280	-0.002315
-67.314770	-0.002295
-66.303810	-0.003158
-65.317970	-0.004111
-64.333340	-0.004312
-63.362920	-0.004248
-62.373680	-0.003777
-61.349440	-0.002838
-60.353450	-0.002368
-59.340630	-0.001867
-58.317250	-0.000798
-57.342390	-0.000201
-56.303560	0.000507
-55.281780	0.001310
-54.284810	0.001778
-53.259530	0.002323
-52.302550	0.002451
-51.326630	0.002536
-50.340740	0.002685
-49.364520	0.002924
-48.337140	0.004004
-47.344990	0.003990
-46.349440	0.004166
-45.326740	0.004233
-44.339870	0.004051
-43.334880	0.005003
-42.330370	0.005165
-41.348100	0.004727
-40.352870	0.004109
-39.345260	0.003221
-38.356000	0.002867
-37.369980	0.003857
-36.367850	0.004545
-35.360190	0.004990
-34.364990	0.004850
-33.356280	0.004376
-32.355800	0.005219
-31.388890	0.006467
-30.378370	0.008073
-29.369370	0.008768
-28.381440	0.007559
-27.350890	0.006667
-26.341010	0.006455
-25.340740	0.006012
-24.339980	0.006761
-23.369300	0.007416
-22.376060	0.007053
-21.384390	0.007952
-20.368560	0.008989
-19.345310	0.009893
-18.335520	0.011253
-17.349990	0.012157
-16.341380	0.012614
-15.350700	0.011500
-14.361210	0.010523
-13.341680	0.010180
-12.372140	0.009276
-11.378910	0.009738
-10.373910	0.011331
-9.382727	0.012257
-8.363095	0.014371
-7.357730	0.016376
-6.349211	0.017374
-5.307374	0.018589
-4.297897	0.019181
-3.316933	0.018042
-2.381637	0.017055
-1.455538	0.015599
-0.503632	0.015340
0.492901	0.016329
1.524023	0.017244
2.541441	0.019081
3.550885	0.019578
4.537792	0.020787
5.521959	0.022937
6.503104	0.024323
7.492570	0.025301
8.494353	0.025818
9.497227	0.025372
10.518290	0.025050
11.519070	0.024962
12.518000	0.025362
13.512580	0.026023
14.473910	0.026247
15.462880	0.027779
16.455620	0.028338
17.439490	0.028768
18.454680	0.030201
19.444960	0.030839
20.448120	0.032211
21.475270	0.032260
22.461650	0.031609
23.475150	0.032464
24.467420	0.031873
25.426970	0.032772
26.438580	0.033449
27.418170	0.033047
28.412860	0.034005
29.424020	0.034769
30.420540	0.036114
31.429700	0.036368
32.416590	0.036266
33.434700	0.035684
34.433250	0.035089
35.432420	0.034446
36.443580	0.035186
37.427120	0.036153
38.429650	0.036900
39.429040	0.038804
40.443180	0.040273
41.457970	0.041290
42.460230	0.042081
43.477410	0.041985
44.463830	0.041187
45.450120	0.041543
46.452900	0.042304
47.446290	0.043084
48.454780	0.043811
49.471090	0.044481
50.468770	0.045138
51.471120	0.045772
52.463580	0.047071
53.453560	0.047517
54.437940	0.047365
55.406300	0.048094
56.406620	0.048680
57.387810	0.049088
58.388770	0.050016
59.402620	0.050377
60.402670	0.050746
61.423030	0.050392
62.424300	0.051089
63.420020	0.051705
64.418910	0.051796
65.377110	0.054234
66.384520	0.056424
67.389160	0.057564
68.385940	0.060166
69.406850	0.061189
70.412900	0.060133
71.416570	0.060616
72.412560	0.060254
73.434250	0.059513
74.397350	0.059135
75.378930	0.059361
76.361970	0.059592
77.342580	0.060341
78.359660	0.062286
79.373430	0.064992
80.381800	0.065776
81.381740	0.067380
82.400620	0.069129
83.405130	0.067523
84.403170	0.067638
85.398590	0.067664
86.379650	0.067989
87.362490	0.068826
88.367390	0.070168
89.370590	0.071526
90.366960	0.071922
91.383680	0.073310
92.392390	0.075405
93.398280	0.076608
94.396120	0.077453
95.386230	0.079310
96.386770	0.079602
97.391070	0.080315
98.391950	0.082592
99.405200	0.083062
100.386400	0.083795
101.387300	0.084983
102.401600	0.086225
103.382400	0.087613
104.382200	0.089055
105.376100	0.090392
106.362000	0.091293
107.365500	0.091885
108.378700	0.093095
109.365400	0.094064
110.385200	0.094724
111.398900	0.096952
112.412500	0.097944
113.415400	0.098971
114.396900	0.099654
115.367100	0.099887
116.341700	0.102279
117.359200	0.105075
118.347900	0.108204
119.361300	0.111099
120.361400	0.112413
121.323600	0.112377
122.330900	0.113400
123.343800	0.114365
124.353600	0.115001
125.363800	0.116499
126.351700	0.117615
127.315800	0.119659
128.298000	0.122226
129.295700	0.125668
130.313900	0.129959
131.330400	0.132122
132.337500	0.134527
133.327800	0.136692
134.320700	0.136701
135.302300	0.139319
136.294500	0.142596
137.320600	0.145515
138.316300	0.149258
139.341000	0.153220
140.354100	0.156739
141.327900	0.160370
142.317700	0.164875
143.307200	0.168569
144.302100	0.171467
145.312600	0.174984
146.316200	0.178508
147.325400	0.180998
148.323300	0.185186
149.333400	0.190556
150.348100	0.194519
151.344600	0.199080
152.362500	0.204450
153.368400	0.207413
154.372200	0.212152
155.383900	0.218345
156.367100	0.223807
157.355100	0.229300
158.341200	0.234240
159.321700	0.239470
160.321700	0.243851
161.312400	0.248660
162.327200	0.255330
163.332700	0.259730
164.328200	0.265659
165.326800	0.273186
166.297800	0.279528
167.278700	0.287547
168.279300	0.294851
169.298700	0.302742
170.316100	0.310222
171.314200	0.316869
172.319800	0.325008
173.305000	0.331972
174.280500	0.338484
175.313300	0.347277
176.314100	0.354551
177.304000	0.361877
178.321500	0.372043
179.294400	0.380105
180.277700	0.388955
181.287600	0.399133
182.283900	0.409148
183.283800	0.420036
184.282800	0.429441
185.277100	0.438185
186.280000	0.447568
187.289000	0.457400
188.298200	0.470437
189.314300	0.484425
190.324200	0.497613
191.326400	0.510998
192.338300	0.523039
193.321500	0.535374
194.322700	0.547905
195.330600	0.558274
196.317200	0.570365
197.338400	0.582653
198.331600	0.594656
199.346000	0.611667
200.371400	0.628326
201.372200	0.644068
202.370100	0.660223
203.372900	0.673439
204.357700	0.685873
205.349900	0.699944
206.356100	0.714578
207.332100	0.730566
208.319400	0.746066
209.296000	0.762258
210.291000	0.780452
211.274000	0.796241
212.284200	0.814731
213.309800	0.832819
214.298400	0.847898
215.302700	0.865084
216.293100	0.882072
217.268900	0.899331
218.264300	0.919145
219.267700	0.939811
220.266300	0.959920
221.278900	0.978502
222.286000	0.996634
223.278500	1.015519
224.277700	1.032089
225.278400	1.051079
226.273300	1.073573
227.291500	1.090462
228.297300	1.111639
229.288400	1.134567
230.284900	1.151818
231.259700	1.174237
232.253500	1.195971
233.264700	1.214111
234.279500	1.232969
235.289700	1.251874
236.272500	1.270826
237.254000	1.291321
238.230700	1.314187
239.232900	1.341192
240.252700	1.363941
241.253000	1.385125
242.268000	1.407671
243.273900	1.422103
244.251400	1.439842
245.253100	1.460645
246.246000	1.477764
247.211700	1.498156
248.209400	1.519788
249.215000	1.541031
250.229000	1.564420
251.261300	1.586571
252.300600	1.607938
253.293200	1.624993
254.271800	1.638622
255.286300	1.655258
256.253800	1.669788
257.253900	1.686525
258.260700	1.707954
259.232000	1.725340
260.247300	1.742944
261.239200	1.760188
262.240400	1.773909
263.247800	1.787997
264.213000	1.801889
265.198200	1.815402
266.202900	1.830162
267.196400	1.844977
268.193400	1.859766
269.213600	1.875069
270.200600	1.887778
271.198800	1.900951
272.217000	1.911359
273.212700	1.919585
274.223000	1.927903
275.220700	1.933260
276.228400	1.943017
277.218900	1.953430
278.200100	1.962703
279.189800	1.974975
280.170700	1.982948
281.188400	1.988460
282.200200	1.995118
283.214100	1.999123
284.228500	2.002066
285.223200	2.005401
286.220400	2.007613
287.212500	2.010529
288.212100	2.013498
289.190400	2.020106
290.191000	2.026248
291.200800	2.028088
292.196300	2.029890
293.212700	2.027071
294.218100	2.021161
295.200800	2.019529
296.208700	2.018546
297.208600	2.015790
298.202000	2.015113
299.217500	2.013738
300.227600	2.011697
301.232900	2.009340
302.256800	2.007176
303.259400	2.004096
304.261100	1.996342
305.273800	1.990637
306.246700	1.985472
307.252200	1.976579
308.238300	1.971267
309.227900	1.967000
310.233000	1.958240
311.213800	1.952393
312.205300	1.946522
313.200000	1.937268
314.195600	1.929281
315.189500	1.921425
316.199400	1.914866
317.203100	1.907305
318.202900	1.900382
319.199500	1.892967
320.174400	1.882472
321.152600	1.874325
322.147100	1.866326
323.150500	1.857749
324.138200	1.848492
325.145600	1.838907
326.126300	1.828886
327.136200	1.819711
328.166000	1.813917
329.178300	1.808505
330.200100	1.801627
331.184800	1.791508
332.180200	1.781842
333.160200	1.770417
334.141500	1.760856
335.156700	1.753885
336.166200	1.744515
337.162100	1.736272
338.165100	1.728472
339.165600	1.721803
340.156200	1.715450
341.173700	1.709436
342.169700	1.701778
343.166100	1.692867
344.171400	1.683803
345.166100	1.674390
346.171300	1.666381
347.161000	1.658089
348.156800	1.650742
349.160500	1.643606
350.195000	1.636580
351.203900	1.631156
352.225200	1.624800
353.235000	1.618508
354.219200	1.612957
355.223000	1.606074
356.210000	1.599939
357.177100	1.593562
358.155800	1.585769
359.139900	1.580017
360.146400	1.573902
361.185900	1.568151
362.205400	1.563721
363.211400	1.557950
364.179500	1.551833
365.142400	1.546408
366.131800	1.541642
367.151600	1.537922
368.163000	1.533728
369.176900	1.529212
370.182800	1.523508
371.164500	1.516283
372.159500	1.510861
373.174800	1.506147
374.158200	1.499878
375.147900	1.496001
376.146800	1.491951
377.120900	1.487030
378.133900	1.484783
379.163000	1.482261
380.184200	1.478952
381.225500	1.474953
382.221000	1.469995
383.211500	1.464553
384.191500	1.459837
385.163300	1.456179
386.166700	1.454188
387.137200	1.450697
388.114100	1.447909
389.106400	1.446839
390.092800	1.443127
391.111100	1.441410
392.170400	1.439264
393.189500	1.435181
394.217700	1.431441
395.214200	1.427044
396.177000	1.422645
397.155500	1.418352
398.123800	1.415490
399.150500	1.414617
400.165300	1.413025
401.183000	1.411628
402.207300	1.410808
403.215100	1.408002
404.206200	1.406229
405.197600	1.405540
406.198700	1.402625
407.180300	1.399644
408.191400	1.396097
409.202100	1.392009
410.200900	1.390314
411.202300	1.388846
412.202100	1.388109
413.202400	1.386631
414.193500	1.383808
415.186600	1.382645
416.166600	1.381464
417.156300	1.380897
418.160100	1.381125
419.156800	1.379514
420.167800	1.376997
421.187900	1.374966
422.160100	1.372724
423.166200	1.371809
424.156100	1.370222
425.119500	1.368339
426.132600	1.366099
427.107700	1.363454
428.117100	1.363151
429.134000	1.362607
430.154000	1.362297
431.180000	1.361907
432.185200	1.360244
433.190800	1.358713
434.175100	1.357786
435.144600	1.356241
436.108500	1.356331
437.091200	1.356194
438.075100	1.355292
439.084400	1.355894
440.110600	1.354864
441.105000	1.354047
442.108600	1.353490
443.114700	1.352522
444.099100	1.351903
445.100600	1.351431
446.095500	1.350800
447.079400	1.350383
448.075300	1.349762
449.076400	1.350039
450.092900	1.350627
451.099700	1.349596
452.120200	1.350057
453.114800	1.349424
454.105700	1.348490
455.106700	1.349570
456.106000	1.349923
457.109800	1.349987
458.110300	1.349823
459.116900	1.349024
460.121600	1.348180
461.116000	1.347617
462.127700	1.347459
463.136500	1.346918
464.113000	1.345520
465.112500	1.345554
466.108600	1.347257
467.083300	1.347865
468.080900	1.348962
469.093900	1.349171
470.073800	1.347742
471.075700	1.345875
472.078800	1.345671
473.047000	1.344539
474.040000	1.343504
475.013500	1.344857
476.006300	1.343771
477.027600	1.343876
478.049000	1.345379
479.068000	1.345759
480.065600	1.347036
481.049400	1.346271
482.058600	1.346116
483.052200	1.345178
484.069900	1.344563
485.070600	1.345033
486.040800	1.344041
487.040000	1.344499
488.022200	1.345633
489.031200	1.347193
490.050800	1.348729
491.062200	1.349549
492.077800	1.349505
493.088000	1.349706
494.080700	1.348508
495.092100	1.348474
496.090800	1.347781
497.068200	1.346420
498.084600	1.347217
499.066000	1.347214
500.074000	1.348565
501.104300	1.350477
502.088900	1.351149
503.105500	1.351661
504.103800	1.351824
505.088700	1.352705
506.100300	1.354586
507.085600	1.355714
508.075400	1.357173
509.093500	1.357645
510.081200	1.357426
511.110000	1.358807
512.102800	1.358741
513.092300	1.359786
514.090800	1.360590
515.066200	1.359979
516.054100	1.361270
517.034800	1.362353
518.021700	1.363060
519.014600	1.364473
520.033600	1.364515
521.051300	1.363559
522.073700	1.363187
523.096700	1.362913
524.099800	1.363093
525.079200	1.363623
526.054500	1.363751
527.034400	1.365133
528.015900	1.366326
529.025700	1.368683
530.035200	1.370062
531.021900	1.369344
532.024800	1.369421
533.032500	1.368571
534.039900	1.368001
535.044400	1.368839
536.043500	1.369570
537.034700	1.369352
538.010000	1.371024
539.016200	1.373429
540.013000	1.375446
540.997400	1.377379
542.009500	1.378102
542.990500	1.378116
543.991400	1.377071
544.982900	1.377028
545.992900	1.378042
547.000300	1.377710
547.996300	1.378209
549.002700	1.380120
550.000500	1.380702
551.009500	1.383174
552.030900	1.386376
553.050500	1.387055
554.034500	1.388726
555.031800	1.389473
556.003700	1.389505
556.994500	1.390186
558.030500	1.390146
559.054300	1.391293
560.081700	1.391586
561.100000	1.392164
562.072800	1.394428
563.055700	1.394467
564.028900	1.394922
565.015400	1.396753
566.010100	1.397551
566.991600	1.399145
568.004600	1.401554
568.992100	1.402661
569.992100	1.403352
571.013900	1.403766
572.017700	1.404602
573.057600	1.405159
574.048100	1.405407
575.024000	1.406629
576.009600	1.407307
576.959700	1.409012
577.964700	1.412478
578.982100	1.415149
579.985800	1.417124
581.009000	1.418670
581.998700	1.418250
582.998800	1.419241
583.999900	1.420188
584.992600	1.421328
586.010700	1.423432
586.992700	1.424225
587.971300	1.426525
588.971300	1.429211
589.971100	1.431916
591.002000	1.435434
592.027000	1.437470
593.030200	1.437997
594.034300	1.439084
595.009400	1.439362
596.003800	1.440822
596.989100	1.443704
597.986600	1.445346
598.602300	1.419889
598.699500	1.384687
598.300000	1.343159
597.405500	1.297998
596.387700	1.275314
595.374900	1.257887
594.360100	1.244103
593.340200	1.231665
592.331200	1.221568
591.303500	1.213800
590.316800	1.205158
589.333400	1.196826
588.335000	1.188760
587.381700	1.180466
586.397800	1.172493
585.374800	1.164392
584.383200	1.158278
583.377700	1.151671
582.367400	1.146519
581.368900	1.143186
580.392000	1.138734
579.379000	1.135201
578.378300	1.131339
577.402000	1.127424
576.372900	1.124563
575.394700	1.120841
574.383900	1.117549
573.367600	1.114032
572.348000	1.109655
571.331300	1.107165
570.316500	1.104644
569.307400	1.100114
568.329900	1.098084
567.327000	1.093863
566.341500	1.090033
565.348500	1.088170
564.373200	1.085417
563.375600	1.083926
562.402200	1.083106
561.425400	1.081888
560.415300	1.079819
559.422000	1.078149
558.396000	1.074725
557.370500	1.073423
556.363800	1.071860
555.361500	1.070670
554.357200	1.070833
553.365400	1.069502
552.367700	1.068616
551.364300	1.067300
550.388900	1.066056
549.400700	1.064585
548.386700	1.062124
547.399600	1.060156
546.397800	1.058243
545.371500	1.055564
544.378100	1.054346
543.360800	1.053287
542.335800	1.051614
541.356800	1.051893
540.358600	1.051826
539.375800	1.052310
538.406100	1.051968
537.402300	1.051750
536.422700	1.050538
535.419600	1.048015
534.401200	1.046664
533.402500	1.044927
532.375100	1.043105
531.367900	1.041880
530.362500	1.041543
529.371000	1.039811
528.395800	1.039726
527.404000	1.039488
526.404300	1.038032
525.392500	1.037685
524.388100	1.036518
523.384800	1.035993
522.386500	1.035575
521.401900	1.035463
520.415100	1.036223
519.417100	1.035649
518.438400	1.035172
517.423600	1.034889
516.416500	1.032462
515.424100	1.030841
514.425200	1.030069
513.422700	1.028157
512.427500	1.027964
511.460600	1.028159
510.465200	1.027797
509.484400	1.028115
508.472900	1.027622
507.445200	1.027403
506.428300	1.026211
505.415200	1.024856
504.419000	1.024492
503.418200	1.023497
502.414600	1.023819
501.420500	1.025144
500.409500	1.024716
499.408300	1.023864
498.438500	1.022559
497.426500	1.019886
496.418100	1.018484
495.414100	1.017686
494.404400	1.017482
493.395100	1.017648
492.397000	1.017617
491.383600	1.018080
490.376800	1.018309
489.381800	1.018335
488.400200	1.019167
487.417900	1.019034
486.431800	1.018090
485.467800	1.017417
484.446800	1.015998
483.447400	1.015442
482.431700	1.015821
481.406900	1.016094
480.416400	1.016304
479.421000	1.015567
478.410600	1.013580
477.415000	1.012176
476.424100	1.010819
475.412800	1.009084
474.423800	1.009111
473.419500	1.008471
472.420400	1.008183
471.418500	1.007471
470.410300	1.007364
469.428600	1.007816
468.428200	1.007011
467.429900	1.007980
466.455700	1.007650
465.443600	1.006748
464.453300	1.007491
463.470400	1.008238
462.465800	1.008221
461.472700	1.008451
460.468900	1.007561
459.483400	1.005593
458.500600	1.003619
457.503800	1.001937
456.509500	1.001040
455.496500	0.999430
454.484900	0.998986
453.477700	0.998831
452.462800	0.997813
451.454600	0.998460
450.442500	0.999456
449.450800	0.999551
448.449300	1.000272
447.451000	1.000919
446.458700	0.999525
445.443400	0.998898
444.440900	0.998245
443.436600	0.997239
442.420300	0.996212
441.419000	0.995417
440.433800	0.994626
439.433800	0.993451
438.460600	0.992920
437.482700	0.992558
436.496200	0.991669
435.514100	0.990543
434.510100	0.990886
433.496400	0.989910
432.478800	0.989325
431.476400	0.989637
430.472300	0.989866
429.487300	0.990250
428.504400	0.990717
427.502300	0.991272
426.493200	0.990177
425.476700	0.989501
424.458200	0.989406
423.450400	0.988392
422.458900	0.988145
421.473600	0.988276
420.501800	0.987086
419.513700	0.985500
418.515100	0.985514
417.510800	0.984539
416.498600	0.984586
415.505000	0.985504
414.501700	0.984375
413.512800	0.983448
412.516100	0.982676
411.520500	0.981943
410.544000	0.981813
409.565800	0.980092
408.599400	0.979527
407.600300	0.978254
406.577900	0.975323
405.562900	0.975696
404.520700	0.973816
403.499300	0.973460
402.502200	0.973682
401.486500	0.972043
400.485200	0.972460
399.508600	0.971741
398.518100	0.971587
397.517900	0.972186
396.529800	0.971447
395.507000	0.969969
394.487200	0.968251
393.475600	0.967190
392.474500	0.966461
391.477100	0.966800
390.490100	0.967794
389.498100	0.967289
388.486100	0.964656
387.491100	0.962951
386.481500	0.960857
385.494600	0.958646
384.496400	0.958326
383.501500	0.957188
382.503700	0.955444
381.497600	0.954191
380.487800	0.952796
379.492900	0.951505
378.489200	0.950759
377.486700	0.949841
376.504500	0.949000
375.488700	0.946634
374.520500	0.945026
373.523600	0.944680
372.528900	0.943474
371.548000	0.943565
370.551800	0.943280
369.554500	0.940377
368.551300	0.938015
367.560200	0.935262
366.531300	0.931908
365.532800	0.929846
364.525900	0.927757
363.512900	0.925914
362.527600	0.924273
361.531100	0.922370
360.549700	0.921620
359.544600	0.920283
358.554200	0.918892
357.582800	0.918330
356.588100	0.915017
355.580200	0.912760
354.557800	0.910815
353.521500	0.908414
352.507300	0.907166
351.512300	0.905059
350.500100	0.902393
349.511800	0.898977
348.508700	0.895401
347.509700	0.891875
346.517700	0.888445
345.512900	0.884932
344.488600	0.881791
343.476100	0.877991
342.489800	0.873781
341.504400	0.871526
340.530700	0.868600
339.559200	0.867153
338.571700	0.866128
337.577800	0.862458
336.568800	0.859377
335.552500	0.854581
334.530700	0.850066
333.522200	0.847005
332.538600	0.842561
331.554800	0.838494
330.570800	0.833239
329.559400	0.827531
328.573400	0.822662
327.558200	0.817500
326.552600	0.813335
325.538500	0.808757
324.503300	0.802678
323.485700	0.796955
322.480400	0.791093
321.472900	0.785178
320.476800	0.781766
319.525200	0.778164
318.536400	0.772529
317.559900	0.767062
316.572300	0.759453
315.559600	0.751765
314.563500	0.744971
313.560900	0.738499
312.574200	0.732458
311.582600	0.725403
310.566100	0.718733
309.562000	0.712137
308.567000	0.703873
307.558300	0.697127
306.583100	0.689882
305.611500	0.679137
304.587300	0.669768
303.585500	0.659914
302.560800	0.650088
301.548800	0.643436
300.562000	0.637167
299.556500	0.629908
298.563100	0.621189
297.543800	0.611818
296.554500	0.602177
295.547100	0.590678
294.538900	0.580706
293.553100	0.571806
292.532200	0.559084
291.521700	0.549011
290.536900	0.539528
289.540600	0.528288
288.550000	0.519923
287.573400	0.510528
286.573600	0.499066
285.567500	0.486508
284.552300	0.473093
283.533500	0.460943
282.544800	0.449253
281.549800	0.439710
280.575200	0.432332
279.599300	0.420885
278.589300	0.408128
277.581800	0.396006
276.582500	0.380361
275.573600	0.366498
274.568800	0.355363
273.566000	0.341760
272.539100	0.329792
271.540400	0.318083
270.547000	0.305345
269.567200	0.294618
268.588900	0.283903
267.600500	0.271951
266.595600	0.260021
265.568900	0.246136
264.572500	0.234113
263.570000	0.223504
262.573700	0.212373
261.589100	0.204289
260.591000	0.191573
259.585600	0.179297
258.584900	0.166658
257.593400	0.153339
256.604900	0.140385
255.603800	0.130211
254.622000	0.118757
253.613200	0.105688
252.582100	0.094971
251.576500	0.082192
250.570300	0.070727
249.593800	0.063752
248.618000	0.055988
247.629200	0.046016
246.619400	0.036843
245.610800	0.024925
244.593800	0.011262
243.601900	0.001994
242.604100	-0.006628
241.608900	-0.018403
240.608400	-0.026576
239.603900	-0.035602
238.607900	-0.046743
237.592300	-0.053538
236.601200	-0.061311
235.598000	-0.070415
234.591700	-0.079838
233.593500	-0.089938
232.583800	-0.097999
231.582100	-0.106392
230.584400	-0.111256
229.601500	-0.114434
228.620000	-0.121989
227.623200	-0.128262
226.647500	-0.135223
225.643000	-0.145768
224.637900	-0.152683
223.642200	-0.158121
222.625000	-0.164673
221.620100	-0.169413
220.610800	-0.174157
219.607100	-0.179612
218.607600	-0.184516
217.627700	-0.189668
216.654600	-0.193936
215.646300	-0.201012
214.639600	-0.208565
213.616900	-0.213685
212.595900	-0.220573
211.607000	-0.224182
210.630200	-0.224730
209.646900	-0.227605
208.678700	-0.229300
207.701800	-0.230976
206.714200	-0.235090
205.708900	-0.238553
204.719200	-0.241760
203.711500	-0.244897
202.697200	-0.248287
201.698900	-0.252774
200.688600	-0.255346
199.696700	-0.258600
198.693000	-0.260733
197.694400	-0.261117
196.670700	-0.264364
195.660500	-0.267528
194.646500	-0.270440
193.636500	-0.274243
192.642500	-0.275140
191.644000	-0.274798
190.640400	-0.274874
189.651000	-0.274455
188.665400	-0.275945
187.658800	-0.277682
186.671200	-0.279999
185.666600	-0.283070
184.645200	-0.284447
183.645400	-0.287064
182.631900	-0.288338
181.632500	-0.288458
180.632400	-0.288744
179.646600	-0.288191
178.674900	-0.286556
177.675800	-0.287075
176.679000	-0.287540
175.666500	-0.288770
174.647400	-0.291342
173.638400	-0.291421
172.649200	-0.291855
171.649100	-0.290702
170.664800	-0.289215
169.671800	-0.289167
168.665900	-0.289017
167.653900	-0.290263
166.662100	-0.291220
165.679900	-0.291375
164.684700	-0.292625
163.696700	-0.292886
162.688100	-0.292768
161.675800	-0.293585
160.662000	-0.291555
159.665100	-0.289896
158.662200	-0.289687
157.667400	-0.288430
156.681800	-0.288909
155.684100	-0.289708
154.662500	-0.289168
153.659100	-0.287565
152.679400	-0.285250
151.693100	-0.283766
150.703700	-0.282147
149.699500	-0.282446
148.693300	-0.284015
147.678000	-0.284183
146.698000	-0.283936
145.699200	-0.284284
144.682600	-0.283371
143.685900	-0.282517
142.667100	-0.282536
141.666200	-0.280959
140.698900	-0.279142
139.701700	-0.277399
138.727400	-0.276195
137.731200	-0.274948
136.705100	-0.273806
135.697500	-0.273904
134.703600	-0.272779
133.718900	-0.271374
132.720400	-0.271364
131.717300	-0.269842
130.686300	-0.268592
129.675600	-0.269607
128.679800	-0.269162
127.702100	-0.268994
126.728700	-0.269045
125.726600	-0.268782
124.710300	-0.268869
123.683900	-0.268656
122.667900	-0.268708
121.653000	-0.267509
120.662300	-0.265259
119.679200	-0.263985
118.698700	-0.262014
117.743700	-0.260128
116.755300	-0.259881
115.745700	-0.258576
114.732900	-0.257707
113.706600	-0.257816
112.693300	-0.257238
111.697000	-0.257451
110.678400	-0.257283
109.683300	-0.256197
108.684800	-0.255110
107.709100	-0.253454
106.738100	-0.252934
105.738700	-0.253088
104.733300	-0.252712
103.731100	-0.252409
102.726400	-0.250864
101.740100	-0.249305
100.760300	-0.249280
99.752600	-0.249283
98.750820	-0.250780
97.744670	-0.251072
96.744030	-0.249278
95.749980	-0.248174
94.746090	-0.246777
93.723930	-0.245884
92.735210	-0.246668
91.715260	-0.247020
90.703210	-0.246435
89.727660	-0.245335
88.731740	-0.243849
87.746100	-0.243733
86.766110	-0.242911
85.747340	-0.242418
84.720360	-0.243860
83.693570	-0.242914
82.694210	-0.243009
81.705490	-0.243478
80.722570	-0.241103
79.760520	-0.239729
78.775010	-0.238966
77.794450	-0.238129
76.795370	-0.238177
75.786960	-0.238107
74.784920	-0.238146
73.765800	-0.238394
72.761870	-0.238002
71.758440	-0.238685
70.749620	-0.237862
69.752620	-0.235936
68.748340	-0.235852
67.740210	-0.234628
66.749460	-0.233941
65.763370	-0.234751
64.763370	-0.235158
63.789870	-0.234946
62.767320	-0.234906
61.762780	-0.233409
60.766860	-0.231596
59.743980	-0.230534
58.757830	-0.230393
57.770240	-0.231505
56.788480	-0.231493
55.808940	-0.232467
54.809550	-0.232889
53.790730	-0.232442
52.759710	-0.233023
51.746020	-0.232524
50.761160	-0.231027
49.768490	-0.229991
48.797470	-0.228466
47.808960	-0.227190
46.810310	-0.226872
45.804480	-0.226561
44.794780	-0.226739
43.798470	-0.226180
42.785300	-0.225070
41.786550	-0.223789
40.795970	-0.221992
39.811320	-0.221715
38.822410	-0.222614
37.836980	-0.223481
36.836180	-0.225619
35.801590	-0.226558
34.793750	-0.226901
33.774200	-0.227239
32.756970	-0.226131
31.758800	-0.225644
30.750780	-0.225109
29.777030	-0.223639
28.791900	-0.223235
27.809820	-0.222280
26.827930	-0.221357
25.812970	-0.221715
24.828820	-0.220592
23.835060	-0.219796
22.832720	-0.218711
21.858640	-0.217317
20.841400	-0.217533
19.831430	-0.217773
18.839930	-0.218427
17.814800	-0.219666
16.815150	-0.219746
15.814670	-0.219816
14.808500	-0.220122
13.803180	-0.219408
12.821010	-0.219693
11.848670	-0.219505
10.842520	-0.219141
9.857285	-0.219272
8.869073	-0.218558
7.857928	-0.219334
6.863855	-0.218863
5.861527	-0.218644
4.854147	-0.218373
3.856426	-0.216777
2.876403	-0.216194
1.878698	-0.216385
0.890619	-0.216351
-0.091583	-0.216488
-1.047847	-0.216135
-2.004606	-0.215855
-2.969439	-0.216177
-3.955356	-0.216581
-4.979082	-0.217622
-5.989087	-0.217739
-7.001601	-0.217141
-8.009643	-0.217203
-9.018244	-0.216414
-10.018890	-0.215124
-11.031760	-0.214373
-12.018420	-0.212807
-12.989950	-0.211850
-13.961000	-0.212024
-14.950340	-0.211634
-15.972920	-0.211722
-16.988490	-0.212454
-18.013130	-0.212758
-19.019170	-0.213645
-19.991090	-0.214106
-20.975150	-0.213733
-21.963920	-0.213242
-22.960190	-0.212003
-23.970170	-0.211551
-24.975530	-0.211707
-25.975730	-0.211678
-26.981710	-0.213151
-27.981840	-0.213559
-28.998600	-0.212618
-30.010860	-0.212652
-31.004410	-0.211802
-32.003500	-0.211657
-33.013370	-0.212912
-34.008870	-0.213368
-35.007760	-0.213714
-36.014630	-0.213694
-36.993940	-0.212657
-38.012150	-0.211650
-39.010910	-0.210386
-40.012380	-0.209028
-41.024040	-0.209023
-42.011520	-0.209091
-43.001110	-0.209309
-43.990570	-0.209788
-44.975420	-0.209883
-45.974380	-0.210176
-46.988560	-0.210235
-47.993280	-0.210058
-48.991960	-0.209486
-49.973290	-0.207377
-50.960130	-0.207162
-51.918670	-0.206034
-52.924230	-0.206435
-53.946870	-0.208099
-54.951810	-0.207077
-55.995450	-0.208559
-57.008770	-0.208065
-57.989320	-0.207237
-58.990280	-0.208375
-59.961020	-0.207551
-60.932790	-0.207042
-61.930890	-0.206870
-62.945620	-0.205818
-63.953790	-0.205656
-64.991220	-0.205153
-66.001340	-0.204102
-66.997230	-0.202733
-68.009450	-0.201365
-68.982570	-0.199757
-69.993230	-0.199981
-70.981630	-0.200568
-71.984710	-0.201505
-72.981110	-0.202946
-73.976330	-0.202868
-74.984700	-0.204016
-75.979060	-0.203887
-76.971240	-0.203863
-77.958410	-0.203821
-78.952580	-0.203040
-79.950850	-0.201725
-80.964780	-0.200821
-81.957050	-0.200178
-82.953860	-0.198993
-83.955900	-0.199059
-84.945470	-0.198668
-85.971020	-0.198379
-86.971820	-0.197272
-87.978140	-0.197344
-88.990200	-0.197365
-89.967970	-0.197469
-90.957260	-0.199687
-91.949560	-0.200588
-92.936420	-0.201264
-93.924790	-0.201231
-94.945480	-0.200682
-95.943490	-0.199629
-96.955110	-0.199548
-97.960880	-0.199588
-98.960360	-0.199015
-99.962460	-0.198242
-100.949200	-0.197222
-101.933900	-0.196750
-102.902200	-0.196124
-103.900600	-0.196884
-104.892900	-0.196369
-105.906400	-0.195288
-106.925500	-0.194953
-107.914700	-0.194180
-108.937300	-0.194126
-109.947000	-0.194840
-110.941700	-0.195234
-111.946000	-0.195444
-112.951200	-0.195943
-113.932000	-0.196033
-114.927200	-0.197335
-115.935100	-0.197803
-116.938400	-0.198622
-117.973900	-0.199562
-118.998400	-0.198417
-120.004900	-0.197936
-120.992600	-0.196790
-121.977400	-0.195198
-122.944500	-0.194884
-123.957700	-0.194756
-124.957700	-0.194503
-125.964700	-0.194570
-126.996600	-0.194073
-127.982100	-0.193274
-128.977900	-0.193558
-129.977100	-0.193151
-130.963300	-0.193202
-131.955100	-0.193034
-132.960400	-0.192506
-133.964600	-0.192403
-134.969600	-0.191987
-135.966400	-0.192514
-136.979200	-0.192468
-137.965200	-0.192410
-138.967100	-0.192660
-139.979900	-0.192109
-140.963200	-0.191739
-141.944100	-0.191984
-142.938900	-0.191781
-143.942200	-0.192361
-144.947100	-0.192744
-145.979600	-0.192717
-146.983300	-0.193011
-147.977800	-0.193038
-148.970100	-0.193783
-149.957600	-0.193729
-150.934200	-0.193563
-151.919100	-0.193376
-152.901300	-0.192541
-153.882000	-0.192297
-154.894400	-0.193508
-155.903000	-0.193526
-156.915300	-0.193578
-157.938700	-0.194150
-158.949900	-0.192612
-159.957400	-0.191681
-160.961000	-0.191804
-161.946100	-0.191519
-162.941100	-0.192153
-163.929900	-0.193582
-164.930100	-0.193862
-165.941300	-0.194524
-166.920500	-0.194424
-167.928200	-0.194735
-168.939500	-0.195313
-169.932400	-0.194634
-170.952100	-0.194751
-171.944900	-0.194308
-172.924800	-0.193419
-173.932300	-0.193941
-174.929600	-0.195022
-175.933800	-0.195263
-176.930200	-0.195528
-177.909100	-0.194834
-178.900000	-0.193171
-179.855500	-0.192735
-180.844900	-0.193790
-181.855800	-0.195727
-182.841000	-0.197293
-183.871100	-0.198681
-184.885100	-0.199193
-185.888600	-0.198876
-186.898300	-0.199379
-187.898300	-0.199682
-188.901900	-0.199672
-189.881900	-0.199689
-190.885500	-0.198175
-191.856700	-0.197589
-192.843700	-0.198168
-193.866900	-0.198345
-194.871700	-0.200403
-195.902300	-0.200029
