Potencial	Intensidad
mv	uA
-196.704000	-0.277679
-197.693000	-0.278072
-198.372700	-0.263548
-198.579300	-0.248162
-198.309500	-0.230443
-197.525400	-0.210063
-196.551000	-0.202443
-195.560500	-0.195806
-194.543000	-0.190426
-193.545600	-0.185920
-192.528400	-0.181346
-191.539300	-0.177444
-190.548900	-0.173974
-189.559700	-0.169777
-188.560700	-0.166725
-187.552000	-0.162598
-186.551900	-0.158352
-185.551100	-0.156518
-184.556500	-0.153867
-183.547400	-0.152481
-182.545300	-0.151179
-181.524700	-0.148850
-180.537600	-0.146607
-179.557600	-0.144095
-178.564300	-0.142315
-177.583300	-0.140277
-176.585000	-0.137772
-175.578500	-0.135562
-174.567700	-0.132794
-173.559600	-0.130807
-172.568500	-0.130876
-171.579700	-0.130529
-170.568500	-0.129876
-169.572400	-0.128656
-168.566500	-0.126882
-167.567900	-0.125569
-166.617700	-0.123949
-165.616100	-0.122530
-164.610400	-0.119896
-163.610700	-0.116618
-162.586000	-0.114804
-161.599700	-0.113664
-160.584200	-0.112564
-159.569000	-0.112652
-158.546000	-0.111890
-157.520000	-0.110390
-156.522100	-0.110498
-155.521300	-0.109724
-154.546200	-0.109296
-153.579700	-0.108652
-152.602400	-0.106834
-151.614500	-0.104602
-150.595000	-0.102472
-149.580600	-0.100330
-148.578700	-0.099169
-147.580700	-0.098181
-146.597200	-0.097303
-145.611100	-0.097294
-144.600100	-0.095982
-143.584000	-0.095371
-142.570600	-0.093629
-141.553500	-0.091473
-140.559900	-0.089913
-139.565500	-0.088426
-138.582800	-0.087341
-137.599600	-0.086032
-136.610300	-0.085156
-135.612900	-0.084667
-134.620900	-0.084906
-133.602300	-0.084488
-132.592200	-0.083935
-131.590200	-0.082516
-130.578900	-0.080553
-129.572900	-0.080005
-128.559700	-0.079051
-127.567700	-0.078739
-126.572800	-0.078207
-125.584200	-0.076117
-124.599100	-0.074827
-123.611000	-0.073237
-122.633300	-0.072337
-121.638000	-0.073088
-120.647500	-0.073071
-119.644800	-0.072529
-118.626400	-0.072731
-117.623000	-0.072543
-116.612200	-0.072770
-115.629500	-0.073557
-114.622000	-0.072801
-113.643700	-0.071284
-112.647500	-0.069756
-111.617200	-0.068770
-110.620300	-0.067723
-109.586800	-0.066971
-108.594900	-0.067025
-107.604900	-0.066189
-106.581000	-0.065794
-105.595100	-0.066143
-104.571000	-0.065506
-103.566700	-0.064288
-102.602500	-0.062675
-101.614400	-0.060276
-100.635500	-0.058086
-99.640080	-0.057128
-98.629660	-0.056547
-97.619040	-0.056657
-96.634870	-0.057199
-95.622160	-0.057548
-94.635750	-0.057387
-93.630830	-0.055861
-92.614350	-0.054312
-91.634460	-0.053162
-90.626210	-0.052145
-89.628850	-0.052367
-88.628270	-0.051987
-87.596290	-0.050438
-86.587840	-0.049888
-85.588880	-0.048825
-84.586000	-0.047943
-83.601010	-0.047385
-82.596660	-0.046389
-81.582700	-0.045462
-80.563240	-0.044427
-79.560420	-0.044724
-78.585710	-0.045571
-77.607270	-0.046363
-76.637790	-0.046403
-75.654030	-0.044279
-74.640740	-0.040999
-73.645510	-0.039547
-72.647850	-0.039681
-71.656430	-0.039861
-70.670800	-0.040995
-69.675870	-0.040856
-68.669880	-0.041201
-67.666920	-0.041429
-66.652590	-0.041484
-65.642250	-0.039991
-64.679720	-0.037709
-63.688190	-0.035872
-62.690810	-0.032882
-61.694580	-0.031880
-60.654510	-0.031590
-59.630990	-0.031506
-58.634760	-0.032243
-57.638260	-0.033430
-56.639810	-0.033481
-55.636390	-0.033250
-54.611790	-0.032636
-53.587070	-0.030146
-52.574970	-0.028218
-51.575270	-0.027315
-50.590670	-0.027749
-49.611480	-0.028989
-48.615460	-0.029536
-47.626780	-0.029692
-46.642570	-0.029002
-45.627850	-0.028283
-44.635220	-0.028042
-43.621340	-0.027293
-42.606410	-0.026553
-41.606280	-0.026391
-40.597690	-0.025174
-39.611560	-0.024679
-38.613870	-0.024325
-37.626450	-0.021611
-36.643000	-0.019978
-35.645260	-0.018993
-34.650760	-0.018534
-33.659440	-0.019835
-32.673660	-0.021357
-31.681050	-0.022499
-30.684880	-0.022471
-29.669780	-0.022091
-28.632990	-0.022160
-27.625560	-0.021366
-26.630270	-0.019644
-25.637930	-0.017686
-24.656870	-0.013917
-23.673970	-0.011638
-22.674100	-0.011469
-21.677420	-0.012256
-20.683100	-0.013287
-19.654740	-0.013613
-18.649850	-0.013533
-17.637300	-0.013688
-16.645410	-0.013883
-15.657740	-0.014106
-14.675870	-0.014227
-13.679300	-0.011700
-12.654920	-0.011070
-11.663880	-0.010474
-10.635500	-0.009414
-9.634262	-0.011211
-8.646447	-0.011928
-7.643045	-0.012628
-6.636161	-0.012936
-5.643293	-0.011919
-4.632908	-0.010518
-3.643062	-0.009051
-2.656254	-0.008290
-1.677008	-0.008227
-0.717243	-0.008122
0.270308	-0.008175
1.239103	-0.008162
2.223451	-0.007132
3.223105	-0.006862
4.215692	-0.006402
5.204646	-0.005504
6.205983	-0.005534
7.185609	-0.004359
8.176792	-0.003208
9.186996	-0.002716
10.196210	-0.002060
11.212550	-0.001783
12.201430	-0.000768
13.192400	0.000667
14.154950	0.001533
15.137580	0.001834
16.149570	0.001855
17.150240	0.000628
18.187390	0.000552
19.207750	0.000707
20.218660	0.000729
21.232880	0.001234
22.212520	0.001189
23.204500	0.002479
24.198720	0.004483
25.190860	0.006256
26.190810	0.008043
27.167650	0.007303
28.168130	0.005552
29.165810	0.004092
30.172860	0.002185
31.163620	0.002173
32.152840	0.002680
33.129990	0.004159
34.117800	0.006669
35.140210	0.008253
36.152280	0.010522
37.161930	0.011531
38.155910	0.011212
39.152940	0.011277
40.152290	0.010230
41.144750	0.009309
42.143160	0.009628
43.139680	0.010184
44.110720	0.010811
45.126850	0.012212
46.138290	0.014194
47.158600	0.016027
48.160630	0.016667
49.160760	0.017225
50.164000	0.017307
51.142140	0.015849
52.133780	0.017160
53.114980	0.018025
54.105730	0.017739
55.099310	0.018789
56.105870	0.019295
57.107730	0.020140
58.118790	0.021492
59.111380	0.023073
60.134540	0.023689
61.142680	0.024814
62.135940	0.026848
63.155020	0.028695
64.125690	0.029602
65.101210	0.029318
66.107070	0.029196
67.103040	0.028151
68.132450	0.028082
69.151120	0.028612
70.127940	0.027784
71.120440	0.027299
72.097630	0.027957
73.106920	0.029806
74.117470	0.032582
75.129010	0.035793
76.136560	0.037610
77.118180	0.037616
78.123910	0.036485
79.108780	0.036085
80.088260	0.035952
81.081650	0.036249
82.065370	0.038237
83.064860	0.040746
84.059120	0.041875
85.071110	0.044719
86.068190	0.046448
87.074730	0.046964
88.083470	0.047280
89.070850	0.046279
90.065170	0.045493
91.066950	0.045266
92.060870	0.047038
93.070450	0.049441
94.061500	0.051821
95.051130	0.054956
96.070100	0.055311
97.081260	0.056430
98.118560	0.058515
99.136210	0.058590
100.149200	0.060910
101.156400	0.063268
102.153400	0.063720
103.154800	0.065522
104.147200	0.067422
105.103300	0.067987
106.097200	0.068844
107.075300	0.069210
108.049700	0.069931
109.048000	0.070633
110.035300	0.072487
111.040600	0.076614
112.064500	0.078852
113.105700	0.081494
114.117300	0.083679
115.121000	0.083714
116.116800	0.084517
117.083100	0.085748
118.069400	0.086584
119.047700	0.087609
120.021900	0.089646
121.021100	0.092179
122.013800	0.095963
123.030400	0.099654
124.037800	0.104154
125.071100	0.107155
126.068400	0.108678
127.055200	0.111427
128.059800	0.112666
129.028100	0.114156
130.027900	0.117032
131.029100	0.119573
132.027600	0.123166
133.039300	0.128007
134.043600	0.131620
135.065800	0.135051
136.060900	0.138562
137.082600	0.141948
138.080300	0.145606
139.054400	0.147780
140.045200	0.150211
141.020200	0.152482
142.019200	0.156046
143.043900	0.161473
144.072000	0.166408
145.081700	0.171110
146.092700	0.175539
147.084900	0.179566
148.088200	0.185274
149.095300	0.191283
150.095700	0.196304
151.101800	0.202023
152.097300	0.205732
153.092000	0.209040
154.102600	0.214104
155.100800	0.219822
156.092900	0.224924
157.073700	0.230102
158.053600	0.235354
159.022900	0.240275
160.018900	0.247298
161.002000	0.256533
162.009200	0.265264
163.028700	0.272792
164.017300	0.279710
165.051600	0.285974
166.050500	0.291066
167.033200	0.297983
168.044700	0.306498
169.030300	0.315213
170.008400	0.325892
171.034000	0.337429
172.025900	0.348350
173.025700	0.358830
174.059300	0.369934
175.052200	0.380141
176.060300	0.388027
177.043500	0.396390
178.030100	0.405409
179.036100	0.413684
180.039000	0.425335
181.058400	0.439624
182.036300	0.451683
183.017800	0.465160
184.014900	0.479399
185.012500	0.490832
186.022700	0.504201
187.023200	0.518280
188.027000	0.532170
189.028500	0.545699
190.040800	0.559494
191.054300	0.574971
192.050800	0.589628
193.044800	0.606055
194.058800	0.624159
195.048800	0.640761
196.043000	0.655798
197.048700	0.672623
198.016300	0.689459
199.035500	0.707747
200.044000	0.729556
201.057500	0.750535
202.085500	0.770398
203.076900	0.788325
204.077900	0.806428
205.060400	0.824240
206.045700	0.841895
207.024900	0.862029
207.998800	0.881805
208.987600	0.902306
209.971100	0.926817
210.974700	0.951384
211.977300	0.976250
212.986700	1.002994
213.995300	1.026900
214.999800	1.049855
216.015700	1.070725
217.014700	1.092083
218.002900	1.116208
218.987000	1.140761
219.970700	1.169965
220.986500	1.199768
221.982800	1.228908
222.992300	1.259353
224.010000	1.288598
224.989100	1.316284
226.011000	1.344245
227.006000	1.369966
227.990500	1.395257
228.982400	1.421997
229.970000	1.447657
230.957000	1.479455
231.955700	1.511391
232.949800	1.541656
233.929900	1.573971
234.946800	1.602662
235.923700	1.632497
236.932700	1.664655
237.931500	1.696902
238.919800	1.730699
239.921200	1.763121
240.916200	1.795543
241.932500	1.828311
242.923000	1.859534
243.918700	1.891273
244.914000	1.925500
245.919700	1.957492
246.918100	1.989580
247.935200	2.021629
248.927800	2.052194
249.916100	2.084609
250.953400	2.116883
251.962400	2.150244
252.956200	2.180002
253.977300	2.210753
254.947100	2.241539
255.954100	2.274823
256.974700	2.307396
257.978500	2.340635
258.968200	2.370559
259.958700	2.397556
260.966100	2.423519
261.932000	2.447312
262.946000	2.474444
263.948900	2.501740
264.941700	2.531468
265.936800	2.563519
266.934600	2.591646
267.937100	2.618552
268.918100	2.644247
269.944800	2.666636
270.956500	2.687230
271.944100	2.707969
272.960700	2.728261
273.943100	2.749674
274.926600	2.771783
275.927900	2.795480
276.923900	2.818037
277.946000	2.835530
278.960000	2.853915
279.957700	2.868291
280.947200	2.877544
281.920100	2.889893
282.901500	2.902828
283.880600	2.915612
284.886400	2.932431
285.898600	2.948286
286.904400	2.961190
287.922000	2.971917
288.934800	2.980983
289.929900	2.989591
290.933400	2.992720
291.934400	2.996870
292.909100	3.001121
293.914000	3.001931
294.902200	3.007466
295.904800	3.015262
296.917600	3.019700
297.931500	3.022285
298.943600	3.023618
299.962900	3.019624
300.961200	3.014165
301.929700	3.010965
302.927100	3.008810
303.912100	3.003767
304.915000	2.999029
305.937200	2.996076
306.942300	2.987214
307.955500	2.980707
308.976600	2.975358
309.966100	2.963544
310.944400	2.953018
311.909500	2.943313
312.878500	2.932599
313.860000	2.922716
314.870200	2.914207
315.884200	2.905669
316.906400	2.894780
317.944600	2.882241
318.953400	2.869906
319.961600	2.853735
320.942200	2.836631
321.920000	2.824051
322.920300	2.810449
323.914200	2.798004
324.913400	2.788784
325.927900	2.775633
326.928100	2.762197
327.912500	2.748397
328.934400	2.733766
329.931300	2.718004
330.910500	2.700033
331.892600	2.682945
332.870400	2.665957
333.829400	2.650352
334.847300	2.639962
335.871600	2.628265
336.857300	2.615314
337.878600	2.602788
338.874000	2.586803
339.871500	2.571870
340.899500	2.557711
341.895200	2.542885
342.887000	2.529294
343.885700	2.515240
344.851300	2.502354
345.867100	2.490800
346.866600	2.479706
347.879600	2.468345
348.903900	2.456026
349.890300	2.441255
350.892700	2.428163
351.874500	2.414990
352.866500	2.402804
353.879200	2.392421
354.884100	2.379765
355.914200	2.368972
356.919700	2.358383
357.905300	2.347660
358.905800	2.338261
359.889600	2.328157
360.890400	2.318508
361.885600	2.309202
362.879300	2.299158
363.865800	2.288700
364.848000	2.278468
365.856200	2.268021
366.857200	2.259406
367.875100	2.250812
368.892800	2.242344
369.898100	2.234746
370.889600	2.225020
371.855500	2.217813
372.844700	2.211475
373.838700	2.204552
374.858200	2.198701
375.880400	2.190812
376.886400	2.181454
377.893700	2.172996
378.892000	2.165528
379.890600	2.158231
380.889000	2.151551
381.869500	2.144461
382.842100	2.138674
383.813200	2.132995
384.811100	2.129605
385.831200	2.125844
386.846400	2.120903
387.870300	2.116577
388.860400	2.110628
389.840500	2.104930
390.825400	2.098949
391.824400	2.093649
392.847600	2.087342
393.842100	2.082683
394.852900	2.078105
395.873600	2.075229
396.855800	2.071386
397.879600	2.066449
398.902300	2.063612
399.891600	2.055935
400.889300	2.053106
401.897400	2.051524
402.876300	2.047078
403.859400	2.046103
404.873100	2.044288
405.893700	2.039260
406.915300	2.035240
407.943800	2.032244
408.950000	2.026622
409.930900	2.024357
410.922800	2.022810
411.922200	2.020236
412.903600	2.017992
413.887900	2.014596
414.875600	2.011248
415.859500	2.008596
416.857700	2.006619
417.869900	2.005425
418.872400	2.003461
419.873900	2.000728
420.880100	1.997552
421.864000	1.995010
422.833900	1.994408
423.831900	1.993954
424.828500	1.992991
425.840000	1.990909
426.867600	1.986240
427.875600	1.982056
428.859800	1.979003
429.851000	1.976883
430.846600	1.975704
431.831700	1.974252
432.836200	1.973403
433.804200	1.972786
434.789900	1.973411
435.789400	1.973598
436.799700	1.973373
437.821500	1.971172
438.836800	1.968689
439.828200	1.966741
440.820600	1.963628
441.819000	1.962598
442.810100	1.961759
443.817200	1.961188
444.823900	1.961698
445.831500	1.962856
446.825300	1.963176
447.814000	1.962996
448.814300	1.963082
449.810500	1.961213
450.804200	1.958812
451.797300	1.956756
452.779500	1.954811
453.770600	1.953300
454.781200	1.953134
455.810500	1.954351
456.831300	1.954927
457.829700	1.955806
458.823200	1.956507
459.798100	1.956208
460.770900	1.956175
461.766900	1.956486
462.768300	1.956658
463.766000	1.955385
464.766200	1.954304
465.777300	1.954257
466.783200	1.953642
467.785200	1.953869
468.800400	1.955496
469.789200	1.955131
470.773300	1.954617
471.778800	1.955498
472.777900	1.956070
473.772900	1.956908
474.783900	1.958714
475.790300	1.958766
476.784300	1.957289
477.768900	1.956383
478.779700	1.955817
479.773500	1.955916
480.768100	1.955617
481.800500	1.956945
482.778200	1.956960
483.772900	1.957430
484.763200	1.960891
485.754000	1.961198
486.766300	1.962123
487.775500	1.962393
488.788800	1.960131
489.804500	1.959213
490.787800	1.958572
491.773000	1.958757
492.769800	1.960150
493.746200	1.961825
494.763800	1.964959
495.797300	1.967006
496.811700	1.968629
497.817900	1.970401
498.816900	1.970216
499.760200	1.970211
500.746600	1.970397
501.745500	1.969376
502.729800	1.969104
503.757100	1.969123
504.762900	1.969319
505.767100	1.971275
506.792100	1.973212
507.814000	1.975514
508.844000	1.977380
509.852700	1.978235
510.851100	1.979877
511.834600	1.980959
512.804600	1.981274
513.786800	1.982563
514.773700	1.982193
515.782200	1.982162
516.783400	1.983337
517.796000	1.983412
518.785100	1.985434
519.765500	1.986791
520.744300	1.988329
521.742100	1.991061
522.745600	1.993369
523.759900	1.995704
524.768600	1.997591
525.752100	1.997507
526.762600	1.997432
527.743000	1.997178
528.748300	1.996818
529.771100	1.998145
530.761200	1.997921
531.749700	1.999470
532.754200	2.001771
533.743500	2.003495
534.740600	2.006977
535.758100	2.008186
536.745900	2.008250
537.743700	2.008371
538.745800	2.006477
539.734400	2.006270
540.720800	2.007704
541.702500	2.008561
542.681900	2.011363
543.673300	2.013772
544.680800	2.016140
545.696700	2.019757
546.712200	2.021937
547.715500	2.022844
548.717300	2.024510
549.705700	2.023235
550.695900	2.023248
551.694000	2.025233
552.685500	2.025516
553.674900	2.027106
554.678300	2.029583
555.686900	2.031561
556.703200	2.034776
557.732500	2.037796
558.753100	2.039183
559.776900	2.039998
560.784500	2.040480
561.783500	2.042517
562.782500	2.043331
563.740200	2.044471
564.732100	2.044928
565.726900	2.044986
566.698100	2.046521
567.714100	2.048823
568.713300	2.050996
569.699800	2.053722
570.714500	2.055311
571.725000	2.058089
572.741200	2.060418
573.738000	2.062109
574.735200	2.064943
575.734000	2.065053
576.722900	2.065503
577.723000	2.066408
578.741100	2.066554
579.723800	2.068459
580.711900	2.069539
581.700200	2.071341
582.680800	2.074035
583.691100	2.076743
584.700000	2.081286
585.714400	2.084645
586.722100	2.086849
587.730200	2.088022
588.720700	2.087848
589.715700	2.087965
590.708400	2.089121
591.705400	2.090858
592.684200	2.093415
593.670800	2.096722
594.663900	2.099458
595.642900	2.104163
596.669400	2.108366
597.693500	2.110989
598.446000	2.087560
598.701800	2.048123
598.414400	2.001225
597.632800	1.950268
596.630900	1.919741
595.600500	1.898112
594.600300	1.880528
593.619100	1.864779
592.621000	1.851804
591.670900	1.839907
590.698600	1.829368
589.714400	1.818388
588.714200	1.806664
587.698100	1.796831
586.701700	1.786203
585.692500	1.777741
584.678100	1.772218
583.662100	1.765610
582.655200	1.759051
581.636100	1.752135
580.641200	1.743680
579.646600	1.736687
578.622100	1.730282
577.626800	1.724162
576.630400	1.719757
575.640400	1.715113
574.645800	1.711175
573.659800	1.708688
572.653100	1.704933
571.659700	1.701986
570.652300	1.699139
569.658200	1.694634
568.670700	1.690599
567.653300	1.686644
566.675400	1.683918
565.674100	1.682778
564.679300	1.681521
563.694800	1.679639
562.726900	1.676417
561.736800	1.671266
560.742900	1.666984
559.743000	1.663229
558.707300	1.659269
557.673600	1.656656
556.652200	1.654101
555.636400	1.651318
554.647700	1.649417
553.655200	1.647975
552.664400	1.646787
551.680000	1.645279
550.679400	1.643860
549.701000	1.641815
548.691400	1.638555
547.697800	1.637258
546.682400	1.636185
545.666300	1.634467
544.669700	1.634155
543.669200	1.632129
542.678600	1.628551
541.676200	1.625739
540.689000	1.623066
539.693700	1.621059
538.705300	1.618954
537.705300	1.617496
536.720300	1.615877
535.731700	1.613519
534.725100	1.612689
533.727700	1.611765
532.713500	1.610480
531.709500	1.609259
530.718800	1.608523
529.721100	1.606342
528.728100	1.605379
527.714300	1.605031
526.706800	1.604169
525.708200	1.603921
524.703600	1.602850
523.705600	1.600961
522.720000	1.598647
521.727700	1.596726
520.733500	1.595550
519.748800	1.593974
518.744100	1.592639
517.737700	1.591933
516.743700	1.589338
515.735500	1.588130
514.728100	1.587939
513.738900	1.587065
512.753700	1.587360
511.763000	1.587469
510.800300	1.585966
509.811400	1.584272
508.801000	1.582822
507.795000	1.581375
506.737900	1.579467
505.710400	1.578302
504.688200	1.577004
503.676600	1.574757
502.691000	1.574967
501.703900	1.573738
500.715300	1.572362
499.715700	1.572945
498.741700	1.572578
497.756600	1.570765
496.742400	1.572134
495.745100	1.570956
494.741000	1.568557
493.705000	1.569471
492.717800	1.566959
491.710200	1.566910
490.675200	1.566291
489.686500	1.565578
488.684800	1.564496
487.689200	1.562595
486.711500	1.562335
485.736000	1.561897
484.758500	1.561158
483.772200	1.558689
482.762400	1.557138
481.750600	1.553777
480.722700	1.552519
479.725000	1.552982
478.752900	1.552643
477.752000	1.553352
476.779300	1.552917
475.755800	1.552188
474.743500	1.551485
473.730500	1.551758
472.717200	1.552017
471.730200	1.552062
470.734900	1.551394
469.765800	1.550361
468.768400	1.548020
467.774800	1.545975
466.789800	1.544956
465.782800	1.542078
464.788500	1.541092
463.787800	1.539694
462.768300	1.537742
461.750200	1.537187
460.746200	1.536590
459.733400	1.536594
458.745600	1.536532
457.771000	1.536218
456.781700	1.535198
455.779100	1.534282
454.779600	1.532937
453.767200	1.533610
452.755400	1.533387
451.757300	1.532741
450.730600	1.532340
449.745200	1.530444
448.748400	1.529750
447.773400	1.528957
446.786600	1.528308
445.769000	1.526792
444.768900	1.524920
443.745900	1.523678
442.735900	1.522682
441.722100	1.522420
440.712700	1.522241
439.713400	1.522172
438.730100	1.522541
437.753600	1.522711
436.765000	1.521986
435.783600	1.520864
434.799700	1.519160
433.805800	1.516863
432.804300	1.515843
431.812000	1.514216
430.778900	1.512625
429.755900	1.511919
428.759800	1.511027
427.763700	1.510386
426.796900	1.510361
425.821100	1.509790
424.828200	1.509116
423.818500	1.508210
422.792200	1.507108
421.780800	1.506531
420.779400	1.505588
419.793400	1.506314
418.836200	1.505865
417.855500	1.504847
416.869500	1.504270
415.885600	1.501858
414.890300	1.499835
413.888000	1.498108
412.881400	1.496033
411.848500	1.494478
410.842400	1.493469
409.848300	1.492828
408.866900	1.493081
407.891800	1.492359
406.887700	1.491593
405.886100	1.491136
404.857200	1.488966
403.831700	1.488158
402.808500	1.487715
401.789600	1.486446
400.786800	1.487104
399.808400	1.487432
398.815000	1.486265
397.824200	1.484433
396.843100	1.481599
395.833000	1.478950
394.837200	1.475876
393.831100	1.473244
392.806800	1.471166
391.798500	1.467905
390.783700	1.466739
389.786200	1.466687
388.797800	1.465503
387.797400	1.464798
386.808500	1.464239
385.807900	1.462351
384.809300	1.460774
383.826200	1.460336
382.845200	1.459342
381.861800	1.458565
380.874000	1.457953
379.851300	1.456918
378.839500	1.453179
377.815000	1.450068
376.806100	1.447328
375.831800	1.443197
374.832500	1.440611
373.842800	1.437515
372.839200	1.434416
371.818800	1.432369
370.821700	1.431533
369.836000	1.430195
368.844400	1.429365
367.852100	1.428082
366.846800	1.426758
365.815900	1.423814
364.807300	1.421659
363.820200	1.420114
362.825600	1.417271
361.860100	1.416033
360.851300	1.412642
359.842000	1.409045
358.843100	1.404482
357.860000	1.400262
356.906800	1.395007
355.927400	1.389389
354.943800	1.384676
353.907800	1.379374
352.863900	1.375801
351.840400	1.373338
350.802800	1.371473
349.799800	1.370088
348.782800	1.365638
347.780500	1.360500
346.799500	1.356433
345.803500	1.350651
344.836800	1.347558
343.841500	1.343216
342.825100	1.336927
341.818400	1.332563
340.803200	1.326205
339.782000	1.320557
338.792400	1.317178
337.794400	1.311430
336.781800	1.307259
335.798000	1.300947
334.791900	1.293772
333.808800	1.288865
332.844600	1.283876
331.863300	1.279982
330.896000	1.273552
329.900800	1.265456
328.917400	1.255703
327.898900	1.247599
326.882900	1.240095
325.885700	1.233924
324.854400	1.226254
323.884800	1.217662
322.866300	1.208158
321.855500	1.196615
320.869300	1.188057
319.842900	1.178659
318.862700	1.167801
317.871300	1.158388
316.867000	1.147877
315.850700	1.136806
314.861600	1.128397
313.869600	1.120775
312.875800	1.112056
311.912800	1.101902
310.907500	1.091033
309.913100	1.079184
308.930800	1.065282
307.917200	1.054463
306.947500	1.043218
305.943600	1.028991
304.922300	1.016292
303.925700	1.002810
302.898000	0.987721
301.884500	0.974494
300.888400	0.961342
299.882600	0.947012
298.860500	0.931357
297.849500	0.915685
296.824200	0.901262
295.817100	0.885762
294.817400	0.872622
293.850800	0.862779
292.880900	0.847702
291.899100	0.832897
290.921800	0.817369
289.905600	0.797422
288.896500	0.779963
287.876100	0.763981
286.866000	0.746966
285.845600	0.730173
284.833300	0.714148
283.857700	0.697963
282.872600	0.681813
281.895000	0.665020
280.891500	0.649501
279.867700	0.629544
278.867500	0.608138
277.871500	0.589377
276.871900	0.568008
275.886800	0.548846
274.879900	0.534088
273.887800	0.517881
272.899900	0.501494
271.919100	0.485697
270.917000	0.467506
269.902700	0.448261
268.912500	0.429241
267.890500	0.410373
266.886500	0.390340
265.890900	0.370466
264.874300	0.353191
263.891400	0.336687
262.903300	0.320790
261.925300	0.306340
260.945600	0.289115
259.944500	0.269446
258.939600	0.249964
257.907700	0.229218
256.887100	0.211331
255.892800	0.196220
254.898900	0.182149
253.916200	0.168963
252.929300	0.153049
251.922400	0.135788
250.920100	0.118169
249.938000	0.099913
248.929000	0.082992
247.915600	0.065988
246.901900	0.049783
245.875000	0.035263
244.868800	0.021493
243.878500	0.010178
242.907000	-0.000198
241.911300	-0.014205
240.919100	-0.027858
239.908200	-0.043740
238.877700	-0.061556
237.864200	-0.074922
236.860700	-0.087408
235.859100	-0.097328
234.871700	-0.105650
233.887800	-0.114783
232.910000	-0.124406
231.949100	-0.136235
230.991700	-0.147252
229.995600	-0.158209
228.998500	-0.170938
227.978500	-0.182731
226.944600	-0.192955
225.932400	-0.203876
224.924100	-0.210261
223.924000	-0.214398
222.928500	-0.220547
221.960300	-0.226139
220.965600	-0.233787
219.964400	-0.242491
218.954800	-0.251471
217.944300	-0.258055
216.943900	-0.263337
215.956600	-0.269140
214.959500	-0.273763
213.971100	-0.278590
212.988400	-0.285698
211.986800	-0.292245
211.015400	-0.297368
209.998500	-0.305498
208.974700	-0.311129
207.987200	-0.316022
206.962500	-0.321177
205.974200	-0.323357
204.994400	-0.324369
204.015800	-0.325130
203.030400	-0.327333
202.045100	-0.330378
201.038100	-0.334713
200.011500	-0.340804
198.989300	-0.345490
197.966800	-0.347685
196.966800	-0.351167
195.936200	-0.352245
194.942600	-0.351797
193.939100	-0.354456
192.944700	-0.355541
191.958100	-0.356115
190.971600	-0.358745
189.976700	-0.360249
188.976400	-0.361718
187.988800	-0.363209
186.964600	-0.363252
185.939800	-0.363679
184.927900	-0.361762
183.901400	-0.362603
182.909900	-0.362845
181.933100	-0.360163
180.947100	-0.360753
179.965800	-0.359950
178.992300	-0.358753
177.985600	-0.360035
176.971900	-0.360114
175.987400	-0.359426
174.960200	-0.359659
173.972400	-0.359608
172.986600	-0.359649
171.977700	-0.359429
170.997200	-0.359494
169.995000	-0.359960
168.989700	-0.360836
167.986200	-0.361288
166.959300	-0.361445
165.952000	-0.359922
164.956700	-0.359298
163.964200	-0.356782
162.989200	-0.355294
161.999500	-0.355116
160.995600	-0.352952
160.002300	-0.353196
159.000400	-0.353112
157.991600	-0.352221
156.984200	-0.351947
155.980300	-0.351098
154.999900	-0.350001
154.017900	-0.348720
153.036300	-0.346724
152.055100	-0.346134
151.032400	-0.345534
150.044100	-0.345394
149.027300	-0.346989
147.991900	-0.346441
146.979600	-0.345123
145.949600	-0.344643
144.943000	-0.341295
143.959000	-0.338060
142.971100	-0.336279
141.974700	-0.333934
140.994100	-0.333369
139.994400	-0.334038
138.979900	-0.334469
137.987100	-0.334763
136.973800	-0.334061
135.967200	-0.333669
134.978800	-0.332236
133.984000	-0.329970
133.002600	-0.329147
132.007300	-0.328580
131.012300	-0.327253
130.006300	-0.327545
128.999300	-0.327436
128.000200	-0.325421
127.014300	-0.324038
126.014000	-0.322098
125.024900	-0.319032
124.023600	-0.317115
123.022400	-0.317005
122.021400	-0.316918
121.003700	-0.316785
120.019300	-0.317141
118.993000	-0.317387
117.997600	-0.316922
117.016800	-0.317374
116.001800	-0.316859
115.024000	-0.314570
114.041700	-0.313049
113.029800	-0.311123
112.030600	-0.309859
111.018400	-0.308757
110.003900	-0.308035
109.016400	-0.308004
108.023500	-0.306509
107.044000	-0.305065
106.039100	-0.303380
105.033300	-0.300759
104.040800	-0.300262
103.062300	-0.300897
102.083200	-0.300940
101.100600	-0.302239
100.094600	-0.302920
99.065860	-0.303708
98.051570	-0.304821
97.022250	-0.304216
96.020510	-0.304058
95.018110	-0.302341
94.018430	-0.299757
93.015700	-0.298695
92.013310	-0.296345
91.023180	-0.295252
90.033000	-0.295066
89.052980	-0.293889
88.059840	-0.292954
87.054320	-0.292239
86.047630	-0.291323
85.036510	-0.290962
84.032260	-0.291587
83.027240	-0.291775
82.033260	-0.293141
81.038060	-0.294137
80.040070	-0.294627
79.038270	-0.295037
78.030300	-0.294263
77.052510	-0.293212
76.050900	-0.291927
75.064620	-0.290864
74.055810	-0.288612
73.038720	-0.287389
72.057310	-0.286099
71.076690	-0.284926
70.101490	-0.285023
69.106480	-0.284641
68.083800	-0.284374
67.054790	-0.283577
66.024280	-0.284103
65.025820	-0.283867
64.046690	-0.284161
63.076580	-0.285268
62.116940	-0.285841
61.115030	-0.286706
60.101950	-0.287350
59.073830	-0.288228
58.045070	-0.287899
57.040850	-0.287754
56.045300	-0.287411
55.049140	-0.285566
54.056450	-0.282906
53.087640	-0.281380
52.107400	-0.280314
51.137200	-0.279321
50.173520	-0.280803
49.160000	-0.280437
48.146400	-0.280162
47.114530	-0.280285
46.075200	-0.279414
45.059400	-0.280058
44.039840	-0.280589
43.041970	-0.281778
42.056180	-0.282591
41.050690	-0.280547
40.063910	-0.281257
39.065220	-0.279757
38.059850	-0.278040
37.066570	-0.278558
36.050110	-0.276354
35.056830	-0.275649
34.051790	-0.276055
33.056680	-0.275349
32.081180	-0.274698
31.082270	-0.274847
30.095580	-0.276584
29.104030	-0.277451
28.093500	-0.277987
27.100790	-0.277641
26.102280	-0.276352
25.097940	-0.276247
24.113720	-0.275463
23.114090	-0.275025
22.119800	-0.273452
21.127410	-0.272912
20.118020	-0.272769
19.124290	-0.273444
18.131210	-0.274497
17.116810	-0.274503
16.122090	-0.274014
15.117260	-0.272398
14.101340	-0.271194
13.117800	-0.271679
12.122410	-0.273414
11.125680	-0.275249
10.118610	-0.276591
9.121401	-0.276537
8.138621	-0.275800
7.142072	-0.275107
6.155660	-0.273953
5.137383	-0.273519
4.124521	-0.272494
3.120014	-0.271305
2.143343	-0.271659
1.176760	-0.270175
0.203589	-0.269931
-0.755779	-0.270016
-1.724624	-0.268637
-2.689143	-0.268763
-3.678609	-0.268475
-4.676974	-0.267802
-5.689176	-0.267950
-6.689688	-0.268893
-7.666308	-0.270191
-8.664443	-0.271240
-9.668753	-0.271197
-10.676000	-0.271899
-11.690070	-0.271341
-12.685110	-0.270997
-13.674860	-0.272254
-14.677640	-0.271277
-15.680110	-0.271148
-16.680240	-0.271370
-17.690890	-0.270539
-18.702900	-0.270995
-19.696560	-0.271165
-20.696590	-0.271012
-21.718470	-0.270102
-22.710110	-0.268631
-23.719040	-0.267711
-24.735060	-0.266970
-25.705770	-0.267067
-26.692380	-0.267988
-27.704710	-0.268841
-28.691720	-0.268883
-29.676760	-0.269556
-30.690430	-0.269805
-31.684820	-0.269595
-32.688090	-0.270398
-33.725220	-0.270780
-34.736640	-0.270664
-35.720610	-0.269682
-36.702830	-0.269412
-37.681020	-0.268546
-38.659690	-0.267820
-39.663110	-0.268166
-40.705170	-0.267458
-41.701870	-0.266630
-42.713350	-0.266663
-43.731540	-0.266553
-44.716050	-0.266809
-45.726320	-0.268102
-46.738110	-0.268291
-47.715400	-0.269041
-48.691980	-0.269441
-49.681000	-0.268992
-50.650010	-0.270087
-51.657210	-0.270405
-52.662640	-0.270790
-53.665550	-0.271583
-54.693010	-0.270530
-55.689970	-0.269039
-56.694630	-0.268141
-57.683310	-0.266823
-58.670060	-0.266428
-59.674170	-0.267163
-60.678330	-0.267309
-61.683880	-0.267696
-62.685790	-0.267441
-63.698600	-0.267380
-64.695720	-0.267926
-65.700040	-0.268444
-66.694950	-0.269646
-67.689390	-0.270358
-68.686370	-0.270423
-69.695830	-0.270443
-70.712880	-0.270461
-71.695530	-0.270439
-72.706770	-0.270329
-73.703750	-0.269837
-74.702040	-0.268720
-75.721010	-0.267063
-76.704710	-0.265648
-77.700200	-0.266128
-78.684300	-0.266619
-79.674630	-0.268078
-80.673360	-0.269715
-81.693320	-0.270092
-82.694660	-0.270466
-83.693420	-0.271434
-84.703260	-0.271739
-85.681920	-0.271319
-86.678630	-0.270779
-87.686320	-0.269583
-88.684910	-0.268478
-89.659070	-0.267906
-90.662020	-0.268882
-91.668700	-0.269446
-92.662890	-0.269829
-93.706650	-0.269850
-94.712750	-0.267903
-95.703000	-0.266823
-96.705790	-0.266665
-97.698490	-0.267502
-98.683890	-0.268309
-99.668850	-0.268809
-100.670500	-0.269303
-101.646700	-0.269128
-102.636900	-0.269605
-103.628200	-0.269969
-104.607800	-0.270198
-105.602800	-0.269027
-106.619700	-0.269452
-107.648900	-0.268716
-108.650100	-0.266920
-109.658000	-0.267742
-110.669000	-0.267732
-111.665800	-0.267676
-112.687700	-0.268828
-113.721800	-0.268729
-114.707600	-0.267690
-115.696500	-0.267557
-116.686900	-0.267345
-117.659800	-0.269220
-118.677300	-0.269716
-119.688100	-0.270901
-120.703200	-0.272043
-121.716500	-0.270949
-122.699800	-0.271642
-123.706000	-0.272037
-124.721600	-0.271815
-125.724200	-0.272393
-126.700000	-0.271790
-127.691200	-0.270667
-128.646300	-0.270600
-129.622500	-0.269957
-130.647300	-0.270263
-131.647600	-0.269964
-132.667700	-0.268984
-133.695200	-0.268341
-134.679200	-0.267451
-135.663000	-0.268414
-136.665700	-0.270187
-137.642900	-0.271381
-138.653700	-0.273447
-139.668900	-0.273588
-140.659300	-0.273987
-141.656400	-0.274700
-142.661400	-0.274375
-143.651400	-0.274803
-144.670900	-0.274925
-145.684600	-0.273682
-146.678600	-0.273332
-147.684400	-0.273788
-148.648400	-0.272970
-149.637100	-0.273895
-150.629200	-0.273474
-151.622900	-0.272151
-152.644500	-0.272081
-153.628500	-0.271872
-154.638300	-0.273165
-155.635100	-0.274930
-156.609900	-0.276041
-157.614300	-0.277085
-158.619600	-0.277287
-159.642300	-0.276984
-160.659900	-0.277718
-161.681400	-0.278052
-162.678000	-0.278610
-163.664000	-0.279103
-164.657800	-0.278648
-165.628900	-0.277602
-166.602200	-0.277076
-167.580800	-0.277408
-168.586300	-0.277882
-169.596100	-0.278995
-170.627300	-0.279234
-171.649700	-0.278960
-172.643800	-0.277943
-173.648200	-0.278082
-174.649200	-0.278831
-175.636600	-0.279309
-176.634000	-0.280477
-177.623000	-0.280541
-178.597100	-0.280257
-179.575300	-0.280550
-180.579700	-0.281951
-181.588800	-0.283248
-182.586000	-0.284460
-183.615200	-0.285745
-184.614800	-0.285665
-185.594000	-0.284712
-186.592500	-0.284880
-187.584400	-0.284294
-188.577500	-0.283884
-189.581400	-0.284785
-190.584600	-0.284282
-191.570500	-0.284284
-192.553800	-0.284493
-193.564300	-0.284969
-194.567100	-0.285948
-195.565400	-0.286674
