Potencial	Intensidad
mv	uA
-196.894200	-0.270278
-197.888500	-0.269394
-198.489700	-0.253248
-198.594800	-0.235276
-198.212200	-0.216421
-197.341300	-0.196460
-196.353900	-0.189736
-195.343900	-0.185194
-194.330100	-0.180889
-193.344400	-0.176746
-192.354900	-0.171988
-191.392000	-0.167165
-190.397900	-0.162641
-189.370900	-0.158246
-188.370400	-0.156205
-187.351300	-0.153902
-186.348800	-0.150425
-185.359800	-0.147513
-184.349200	-0.143857
-183.343100	-0.140725
-182.348800	-0.138989
-181.360100	-0.137373
-180.359700	-0.136026
-179.358700	-0.134719
-178.367300	-0.133119
-177.367600	-0.132134
-176.381700	-0.130234
-175.404900	-0.128418
-174.406500	-0.125630
-173.403200	-0.121259
-172.398200	-0.118518
-171.386500	-0.116419
-170.361400	-0.116177
-169.353500	-0.116648
-168.344800	-0.116453
-167.331500	-0.115943
-166.360000	-0.114973
-165.379800	-0.113660
-164.391600	-0.112435
-163.428300	-0.110314
-162.424600	-0.107574
-161.417000	-0.106215
-160.399400	-0.104530
-159.377000	-0.103790
-158.349600	-0.103460
-157.350200	-0.102260
-156.371500	-0.102060
-155.371000	-0.100480
-154.405700	-0.098952
-153.409400	-0.097639
-152.412500	-0.094687
-151.414500	-0.092594
-150.392600	-0.090892
-149.378300	-0.089322
-148.371000	-0.089034
-147.364700	-0.089333
-146.381600	-0.088670
-145.400800	-0.088455
-144.394700	-0.087147
-143.397300	-0.086320
-142.405800	-0.085513
-141.407200	-0.083567
-140.411800	-0.082516
-139.438900	-0.080477
-138.429900	-0.078321
-137.425600	-0.077212
-136.422100	-0.075050
-135.406500	-0.073084
-134.407600	-0.072789
-133.418000	-0.071964
-132.435200	-0.072772
-131.428600	-0.074123
-130.422400	-0.073842
-129.424800	-0.073501
-128.411500	-0.072070
-127.424500	-0.071202
-126.447900	-0.070839
-125.461000	-0.069926
-124.458600	-0.069148
-123.472100	-0.067183
-122.449600	-0.065750
-121.425800	-0.065619
-120.443100	-0.065801
-119.413100	-0.065730
-118.419000	-0.065647
-117.406700	-0.065256
-116.388000	-0.064770
-115.409000	-0.064184
-114.416700	-0.063310
-113.434500	-0.061842
-112.421000	-0.059342
-111.420100	-0.058216
-110.409400	-0.056927
-109.405400	-0.055708
-108.414900	-0.056867
-107.406200	-0.057154
-106.385200	-0.057742
-105.371800	-0.058323
-104.370800	-0.058041
-103.362600	-0.057154
-102.386200	-0.056205
-101.396300	-0.055135
-100.393500	-0.053475
-99.381940	-0.052144
-98.376880	-0.050889
-97.389630	-0.050364
-96.401450	-0.049948
-95.426180	-0.049974
-94.438710	-0.050466
-93.429010	-0.050099
-92.439740	-0.048894
-91.450180	-0.048356
-90.440830	-0.046094
-89.455310	-0.044933
-88.452180	-0.045001
-87.440960	-0.045003
-86.466900	-0.045628
-85.459610	-0.046161
-84.459730	-0.045813
-83.474570	-0.044628
-82.453160	-0.044517
-81.451580	-0.043650
-80.454220	-0.043185
-79.454740	-0.043111
-78.465740	-0.041825
-77.466070	-0.040254
-76.477970	-0.039959
-75.464410	-0.038980
-74.444580	-0.038205
-73.441890	-0.038565
-72.429790	-0.038232
-71.428890	-0.037236
-70.455220	-0.037264
-69.464130	-0.036493
-68.471650	-0.035586
-67.484340	-0.034912
-66.457110	-0.033849
-65.447160	-0.033517
-64.438840	-0.032432
-63.438480	-0.032338
-62.455420	-0.032569
-61.450610	-0.030457
-60.465860	-0.029407
-59.450060	-0.027852
-58.449250	-0.026385
-57.441900	-0.027191
-56.427290	-0.027991
-55.408660	-0.028693
-54.388280	-0.029103
-53.387960	-0.028765
-52.372850	-0.028710
-51.391490	-0.028157
-50.424560	-0.027142
-49.441950	-0.025406
-48.460970	-0.021953
-47.458310	-0.020336
-46.448240	-0.020085
-45.440710	-0.020604
-44.434160	-0.022342
-43.420420	-0.023514
-42.420430	-0.023914
-41.431980	-0.024853
-40.433460	-0.025542
-39.453890	-0.025115
-38.444910	-0.024288
-37.452190	-0.021829
-36.452110	-0.019663
-35.442510	-0.018191
-34.437050	-0.017358
-33.407640	-0.018109
-32.416030	-0.018630
-31.434750	-0.019621
-30.452710	-0.019511
-29.464400	-0.018721
-28.472580	-0.018378
-27.475100	-0.016104
-26.475170	-0.014875
-25.480040	-0.013920
-24.456480	-0.013099
-23.436470	-0.013318
-22.420010	-0.013470
-21.442380	-0.013159
-20.481110	-0.012786
-19.514200	-0.012301
-18.529570	-0.011837
-17.499420	-0.011136
-16.465820	-0.009579
-15.430190	-0.009102
-14.424700	-0.008242
-13.413060	-0.007696
-12.428460	-0.009084
-11.454300	-0.007909
-10.445450	-0.006494
-9.463809	-0.005778
-8.452517	-0.003540
-7.452384	-0.003034
-6.459880	-0.003467
-5.464618	-0.003185
-4.456611	-0.003112
-3.430904	-0.004340
-2.463165	-0.005080
-1.496137	-0.005841
-0.541507	-0.005468
0.406106	-0.003435
1.396381	-0.000336
2.402209	0.002408
3.403728	0.002477
4.427850	0.001288
5.438631	0.000295
6.421691	-0.001859
7.421526	-0.002328
8.401136	-0.001719
9.378220	-0.001728
10.393230	-0.000601
11.369670	0.001189
12.370360	0.003686
13.369620	0.005454
14.372620	0.006597
15.404130	0.007926
16.410840	0.006849
17.427090	0.005791
18.413170	0.005308
19.389080	0.004369
20.367670	0.004686
21.374290	0.006043
22.393280	0.007401
23.403680	0.008822
24.424860	0.010239
25.420210	0.010383
26.395890	0.010753
27.379280	0.010663
28.374590	0.011111
29.346900	0.011522
30.335330	0.011401
31.324760	0.012464
32.318750	0.013280
33.337600	0.014324
34.351730	0.016429
35.377560	0.016545
36.353370	0.016488
37.339310	0.016312
38.326630	0.016556
39.316920	0.018513
40.326480	0.020195
41.314110	0.021659
42.325440	0.022208
43.329040	0.020804
44.333580	0.020353
45.354810	0.020516
46.349560	0.020686
47.368030	0.021454
48.356360	0.020994
49.336020	0.020672
50.337690	0.022129
51.314690	0.023777
52.318570	0.026104
53.337620	0.027506
54.329600	0.026416
55.322820	0.026379
56.325770	0.027078
57.318960	0.027701
58.305210	0.028420
59.301780	0.029466
60.285450	0.029042
61.278860	0.029380
62.282060	0.030667
63.295010	0.029887
64.295800	0.030372
65.284560	0.032680
66.285710	0.034615
67.254430	0.035820
68.244770	0.035599
69.251630	0.035127
70.250100	0.034106
71.253070	0.035694
72.273510	0.038773
73.290210	0.040681
74.296490	0.042447
75.309920	0.045261
76.307820	0.045529
77.296970	0.044857
78.289260	0.045152
79.283450	0.044148
80.279050	0.043747
81.270480	0.044388
82.284100	0.045431
83.281650	0.046027
84.281430	0.047882
85.297590	0.050146
86.283860	0.050957
87.289060	0.051820
88.295010	0.053520
89.272160	0.054448
90.269930	0.055647
91.266850	0.056298
92.266380	0.056400
93.275690	0.055970
94.295360	0.056094
95.313000	0.057128
96.321900	0.058423
97.340240	0.059893
98.336710	0.061916
99.325590	0.063324
100.324700	0.064887
101.313000	0.067506
102.304800	0.069097
103.308000	0.070234
104.303800	0.070172
105.318300	0.069879
106.330200	0.070904
107.325500	0.071904
108.317900	0.074022
109.287400	0.075762
110.261600	0.077313
111.285900	0.079693
112.288400	0.081864
113.302900	0.083516
114.313100	0.085032
115.307300	0.085777
116.306100	0.086991
117.305200	0.088671
118.291700	0.090183
119.259200	0.092733
120.245000	0.094849
121.225500	0.096836
122.239400	0.100271
123.258600	0.102981
124.275400	0.106118
125.301700	0.108999
126.295300	0.110519
127.294800	0.112347
128.265100	0.114375
129.251100	0.116972
130.250200	0.119847
131.239900	0.122520
132.264900	0.125307
133.261200	0.128672
134.260700	0.130844
135.246400	0.134976
136.235700	0.138337
137.239000	0.141403
138.239400	0.146713
139.244100	0.150537
140.226100	0.154279
141.220900	0.157925
142.222900	0.160531
143.224900	0.163484
144.243300	0.166460
145.237900	0.170839
146.256200	0.176096
147.272400	0.179361
148.279400	0.184648
149.290300	0.190911
150.287000	0.195717
151.268300	0.203206
152.257000	0.209157
153.239700	0.212482
154.225100	0.216983
155.219900	0.219945
156.232000	0.223667
157.249000	0.227298
158.227800	0.231934
159.218300	0.238384
160.198500	0.244737
161.198400	0.253064
162.207900	0.263682
163.241000	0.271829
164.245900	0.279868
165.238100	0.287529
166.231800	0.291305
167.208900	0.297221
168.216200	0.304578
169.199900	0.312286
170.212900	0.322055
171.209400	0.331942
172.189400	0.342999
173.192100	0.353342
174.177600	0.363692
175.193000	0.374549
176.228700	0.382950
177.226500	0.391693
178.256300	0.402208
179.234400	0.411504
180.204400	0.422407
181.228300	0.435015
182.199200	0.446856
183.201700	0.459951
184.205700	0.473132
185.178500	0.485608
186.187000	0.498166
187.208700	0.510419
188.228000	0.525718
189.231500	0.540945
190.248300	0.556241
191.229600	0.572310
192.191300	0.587140
193.191000	0.601953
194.184600	0.618690
195.196800	0.634289
196.220800	0.649646
197.234500	0.665498
198.228300	0.680109
199.234800	0.699364
200.257000	0.719860
201.254300	0.740864
202.250600	0.762858
203.240400	0.780647
204.231500	0.797520
205.219600	0.815014
206.216500	0.832684
207.188300	0.851988
208.159800	0.871994
209.153200	0.892544
210.160600	0.915376
211.186900	0.938794
212.187700	0.962635
213.207600	0.989106
214.203600	1.013591
215.193000	1.037419
216.195800	1.062050
217.174300	1.082983
218.157300	1.106778
219.155100	1.133153
220.140400	1.159601
221.142000	1.187380
222.136200	1.215726
223.124400	1.244515
224.135200	1.273399
225.121600	1.301056
226.137900	1.332745
227.145000	1.357855
228.137900	1.384008
229.158500	1.414777
230.142800	1.437893
231.139700	1.469622
232.155700	1.504709
233.161500	1.536957
234.172900	1.570843
235.163100	1.601642
236.140500	1.629064
237.135000	1.656913
238.123600	1.686920
239.127000	1.721590
240.142900	1.753344
241.134200	1.785358
242.136000	1.820782
243.154900	1.850086
244.148800	1.882972
245.147000	1.918332
246.154400	1.947318
247.137300	1.977159
248.143500	2.005774
249.135500	2.034395
250.141800	2.067962
251.153900	2.103568
252.164900	2.141208
253.179700	2.175928
254.163400	2.205447
255.170700	2.235869
256.156700	2.263698
257.170500	2.290330
258.181600	2.321332
259.162100	2.347322
260.160300	2.375419
261.153700	2.406766
262.134900	2.436667
263.159200	2.470361
264.141000	2.501251
265.137400	2.531027
266.153700	2.557329
267.142200	2.578987
268.134900	2.600495
269.131800	2.622076
270.115600	2.645154
271.125800	2.672597
272.143600	2.700062
273.141200	2.725653
274.152600	2.752369
275.138400	2.773245
276.141700	2.794519
277.149300	2.814804
278.150800	2.828850
279.141200	2.845391
280.133000	2.859498
281.113100	2.872367
282.099600	2.890939
283.107100	2.908882
284.099900	2.925530
285.097800	2.941507
286.097400	2.952487
287.085100	2.961877
288.097800	2.970021
289.097200	2.978670
290.113000	2.989703
291.124400	2.995963
292.106800	3.003765
293.104900	3.010442
294.097500	3.011278
295.092500	3.016603
296.102800	3.019620
297.122400	3.018817
298.100600	3.019073
299.111300	3.018176
300.129900	3.017338
301.125900	3.018481
302.146300	3.020124
303.149700	3.020876
304.146800	3.016418
305.145400	3.009946
306.160800	3.002976
307.141800	2.990696
308.131800	2.981828
309.115100	2.974674
310.080900	2.963197
311.083200	2.955930
312.088900	2.949461
313.103600	2.939306
314.125200	2.930136
315.124700	2.920331
316.124900	2.908399
317.121700	2.894411
318.110000	2.880774
319.101900	2.867464
320.088700	2.852731
321.066300	2.840787
322.073200	2.831808
323.082400	2.818994
324.088300	2.806340
325.109400	2.794443
326.096300	2.777244
327.088000	2.762290
328.081600	2.748805
329.095500	2.733747
330.106900	2.718999
331.108100	2.704322
332.119000	2.689409
333.101500	2.675032
334.103200	2.661454
335.110600	2.649200
336.089900	2.634388
337.088600	2.619074
338.087100	2.606228
339.073700	2.591040
340.081800	2.577689
341.091900	2.564863
342.086500	2.550266
343.095700	2.536191
344.102600	2.522226
345.094500	2.508941
346.106000	2.495965
347.074200	2.482992
348.075800	2.470679
349.088400	2.458514
350.067000	2.446285
351.109500	2.436157
352.091000	2.424620
353.089600	2.411869
354.121300	2.399231
355.123200	2.384387
356.161600	2.370705
357.163500	2.357651
358.152300	2.345095
359.131200	2.335308
360.103900	2.325839
361.085900	2.317587
362.086000	2.309906
363.100400	2.300205
364.091700	2.288371
365.089600	2.279358
366.086900	2.270228
367.075300	2.260932
368.063200	2.254149
369.054300	2.243882
370.034100	2.234669
371.030200	2.226501
372.016100	2.219207
373.017500	2.212086
374.028600	2.203917
375.015400	2.195812
376.043900	2.187768
377.045600	2.180707
378.039500	2.174820
379.044300	2.169388
380.046400	2.162740
381.049500	2.155744
382.052400	2.147781
383.048100	2.140884
384.045500	2.135134
385.045700	2.129948
386.062500	2.125027
387.086700	2.119590
388.095200	2.115567
389.100300	2.111495
390.085800	2.106025
391.065200	2.102205
392.063800	2.096579
393.072800	2.090542
394.098000	2.085226
395.100700	2.079164
396.093100	2.073496
397.066800	2.068680
398.026700	2.064912
399.056300	2.063362
400.060200	2.060806
401.081500	2.058287
402.107600	2.055846
403.094300	2.049083
404.120700	2.043903
405.127200	2.039482
406.134300	2.034368
407.133100	2.031328
408.115100	2.028494
409.112500	2.025514
410.102800	2.022789
411.102300	2.021698
412.091600	2.019889
413.097700	2.017149
414.090400	2.013838
415.086600	2.010042
416.097900	2.005511
417.068200	2.001838
418.064000	2.000338
419.073500	1.997411
420.060300	1.995715
421.067700	1.994567
422.064100	1.992905
423.064500	1.992022
424.059300	1.991014
425.052700	1.989184
426.038200	1.986985
427.015100	1.984652
428.022100	1.982801
429.050200	1.981260
430.063200	1.979160
431.059200	1.978381
432.058700	1.977081
433.031700	1.975151
434.033100	1.974347
435.043500	1.972133
436.039300	1.970381
437.050500	1.970139
438.053700	1.969615
439.048700	1.969656
440.045700	1.969167
441.020000	1.967524
442.025200	1.965840
443.021500	1.964341
444.036400	1.962795
445.060200	1.961573
446.055000	1.960232
447.038500	1.958119
448.002400	1.957220
449.000400	1.957395
449.991600	1.958902
451.007500	1.960413
452.027400	1.960885
453.018200	1.960078
454.008100	1.958038
455.023400	1.956955
456.034900	1.956431
457.043700	1.954942
458.051500	1.953280
459.037200	1.951709
460.029600	1.949806
461.020100	1.950269
462.035100	1.951411
463.034900	1.952568
464.037400	1.952771
465.035800	1.952385
466.020800	1.951426
467.027500	1.949129
467.998400	1.948680
468.993800	1.948870
469.985400	1.948351
470.972400	1.950095
471.996800	1.951633
472.993400	1.952127
473.988300	1.953718
475.002200	1.954190
475.994000	1.953423
476.997600	1.953464
478.000700	1.952640
478.972300	1.952583
479.967800	1.952332
480.961800	1.953079
481.977800	1.955048
482.990500	1.955382
483.997200	1.956269
485.006500	1.956332
485.984800	1.954998
486.986700	1.956087
487.986400	1.957871
488.978100	1.958297
489.967200	1.959316
490.954100	1.959381
491.942700	1.958559
492.935300	1.959244
493.944800	1.959724
494.960700	1.961035
495.966100	1.961018
496.972500	1.960365
497.978800	1.961227
498.976700	1.961648
499.980500	1.964777
500.982500	1.968300
501.989000	1.969284
502.977100	1.969784
503.979000	1.969440
504.985100	1.968300
505.999300	1.968291
507.012400	1.968234
508.019900	1.968505
509.016800	1.968873
509.990600	1.969359
511.005000	1.971853
512.000400	1.973351
513.004900	1.975292
514.011700	1.977889
515.005000	1.977237
515.988500	1.977087
516.977700	1.977077
517.978800	1.976545
518.948700	1.978364
519.938000	1.980231
520.938400	1.981794
521.919400	1.983630
522.909100	1.985631
523.909900	1.986947
524.915200	1.989101
525.923300	1.989148
526.938800	1.989789
527.942700	1.990360
528.920000	1.990281
529.910900	1.992743
530.908200	1.992732
531.910300	1.994602
532.930700	1.996782
533.947000	1.998257
534.955200	1.998845
535.954500	1.999102
536.936100	1.998776
537.904500	1.999366
538.891200	2.002325
539.902900	2.004164
540.906900	2.006612
541.932500	2.008181
542.927200	2.009653
543.922500	2.011112
544.920100	2.012388
545.920300	2.014387
546.911000	2.013113
547.896200	2.013346
548.903600	2.013992
549.897200	2.013879
550.914200	2.016363
551.907300	2.018081
552.903400	2.018678
553.901000	2.019803
554.913300	2.020843
555.933000	2.022375
556.943800	2.023350
557.959800	2.024477
558.960800	2.026602
559.953100	2.026904
560.934400	2.029340
561.938000	2.032908
562.921400	2.034113
563.924600	2.036931
564.955900	2.039152
565.946500	2.038920
566.950500	2.039302
567.952600	2.039863
568.934900	2.039716
569.927900	2.040581
570.937300	2.043185
571.957900	2.047141
572.957200	2.050742
573.951900	2.054003
574.946100	2.056938
575.930700	2.056856
576.922900	2.057492
577.936300	2.059164
578.928300	2.058689
579.925800	2.059979
580.925200	2.061972
581.924100	2.065077
582.942400	2.069697
583.965500	2.074530
584.971800	2.077909
585.994000	2.079593
586.984300	2.080730
587.954000	2.081924
588.965900	2.083795
589.912500	2.084562
590.907100	2.087038
591.901500	2.088841
592.880500	2.091210
593.914400	2.095440
594.923500	2.097567
595.930600	2.100616
596.935900	2.102116
597.926200	2.103514
598.543500	2.076766
598.682000	2.038015
598.321300	1.993033
597.454800	1.942143
596.474100	1.914808
595.477500	1.894164
594.478100	1.877060
593.499100	1.860845
592.489100	1.846002
591.470000	1.832599
590.470600	1.820256
589.445400	1.809525
588.444900	1.800677
587.477100	1.792943
586.475900	1.784971
585.479700	1.776660
584.496800	1.769731
583.468300	1.761947
582.452400	1.754666
581.473000	1.750642
580.459800	1.744508
579.461900	1.739593
578.480000	1.735475
577.468400	1.728492
576.484000	1.722936
575.496100	1.716814
574.491600	1.710171
573.495800	1.704575
572.474200	1.698845
571.473500	1.694219
570.460800	1.690327
569.448100	1.687092
568.439900	1.685602
567.442100	1.683617
566.460700	1.681350
565.471000	1.679343
564.511800	1.675923
563.520600	1.672593
562.545900	1.671080
561.543000	1.667861
560.530900	1.665120
559.532700	1.662594
558.514600	1.658937
557.509000	1.656380
556.502700	1.653861
555.507200	1.650463
554.488800	1.647869
553.498500	1.644970
552.484600	1.642238
551.479800	1.640132
550.485200	1.637557
549.485700	1.636021
548.508200	1.633300
547.496300	1.632185
546.500500	1.630857
545.490500	1.628970
544.482300	1.628364
543.487700	1.626392
542.485400	1.625493
541.478600	1.624652
540.482400	1.624088
539.477500	1.622694
538.471700	1.620576
537.485300	1.618585
536.506600	1.617135
535.520100	1.615731
534.535500	1.614499
533.538800	1.613541
532.506200	1.610690
531.485200	1.609246
530.481700	1.607806
529.486800	1.605445
528.496300	1.604337
527.502300	1.604010
526.502000	1.601151
525.494300	1.599904
524.510900	1.599612
523.513600	1.596257
522.506100	1.596258
521.485600	1.594794
520.475300	1.593361
519.476600	1.593004
518.474800	1.592108
517.511600	1.592782
516.517000	1.592608
515.522000	1.591551
514.535000	1.590610
513.541500	1.588409
512.544600	1.585366
511.539400	1.584132
510.550400	1.581991
509.526700	1.579878
508.523000	1.579683
507.538600	1.580953
506.535800	1.580418
505.541000	1.579893
504.539400	1.578851
503.533300	1.575370
502.519300	1.573463
501.526100	1.572851
500.526400	1.570838
499.513600	1.570064
498.531100	1.569812
497.527700	1.568981
496.531200	1.568000
495.532800	1.567078
494.535300	1.566321
493.508900	1.565494
492.491700	1.564348
491.504500	1.563773
490.495600	1.563426
489.515000	1.562916
488.534900	1.564213
487.540400	1.563421
486.547500	1.561877
485.564400	1.560296
484.574200	1.557548
483.570000	1.555213
482.563400	1.553475
481.547500	1.551454
480.531200	1.550860
479.528200	1.551026
478.530000	1.550691
477.543800	1.551954
476.563000	1.551629
475.559800	1.551468
474.575500	1.551283
473.575000	1.549395
472.548100	1.548216
471.562600	1.547405
470.550700	1.547205
469.548900	1.547859
468.558600	1.547854
467.556500	1.547171
466.562100	1.545527
465.572800	1.543005
464.593800	1.541485
463.579300	1.539861
462.584200	1.538168
461.580700	1.537749
460.558300	1.537048
459.580900	1.536162
458.588300	1.535248
457.580700	1.534433
456.615300	1.533650
455.633200	1.533042
454.630700	1.533605
453.646200	1.533461
452.633900	1.532719
451.609500	1.533221
450.589800	1.533272
449.575200	1.532239
448.557100	1.531482
447.559100	1.529584
446.569400	1.526612
445.599300	1.524712
444.600200	1.522604
443.598500	1.521685
442.589800	1.520235
441.553700	1.519704
440.552700	1.519965
439.532300	1.518770
438.541600	1.519090
437.562000	1.519958
436.569800	1.519554
435.617200	1.519369
434.617200	1.520092
433.624100	1.517428
432.621100	1.516009
431.598300	1.514925
430.602700	1.513134
429.600400	1.512908
428.595600	1.511557
427.596100	1.510782
426.595300	1.509082
425.600600	1.507964
424.630300	1.507731
423.658400	1.506364
422.672300	1.504857
421.672500	1.504474
420.657100	1.502557
419.620700	1.501302
418.606800	1.501623
417.605100	1.500502
416.625200	1.501266
415.643500	1.501507
414.657200	1.500614
413.659800	1.499453
412.652200	1.497629
411.649100	1.496552
410.659400	1.495961
409.668900	1.494318
408.687800	1.492873
407.705600	1.491476
406.706200	1.489465
405.714300	1.488824
404.688400	1.487592
403.660300	1.485603
402.644700	1.483056
401.612800	1.479893
400.599400	1.478368
399.598500	1.477283
398.599600	1.477983
397.601500	1.479116
396.627700	1.478912
395.643700	1.478015
394.636800	1.475609
393.641800	1.473090
392.628800	1.470446
391.616300	1.468528
390.610300	1.466745
389.599800	1.465683
388.594100	1.463893
387.604600	1.462776
386.615100	1.462849
385.623000	1.461657
384.643100	1.462288
383.633700	1.461311
382.631600	1.458202
381.626500	1.455593
380.610600	1.453260
379.606400	1.451700
378.607700	1.451246
377.627100	1.450418
376.608900	1.447452
375.609300	1.442114
374.603900	1.437477
373.591800	1.434653
372.615300	1.431506
371.622000	1.431446
370.637700	1.430499
369.635700	1.427227
368.613800	1.424597
367.603000	1.421448
366.589500	1.420309
365.587200	1.419193
364.592900	1.418147
363.617400	1.416383
362.624800	1.411105
361.625200	1.407327
360.641800	1.404146
359.627000	1.401888
358.635000	1.400844
357.663800	1.399204
356.675000	1.395910
355.679400	1.391662
354.659300	1.387924
353.649500	1.383494
352.641500	1.378213
351.644900	1.373202
350.658400	1.367771
349.634000	1.361771
348.607300	1.358015
347.606400	1.355007
346.607900	1.351778
345.619800	1.349060
344.657300	1.346233
343.675300	1.340722
342.657300	1.335197
341.663100	1.330812
340.656400	1.324629
339.622600	1.320077
338.639500	1.315495
337.632500	1.308892
336.642600	1.301943
335.653700	1.295042
334.669800	1.287632
333.682100	1.281033
332.654200	1.273140
331.676000	1.266156
330.655400	1.258662
329.642900	1.251121
328.645400	1.246721
327.639700	1.241094
326.652400	1.235916
325.671100	1.230799
324.686900	1.222582
323.681500	1.212639
322.669300	1.202368
321.670500	1.192005
320.663300	1.183244
319.675000	1.174752
318.690600	1.165549
317.704200	1.156695
316.729300	1.146476
315.724800	1.136222
314.723200	1.126266
313.712400	1.114577
312.686400	1.102642
311.680600	1.089355
310.687800	1.076373
309.688400	1.064942
308.689800	1.053235
307.706800	1.045511
306.716200	1.036708
305.714800	1.024324
304.727600	1.011715
303.719100	0.996047
302.687700	0.979084
301.688100	0.964676
300.689000	0.950042
299.685100	0.934706
298.679700	0.919868
297.669700	0.905923
296.666000	0.893461
295.653500	0.879636
294.670500	0.866762
293.681900	0.852354
292.679700	0.832846
291.675000	0.815980
290.657400	0.799451
289.639200	0.781512
288.629100	0.767070
287.658100	0.755988
286.660800	0.740189
285.672600	0.724806
284.669400	0.708169
283.637700	0.686586
282.655200	0.665637
281.637400	0.646800
280.661300	0.629721
279.675700	0.610633
278.668600	0.594082
277.687200	0.579523
276.684800	0.561502
275.687800	0.545797
274.697900	0.530149
273.691200	0.510094
272.664000	0.489816
271.660900	0.470450
270.654000	0.451642
269.649700	0.432866
268.661400	0.419042
267.678300	0.405509
266.698900	0.387561
265.716700	0.369737
264.727900	0.351284
263.704000	0.330003
262.677200	0.309873
261.665000	0.292996
260.674000	0.272925
259.682600	0.254200
258.700300	0.239760
257.699300	0.224738
256.708500	0.211498
255.736200	0.198003
254.758300	0.182359
253.781400	0.163184
252.773600	0.141890
251.732600	0.122538
250.705200	0.104685
249.687400	0.088514
248.675100	0.076757
247.705800	0.063020
246.698800	0.048462
245.710600	0.035146
244.712700	0.019223
243.712900	0.004575
242.719900	-0.010846
241.705400	-0.027220
240.712500	-0.041573
239.706500	-0.056567
238.694400	-0.067758
237.709500	-0.077049
236.702800	-0.086839
235.690500	-0.097945
234.708800	-0.108160
233.708100	-0.118372
232.706500	-0.128862
231.716300	-0.136575
230.714200	-0.145646
229.724400	-0.154285
228.743900	-0.165310
227.747100	-0.174538
226.752400	-0.185587
225.732100	-0.198444
224.721300	-0.207152
223.729500	-0.216726
222.730000	-0.227747
221.741200	-0.236745
220.728800	-0.244882
219.706700	-0.252937
218.705700	-0.256832
217.710900	-0.260406
216.728700	-0.264226
215.754700	-0.269912
214.736000	-0.275597
213.721900	-0.280523
212.733200	-0.287489
211.732100	-0.292586
210.778100	-0.295570
209.774700	-0.302741
208.777900	-0.306646
207.780100	-0.310018
206.749900	-0.315453
205.785900	-0.316620
204.786500	-0.317727
203.803500	-0.319530
202.827100	-0.323467
201.816500	-0.328281
200.803700	-0.332882
199.783500	-0.337737
198.771900	-0.339640
197.772800	-0.338850
196.777800	-0.341080
195.784400	-0.341869
194.788700	-0.342570
193.766900	-0.346355
192.760900	-0.348619
191.754800	-0.348903
190.766000	-0.350808
189.781200	-0.351834
188.763400	-0.352247
187.763400	-0.352704
186.754700	-0.352653
185.755900	-0.352984
184.800900	-0.351393
183.815600	-0.353261
182.806600	-0.354959
181.788100	-0.355507
180.760700	-0.357147
179.746200	-0.356127
178.757800	-0.352914
177.792000	-0.351128
176.811100	-0.349768
175.825700	-0.349539
174.836800	-0.351406
173.832100	-0.352385
172.843100	-0.354051
171.841100	-0.354287
170.824400	-0.354284
169.804000	-0.355163
168.778000	-0.353209
167.766000	-0.351569
166.780100	-0.349104
165.808700	-0.345878
164.825100	-0.344902
163.845400	-0.344841
162.835400	-0.345893
161.815300	-0.347057
160.805900	-0.345524
159.814700	-0.343410
158.818500	-0.340098
157.829100	-0.337178
156.843100	-0.336727
155.852600	-0.336471
154.872800	-0.336411
153.891000	-0.336335
152.888600	-0.335797
151.865300	-0.336038
150.829500	-0.335676
149.819700	-0.334979
148.818000	-0.334192
147.808000	-0.331393
146.816200	-0.329430
145.799900	-0.329069
144.772700	-0.327893
143.783400	-0.328480
142.780100	-0.329672
141.785600	-0.328242
140.816700	-0.326098
139.811200	-0.323945
138.819800	-0.321173
137.828500	-0.319758
136.807900	-0.319324
135.837600	-0.319577
134.848700	-0.319153
133.854000	-0.318201
132.856400	-0.319209
131.813100	-0.318489
130.801800	-0.317763
129.775600	-0.318116
128.786700	-0.316089
127.816300	-0.313662
126.839400	-0.312011
125.865900	-0.310056
124.858800	-0.308667
123.849000	-0.308252
122.836500	-0.307201
121.833900	-0.305137
120.836200	-0.302666
119.851100	-0.301313
118.857300	-0.300696
117.848100	-0.300308
116.863300	-0.301778
115.860300	-0.302585
114.868500	-0.302222
113.870500	-0.302911
112.866700	-0.302238
111.840800	-0.301353
110.819500	-0.300621
109.811300	-0.299627
108.811400	-0.298177
107.841900	-0.295582
106.867200	-0.294300
105.892700	-0.293209
104.903400	-0.291791
103.909300	-0.292431
102.902000	-0.291964
101.922400	-0.290284
100.935600	-0.290405
99.928640	-0.289520
98.932980	-0.288727
97.917450	-0.288488
96.902240	-0.287768
95.910780	-0.287178
94.905750	-0.287549
93.908730	-0.287883
92.883870	-0.288426
91.855240	-0.288511
90.838480	-0.287925
89.816170	-0.287788
88.819810	-0.286188
87.823620	-0.284690
86.832600	-0.283083
85.829640	-0.280947
84.840990	-0.279752
83.859340	-0.279284
82.859330	-0.278637
81.869530	-0.279010
80.877260	-0.279136
79.859660	-0.279337
78.844310	-0.280189
77.834150	-0.279418
76.838550	-0.279183
75.859630	-0.279045
74.883580	-0.278489
73.904130	-0.278999
72.881170	-0.278352
71.858920	-0.277768
70.850460	-0.276625
69.834370	-0.275409
68.818450	-0.274451
67.815740	-0.273367
66.803540	-0.273013
65.812410	-0.272683
64.844600	-0.272249
63.855870	-0.271522
62.857480	-0.272098
61.840430	-0.273002
60.824440	-0.273981
59.811190	-0.274627
58.821370	-0.274059
57.825050	-0.273930
56.839160	-0.272647
55.855450	-0.271262
54.854000	-0.269786
53.885040	-0.267032
52.880250	-0.267351
51.907790	-0.268118
50.926400	-0.268772
49.920620	-0.270745
48.917200	-0.269613
47.887650	-0.270270
46.876790	-0.269801
45.872310	-0.268726
44.898110	-0.269667
43.916590	-0.268896
42.925410	-0.269693
41.929380	-0.270196
40.912120	-0.269698
39.907540	-0.270057
38.891080	-0.269066
37.895520	-0.268241
36.901500	-0.268505
35.900420	-0.267574
34.908900	-0.266736
33.876470	-0.266917
32.874010	-0.266454
31.864300	-0.265084
30.874220	-0.264295
29.913880	-0.262377
28.911670	-0.261038
27.915720	-0.261289
26.929340	-0.262690
25.924480	-0.264291
24.942730	-0.265439
23.958640	-0.267396
22.940280	-0.268679
21.928660	-0.269131
20.933170	-0.269567
19.941040	-0.269089
18.950620	-0.267347
17.963350	-0.266359
16.976700	-0.265119
15.944100	-0.263480
14.938600	-0.262714
13.945000	-0.261571
12.937990	-0.260686
11.972580	-0.259161
10.970890	-0.257824
9.976572	-0.257559
8.974590	-0.257174
7.953672	-0.257975
6.965427	-0.259324
5.963149	-0.260156
4.974871	-0.261377
4.013208	-0.262258
3.012119	-0.263065
2.000793	-0.264507
0.999158	-0.264767
-0.019812	-0.264506
-0.983176	-0.262861
-1.937558	-0.260522
-2.909787	-0.259883
-3.874092	-0.259673
-4.867290	-0.260006
-5.878418	-0.261072
-6.865028	-0.260353
-7.856838	-0.259725
-8.870278	-0.260044
-9.872458	-0.259878
-10.890830	-0.261344
-11.916920	-0.262569
-12.906320	-0.262566
-13.894450	-0.263076
-14.920290	-0.262278
-15.912780	-0.261862
-16.938050	-0.262688
-17.956260	-0.262571
-18.951290	-0.262998
-19.962160	-0.262854
-20.944460	-0.262435
-21.940200	-0.261041
-22.918570	-0.259946
-23.908600	-0.259459
-24.896480	-0.258741
-25.867750	-0.259189
-26.873020	-0.259633
-27.874260	-0.259670
-28.887370	-0.259712
-29.914380	-0.260266
-30.917560	-0.260618
-31.918590	-0.260641
-32.912960	-0.261033
-33.913120	-0.261483
-34.899170	-0.261918
-35.884220	-0.262646
-36.885250	-0.263463
-37.899150	-0.263283
-38.914670	-0.262556
-39.934410	-0.262605
-40.942700	-0.261739
-41.906240	-0.259986
-42.905860	-0.260149
-43.901700	-0.259108
-44.882050	-0.258793
-45.902490	-0.260153
-46.894300	-0.260360
-47.903170	-0.261531
-48.934540	-0.262231
-49.944080	-0.262969
-50.926990	-0.263086
-51.884350	-0.262531
-52.856320	-0.262301
-53.833430	-0.261557
-54.860250	-0.260725
-55.881570	-0.260961
-56.891720	-0.260849
-57.902490	-0.260322
-58.895920	-0.261010
-59.908070	-0.260033
-60.918260	-0.258503
-61.926910	-0.258388
-62.913170	-0.258335
-63.893330	-0.258998
-64.889760	-0.261044
-65.869480	-0.262078
-66.875470	-0.262690
-67.884920	-0.263092
-68.878500	-0.262666
-69.924910	-0.262441
-70.919860	-0.261085
-71.924670	-0.260380
-72.929450	-0.259579
-73.875100	-0.259000
-74.884000	-0.259562
-75.881110	-0.259635
-76.862760	-0.260789
-77.873300	-0.261208
-78.869190	-0.260369
-79.878490	-0.259413
-80.893630	-0.257789
-81.897540	-0.257252
-82.892760	-0.258044
-83.873930	-0.259233
-84.862690	-0.260269
-85.873110	-0.262098
-86.888900	-0.262644
-87.894420	-0.262782
-88.904340	-0.262444
-89.895920	-0.261561
-90.886210	-0.261203
-91.881540	-0.259834
-92.884990	-0.259512
-93.869170	-0.258924
-94.883240	-0.259648
-95.881540	-0.261397
-96.872930	-0.262096
-97.882740	-0.260777
-98.867780	-0.259490
-99.863940	-0.258569
-100.849200	-0.257992
-101.843000	-0.259554
-102.839900	-0.260082
-103.868400	-0.261462
-104.878300	-0.263263
-105.887000	-0.261999
-106.903600	-0.263058
-107.895600	-0.262653
-108.890200	-0.261476
-109.898700	-0.262743
-110.892400	-0.261522
-111.886500	-0.260178
-112.886100	-0.259549
-113.880000	-0.258507
-114.861800	-0.257959
-115.833600	-0.258335
-116.834600	-0.258906
-117.824000	-0.259173
-118.824400	-0.259330
-119.861400	-0.260502
-120.870800	-0.261163
-121.873700	-0.262248
-122.893000	-0.263878
-123.886400	-0.264095
-124.873400	-0.263908
-125.865400	-0.264036
-126.853400	-0.264107
-127.833000	-0.263536
-128.827600	-0.263613
-129.840100	-0.263747
-130.849900	-0.263212
-131.864200	-0.262247
-132.859400	-0.262300
-133.856400	-0.262151
-134.834900	-0.261975
-135.838400	-0.263407
-136.865100	-0.263069
-137.835900	-0.261745
-138.840200	-0.261046
-139.829700	-0.260315
-140.816700	-0.260081
-141.839500	-0.261495
-142.840400	-0.262017
-143.845000	-0.262871
-144.845800	-0.263460
-145.838500	-0.263622
-146.850500	-0.264922
-147.837400	-0.265485
-148.838400	-0.266257
-149.836100	-0.266837
-150.840100	-0.265859
-151.835500	-0.264389
-152.809600	-0.263564
-153.796200	-0.262730
-154.770100	-0.263333
-155.773900	-0.264873
-156.794100	-0.265506
-157.819300	-0.266717
-158.829400	-0.267028
-159.825700	-0.267984
-160.837400	-0.269350
-161.847500	-0.269984
-162.851500	-0.270237
-163.874100	-0.269544
-164.848000	-0.268188
-165.824900	-0.267139
-166.833000	-0.267170
-167.839100	-0.266752
-168.872000	-0.267387
-169.893600	-0.267374
-170.879900	-0.266877
-171.844400	-0.266959
-172.812700	-0.266741
-173.800500	-0.267473
-174.807200	-0.268855
-175.827800	-0.270136
-176.846400	-0.271092
-177.855500	-0.271718
-178.833700	-0.271430
-179.825300	-0.271411
-180.806700	-0.271116
-181.796100	-0.271060
-182.804900	-0.270764
-183.801300	-0.270625
-184.803100	-0.270742
-185.799600	-0.270658
-186.810700	-0.272473
-187.825400	-0.273145
-188.841100	-0.273955
-189.836100	-0.274239
-190.832900	-0.272043
-191.785700	-0.271595
-192.774200	-0.271745
-193.754200	-0.272582
-194.721700	-0.274442
-195.759900	-0.275313
