Potencial	Intensidad
mv	uA
-196.162600	-0.300087
-197.168200	-0.299312
-198.125100	-0.289751
-198.587200	-0.272613
-198.531900	-0.252166
-198.008600	-0.230224
-197.036100	-0.216998
-196.043500	-0.210527
-195.050300	-0.205674
-194.032000	-0.201610
-193.013800	-0.197101
-192.006500	-0.192174
-191.024900	-0.188086
-190.035500	-0.184254
-189.055500	-0.180684
-188.068800	-0.177938
-187.063500	-0.174341
-186.062000	-0.170842
-185.057800	-0.167977
-184.036300	-0.166214
-183.017500	-0.165860
-182.017200	-0.165350
-181.018100	-0.164519
-180.037400	-0.162600
-179.074800	-0.159770
-178.082900	-0.157064
-177.103100	-0.154147
-176.083700	-0.150800
-175.071000	-0.147131
-174.080100	-0.144137
-173.063500	-0.142303
-172.071900	-0.141059
-171.074600	-0.141467
-170.070300	-0.141517
-169.081100	-0.140740
-168.086900	-0.139542
-167.093000	-0.137594
-166.094800	-0.135049
-165.088700	-0.131713
-164.063200	-0.128755
-163.053900	-0.126442
-162.048300	-0.124500
-161.036600	-0.123841
-160.062500	-0.123422
-159.080600	-0.122550
-158.074200	-0.122351
-157.061400	-0.121653
-156.038000	-0.120961
-155.039800	-0.119213
-154.042100	-0.117244
-153.043400	-0.115206
-152.069300	-0.113211
-151.044500	-0.111987
-150.039900	-0.111051
-149.050500	-0.109336
-148.034900	-0.107075
-147.055200	-0.106448
-146.074400	-0.104824
-145.084500	-0.104087
-144.100300	-0.104105
-143.073300	-0.103125
-142.076200	-0.101822
-141.063600	-0.100904
-140.060000	-0.100113
-139.088600	-0.098767
-138.077900	-0.098407
-137.086900	-0.096888
-136.111700	-0.095050
-135.098600	-0.094089
-134.101400	-0.093448
-133.099200	-0.093879
-132.061400	-0.093749
-131.061500	-0.093873
-130.075200	-0.093493
-129.099000	-0.092702
-128.110700	-0.092255
-127.127700	-0.091042
-126.128300	-0.089258
-125.098600	-0.087130
-124.101400	-0.085962
-123.084500	-0.085153
-122.077600	-0.085017
-121.091500	-0.084851
-120.107900	-0.084439
-119.127700	-0.083281
-118.113600	-0.082261
-117.096700	-0.081680
-116.088700	-0.080796
-115.088100	-0.079311
-114.112200	-0.078055
-113.129500	-0.077001
-112.114800	-0.076309
-111.099500	-0.076909
-110.089000	-0.077109
-109.077900	-0.077218
-108.099300	-0.076994
-107.112200	-0.076140
-106.101100	-0.075609
-105.092600	-0.074101
-104.061300	-0.072427
-103.038700	-0.071433
-102.037300	-0.069422
-101.034700	-0.069206
-100.055400	-0.068902
-99.064440	-0.067453
-98.068020	-0.066818
-97.081540	-0.066065
-96.097560	-0.065180
-95.125730	-0.065351
-94.146000	-0.062338
-93.136790	-0.062926
-92.120210	-0.061225
-91.103700	-0.061325
-90.092410	-0.063360
-89.115670	-0.062597
-88.146120	-0.064174
-87.132680	-0.062442
-86.130840	-0.060744
-85.125750	-0.059375
-84.128020	-0.056829
-83.157910	-0.056334
-82.166570	-0.057422
-81.159030	-0.056167
-80.124900	-0.057717
-79.113410	-0.057746
-78.125460	-0.057839
-77.167810	-0.057775
-76.193920	-0.056970
-75.196660	-0.056381
-74.174360	-0.054244
-73.164180	-0.053298
-72.161340	-0.051136
-71.145170	-0.050080
-70.179500	-0.050619
-69.175190	-0.050591
-68.164440	-0.050772
-67.191650	-0.050502
-66.175080	-0.050022
-65.155010	-0.049523
-64.156560	-0.048412
-63.154420	-0.047855
-62.135800	-0.046116
-61.125860	-0.045224
-60.110500	-0.044637
-59.093120	-0.043125
-58.118010	-0.042808
-57.142040	-0.042651
-56.152290	-0.042853
-55.136010	-0.042825
-54.128550	-0.042868
-53.114940	-0.042358
-52.124360	-0.041571
-51.148050	-0.040896
-50.133220	-0.039606
-49.135800	-0.036581
-48.124240	-0.033993
-47.106540	-0.032428
-46.110570	-0.031428
-45.114300	-0.032495
-44.130840	-0.034099
-43.155680	-0.034949
-42.161000	-0.035530
-41.157970	-0.035755
-40.167320	-0.035717
-39.174680	-0.035259
-38.193780	-0.034405
-37.199660	-0.032131
-36.172910	-0.029623
-35.149670	-0.028299
-34.123970	-0.028413
-33.116180	-0.030335
-32.117540	-0.031885
-31.111210	-0.033046
-30.112100	-0.032940
-29.108850	-0.032074
-28.115650	-0.031235
-27.127160	-0.030400
-26.135300	-0.029447
-25.147950	-0.028079
-24.143510	-0.026384
-23.160220	-0.025016
-22.145850	-0.024415
-21.143590	-0.024784
-20.176020	-0.026416
-19.167930	-0.027013
-18.176170	-0.026837
-17.173540	-0.025947
-16.137080	-0.024318
-15.125840	-0.022758
-14.125780	-0.021535
-13.116650	-0.020685
-12.111450	-0.019660
-11.114350	-0.019025
-10.107370	-0.018983
-9.107797	-0.018981
-8.123151	-0.019516
-7.107499	-0.020403
-6.107004	-0.020052
-5.106492	-0.019293
-4.095777	-0.018343
-3.127675	-0.017385
-2.150277	-0.016482
-1.178527	-0.016190
-0.218218	-0.015902
0.777787	-0.013870
1.749141	-0.011423
2.733440	-0.009696
3.707667	-0.008521
4.681746	-0.008662
5.682374	-0.009537
6.688251	-0.010794
7.704432	-0.010011
8.706924	-0.009921
9.701756	-0.010252
10.668310	-0.009561
11.659230	-0.009985
12.659590	-0.009157
13.662000	-0.007556
14.683380	-0.006064
15.677110	-0.005898
16.692100	-0.007002
17.705740	-0.008065
18.716090	-0.008410
19.706350	-0.008805
20.688880	-0.007968
21.667960	-0.007749
22.648660	-0.008071
23.659510	-0.006922
24.654570	-0.005023
25.671110	-0.003179
26.685740	-0.001471
27.690710	-0.000992
28.698390	-0.001798
29.670470	-0.003502
30.635940	-0.003578
31.629180	-0.003132
32.617780	-0.003007
33.605350	-0.000987
34.625580	0.000070
35.641310	0.001560
36.651660	0.003771
37.667430	0.005097
38.648180	0.005420
39.637960	0.005722
40.634530	0.005615
41.642020	0.004968
42.641770	0.004559
43.624920	0.004015
44.632890	0.004160
45.639530	0.004517
46.642710	0.005757
47.676100	0.007087
48.698040	0.007710
49.685640	0.008399
50.695560	0.010132
51.674940	0.011686
52.637050	0.013286
53.634410	0.013834
54.637600	0.013034
55.622410	0.012431
56.629390	0.011104
57.615610	0.013049
58.592540	0.014118
59.593580	0.015450
60.592490	0.016639
61.591500	0.016156
62.602170	0.017079
63.602360	0.017872
64.584760	0.018598
65.594130	0.019063
66.593430	0.018612
67.602890	0.017545
68.610020	0.017290
69.618760	0.017246
70.611640	0.017812
71.611920	0.019941
72.617220	0.021985
73.596220	0.023688
74.599660	0.026160
75.589750	0.027477
76.577460	0.028557
77.583980	0.027808
78.577130	0.028226
79.583820	0.027394
80.578990	0.027084
81.566120	0.029152
82.586000	0.029642
83.582860	0.031116
84.565440	0.033836
85.587830	0.036301
86.590680	0.037980
87.589260	0.039896
88.599080	0.040178
89.581390	0.039790
90.570120	0.040034
91.578190	0.039869
92.593150	0.040227
93.599460	0.041246
94.592110	0.043116
95.591130	0.045657
96.585660	0.048087
97.605470	0.051175
98.626340	0.052780
99.621750	0.053256
100.654700	0.055398
101.653600	0.056762
102.634400	0.057671
103.623000	0.059516
104.610600	0.060156
105.611400	0.060692
106.616600	0.062007
107.612300	0.063883
108.593200	0.065201
109.576100	0.066202
110.566200	0.068189
111.566900	0.070482
112.562600	0.072679
113.563400	0.076059
114.585300	0.078036
115.591000	0.077686
116.580200	0.078005
117.589800	0.078194
118.569200	0.078910
119.572300	0.081232
120.594200	0.083501
121.589900	0.085949
122.580100	0.089110
123.578800	0.092567
124.576000	0.096763
125.593200	0.100021
126.615400	0.102429
127.604500	0.104430
128.596500	0.105569
129.537500	0.106648
130.526400	0.109704
131.527600	0.112329
132.490600	0.116328
133.508200	0.120641
134.484500	0.125116
135.491300	0.130485
136.542400	0.134588
137.578400	0.138623
138.589800	0.141356
139.582700	0.142992
140.580700	0.145537
141.552300	0.149143
142.553800	0.153004
143.571900	0.158475
144.549000	0.163660
145.543100	0.169340
146.556600	0.174629
147.545900	0.179127
148.557400	0.184594
149.588900	0.188940
150.574700	0.193511
151.562300	0.198954
152.550000	0.203296
153.514200	0.208237
154.512400	0.214925
155.531700	0.221562
156.559700	0.228940
157.567100	0.236111
158.577800	0.241814
159.562000	0.247343
160.528600	0.251952
161.533800	0.258918
162.522400	0.267573
163.516900	0.275886
164.534800	0.285709
165.544800	0.293144
166.537800	0.299589
167.554700	0.307565
168.565200	0.315649
169.548800	0.323271
170.554100	0.331857
171.535900	0.340256
172.505000	0.348369
173.475900	0.359011
174.477900	0.371668
175.500600	0.384368
176.514500	0.395889
177.536500	0.407710
178.543800	0.417812
179.510500	0.426365
180.491300	0.437643
181.503400	0.449889
182.479600	0.461407
183.482200	0.474945
184.483100	0.490471
185.467200	0.503552
186.492700	0.518083
187.497600	0.533543
188.535100	0.548621
189.526300	0.562900
190.502200	0.578035
191.514200	0.593389
192.486400	0.606461
193.499500	0.623494
194.519500	0.643576
195.510700	0.660721
196.526600	0.679514
197.534700	0.698535
198.530000	0.714258
199.552500	0.732988
200.554000	0.754671
201.553300	0.774463
202.545800	0.794668
203.527500	0.814601
204.520000	0.834336
205.503900	0.855045
206.517800	0.876644
207.528800	0.900362
208.523200	0.920883
209.532400	0.941266
210.524200	0.962348
211.482700	0.982313
212.474500	1.006871
213.469500	1.035035
214.467100	1.062031
215.482900	1.089872
216.496200	1.115372
217.475900	1.138392
218.460800	1.163498
219.464300	1.188713
220.446900	1.214614
221.456300	1.241223
222.441200	1.268573
223.435000	1.298110
224.416500	1.328521
225.446300	1.361888
226.467600	1.395349
227.471600	1.425056
228.471400	1.452262
229.436700	1.480185
230.417500	1.505929
231.399700	1.535567
232.416300	1.570106
233.416600	1.601328
234.432600	1.637800
235.440800	1.672016
236.438800	1.703960
237.442500	1.737167
238.450800	1.767870
239.455300	1.800139
240.439700	1.828985
241.430100	1.858208
242.405800	1.889604
243.390400	1.917688
244.380300	1.952892
245.420000	1.990217
246.422200	2.023029
247.449800	2.058544
248.480400	2.090613
249.446000	2.118497
250.441000	2.150884
251.434500	2.183269
252.435500	2.216127
253.433400	2.247286
254.436300	2.277271
255.447800	2.308493
256.433500	2.336800
257.455000	2.368826
258.478000	2.401446
259.469600	2.425385
260.462300	2.450696
261.454200	2.477826
262.430500	2.502206
263.401900	2.534540
264.415400	2.568348
265.416000	2.597102
266.427000	2.624402
267.443100	2.647506
268.429700	2.668693
269.419500	2.688620
270.411600	2.708718
271.408300	2.731001
272.401200	2.750326
273.396900	2.772287
274.413500	2.798860
275.427100	2.820397
276.454800	2.843157
277.486600	2.864931
278.481600	2.877307
279.468000	2.888658
280.442000	2.898702
281.402600	2.907421
282.391100	2.919022
283.387400	2.933341
284.388700	2.950478
285.388200	2.965654
286.392900	2.978237
287.405500	2.989861
288.426300	2.995286
289.431500	2.998872
290.441900	3.005093
291.435500	3.006530
292.445000	3.008828
293.443300	3.011986
294.422000	3.012747
295.409900	3.018207
296.403600	3.021985
297.433400	3.024296
298.439900	3.023966
299.448500	3.019585
300.429500	3.015903
301.414900	3.011656
302.418600	3.007346
303.436700	3.004764
304.439600	2.998079
305.440800	2.990284
306.457300	2.983086
307.430700	2.971668
308.436000	2.963592
309.433600	2.953412
310.414200	2.940394
311.418300	2.931810
312.396100	2.920595
313.382300	2.910975
314.386900	2.902989
315.397000	2.891257
316.417400	2.879182
317.415000	2.865787
318.407500	2.850799
319.397900	2.835248
320.379500	2.819725
321.377400	2.805631
322.383200	2.792432
323.359700	2.778905
324.378900	2.767846
325.383500	2.755590
326.376300	2.740578
327.401800	2.728037
328.396300	2.711840
329.404900	2.696097
330.399300	2.681120
331.382800	2.665507
332.385800	2.651299
333.369700	2.636731
334.368000	2.625008
335.383700	2.612445
336.383500	2.598701
337.392500	2.585164
338.386600	2.569637
339.373800	2.552500
340.365100	2.537964
341.356000	2.523868
342.366500	2.508567
343.361600	2.497017
344.354700	2.485558
345.359500	2.473477
346.355500	2.462901
347.373600	2.452124
348.390400	2.439865
349.386600	2.427023
350.382800	2.415003
351.364700	2.403496
352.354800	2.391538
353.359800	2.381432
354.381900	2.371995
355.409200	2.360971
356.434800	2.351174
357.447400	2.340856
358.429700	2.329155
359.419600	2.318569
360.400100	2.307671
361.371500	2.297885
362.372800	2.289173
363.366300	2.280142
364.367400	2.271488
365.386400	2.262212
366.377500	2.254016
367.377900	2.245585
368.345800	2.238757
369.345600	2.230498
370.347400	2.221231
371.333500	2.212498
372.334700	2.203834
373.304500	2.196667
374.299100	2.189641
375.306500	2.184136
376.315100	2.179230
377.328900	2.173170
378.361500	2.166470
379.373800	2.160980
380.397500	2.153618
381.403000	2.147166
382.367700	2.141746
383.371300	2.134665
384.345300	2.129575
385.350300	2.126167
386.371000	2.122146
387.360500	2.118385
388.374200	2.112854
389.362600	2.106893
390.351300	2.100930
391.341800	2.095902
392.322400	2.090754
393.338300	2.085738
394.337200	2.081966
395.348500	2.077408
396.364200	2.074066
397.371800	2.070825
398.384400	2.067641
399.383000	2.065414
400.381100	2.062497
401.366900	2.060236
402.355300	2.056731
403.369800	2.052187
404.389600	2.048782
405.418600	2.044790
406.434100	2.040656
407.439700	2.038530
408.436100	2.035263
409.398900	2.031434
410.375500	2.029015
411.370300	2.026725
412.358700	2.024933
413.380200	2.023731
414.393600	2.021884
415.384300	2.018508
416.397400	2.014276
417.379000	2.011216
418.382700	2.009161
419.383400	2.005596
420.368100	2.004021
421.371300	2.002324
422.344500	1.999786
423.326200	2.000583
424.323400	2.000130
425.319000	1.998313
426.340700	1.996551
427.350800	1.993544
428.358900	1.990988
429.344800	1.988774
430.340000	1.987775
431.350500	1.986823
432.334000	1.985481
433.327800	1.985091
434.317100	1.984954
435.295500	1.983631
436.306000	1.983512
437.345300	1.982534
438.343900	1.979977
439.319500	1.978772
440.312900	1.977140
441.273000	1.976377
442.249100	1.975567
443.287500	1.975050
444.299400	1.975719
445.304300	1.975874
446.319100	1.976665
447.313500	1.977792
448.300800	1.977211
449.297600	1.977508
450.318000	1.978661
451.306900	1.977566
452.301400	1.976589
453.313900	1.974388
454.307600	1.972283
455.306900	1.972181
456.307900	1.971605
457.325100	1.972024
458.330700	1.970994
459.336400	1.968659
460.315400	1.968053
461.286300	1.967995
462.260000	1.968957
463.252200	1.971046
464.269500	1.970867
465.283100	1.969985
466.313800	1.969060
467.316200	1.967911
468.310900	1.968811
469.308600	1.968128
470.280700	1.967410
471.262200	1.967283
472.257200	1.966392
473.242100	1.968856
474.253900	1.970499
475.258100	1.971742
476.287900	1.972028
477.295400	1.971201
478.286300	1.969563
479.281600	1.968663
480.248400	1.969106
481.241900	1.969225
482.250300	1.970643
483.268000	1.970851
484.296900	1.971862
485.302900	1.972520
486.294100	1.973046
487.283400	1.974094
488.266900	1.973788
489.251800	1.974200
490.245400	1.974310
491.244300	1.974653
492.228600	1.975146
493.236700	1.976008
494.253600	1.977762
495.262500	1.979769
496.298400	1.981086
497.287800	1.981857
498.302100	1.982679
499.293600	1.983640
500.262100	1.985753
501.259700	1.987215
502.228800	1.987257
503.233200	1.987244
504.251300	1.986630
505.269100	1.986776
506.280600	1.987274
507.301800	1.988457
508.315100	1.989390
509.319800	1.989593
510.307300	1.991347
511.299600	1.992894
512.284000	1.995387
513.289400	1.998688
514.313800	2.000253
515.302100	2.000048
516.292400	1.999210
517.270000	1.996740
518.251100	1.996110
519.233200	1.997694
520.242900	1.999110
521.238000	2.002188
522.225300	2.003615
523.221700	2.005405
524.204800	2.006475
525.209100	2.008560
526.200400	2.010251
527.225600	2.010677
528.227800	2.011425
529.219400	2.012321
530.244500	2.014886
531.228100	2.016713
532.221400	2.019379
533.250100	2.020287
534.243200	2.020289
535.240800	2.021024
536.246400	2.020850
537.236400	2.021959
538.228500	2.023645
539.215900	2.024494
540.226600	2.026926
541.219700	2.028177
542.217300	2.029116
543.235800	2.030477
544.222200	2.030746
545.220700	2.032048
546.243500	2.033590
547.249000	2.034490
548.252200	2.036743
549.267300	2.036520
550.263700	2.036072
551.260300	2.036078
552.260700	2.035877
553.241200	2.036602
554.214600	2.038294
555.204500	2.040426
556.195600	2.042033
557.207100	2.044987
558.223300	2.048419
559.245100	2.051784
560.252400	2.053827
561.248400	2.055576
562.263500	2.055799
563.237700	2.055203
564.218400	2.057075
565.228000	2.058548
566.201400	2.059763
567.193500	2.061983
568.221300	2.063515
569.218800	2.064966
570.233300	2.067409
571.240400	2.069757
572.227300	2.072005
573.209200	2.073877
574.211100	2.076245
575.213000	2.078946
576.199800	2.079772
577.199300	2.081234
578.195100	2.082295
579.199500	2.080990
580.203600	2.081913
581.211400	2.084252
582.212200	2.086287
583.203200	2.089829
584.197400	2.093693
585.195900	2.096020
586.194100	2.099138
587.209000	2.102590
588.221800	2.105349
589.216100	2.106662
590.206200	2.106996
591.203200	2.107892
592.194500	2.109010
593.197300	2.111112
594.206400	2.114037
595.198900	2.116199
596.202200	2.118709
597.199600	2.122110
598.169300	2.121253
598.681700	2.088085
598.687000	2.044115
598.193300	1.992785
597.216200	1.940377
596.176200	1.913827
595.158800	1.894803
594.142500	1.878391
593.127200	1.862865
592.137600	1.850561
591.149800	1.838695
590.157600	1.827961
589.180200	1.818773
588.201900	1.810243
587.224700	1.800986
586.212900	1.790474
585.205700	1.780442
584.193700	1.771692
583.175000	1.763943
582.164900	1.759473
581.168200	1.756570
580.158000	1.750282
579.147800	1.744136
578.176300	1.737621
577.154200	1.729213
576.181500	1.723705
575.192300	1.719152
574.185500	1.713744
573.183200	1.709202
572.151600	1.704637
571.142300	1.701156
570.140800	1.698541
569.158700	1.695822
568.179600	1.694479
567.197400	1.690340
566.199200	1.686629
565.209200	1.684231
564.200600	1.680859
563.192300	1.680081
562.202300	1.679160
561.196800	1.676066
560.208400	1.671931
559.198400	1.666401
558.183300	1.661035
557.172900	1.657305
556.168600	1.654617
555.177100	1.652921
554.180800	1.651127
553.175100	1.648835
552.177100	1.648183
551.169300	1.647295
550.173900	1.646280
549.208400	1.645492
548.215600	1.642433
547.226400	1.639380
546.213300	1.636557
545.181100	1.634234
544.163700	1.633623
543.152600	1.633246
542.159600	1.632104
541.169800	1.631182
540.175500	1.628596
539.193700	1.625855
538.210600	1.623835
537.219700	1.621496
536.249400	1.620181
535.220900	1.617440
534.214000	1.616053
533.208400	1.615046
532.194800	1.613277
531.216400	1.614483
530.223300	1.614114
529.221600	1.612464
528.216200	1.610243
527.225800	1.608509
526.195600	1.606028
525.196900	1.605567
524.189000	1.605424
523.177900	1.603732
522.183700	1.602160
521.183800	1.600653
520.168700	1.598638
519.180300	1.597356
518.200300	1.596806
517.235400	1.596668
516.238400	1.595320
515.221000	1.594226
514.221300	1.594003
513.186300	1.591259
512.199500	1.590998
511.225900	1.590476
510.244900	1.587904
509.256700	1.586781
508.256100	1.585859
507.254500	1.584533
506.234600	1.583875
505.223700	1.583379
504.237600	1.583016
503.234900	1.580233
502.218300	1.578774
501.247700	1.578248
500.254800	1.576849
499.234800	1.577005
498.262900	1.577240
497.258300	1.574622
496.235600	1.572936
495.234800	1.571449
494.209200	1.569695
493.158900	1.569356
492.165500	1.569544
491.183100	1.570076
490.215200	1.569760
489.230000	1.569013
488.240800	1.568532
487.244400	1.566284
486.233600	1.564536
485.250500	1.563777
484.240800	1.560398
483.224300	1.558779
482.218100	1.557726
481.218300	1.556845
480.224600	1.557678
479.230600	1.558087
478.228200	1.557707
477.218100	1.556221
476.226900	1.554236
475.218600	1.552580
474.229500	1.551615
473.252600	1.551485
472.260700	1.552691
471.268000	1.553635
470.267300	1.553171
469.256000	1.552470
468.244300	1.549809
467.255000	1.547698
466.265500	1.546432
465.263500	1.544459
464.247600	1.543993
463.244800	1.542617
462.236100	1.541641
461.254200	1.542081
460.296400	1.541849
459.315700	1.541020
458.321700	1.539962
457.318700	1.537798
456.287000	1.536156
455.272600	1.535599
454.256400	1.536478
453.261100	1.538121
452.270600	1.538870
451.273200	1.539172
450.294700	1.537279
449.281600	1.534527
448.299000	1.532794
447.305100	1.531181
446.280200	1.528651
445.284000	1.527503
444.232500	1.526572
443.201300	1.525684
442.203400	1.526766
441.177600	1.527143
440.208200	1.528402
439.241200	1.528146
438.255100	1.528153
437.295200	1.527895
436.301800	1.525280
435.310700	1.525824
434.321600	1.525652
433.315000	1.524115
432.329400	1.523834
431.313800	1.522275
430.316400	1.519472
429.340800	1.518083
428.327000	1.516040
427.342300	1.514481
426.324000	1.512549
425.306400	1.511205
424.317900	1.511318
423.305800	1.509161
422.321000	1.509467
421.331400	1.510389
420.327900	1.508856
419.330400	1.508842
418.342600	1.508904
417.331200	1.507153
416.317600	1.507435
415.331100	1.508204
414.327500	1.507766
413.334000	1.507329
412.343600	1.505430
411.341300	1.503578
410.366400	1.501288
409.384900	1.499316
408.411300	1.498065
407.394000	1.494672
406.362900	1.491358
405.354500	1.488985
404.335000	1.486347
403.348500	1.485404
402.364500	1.485887
401.341300	1.485504
400.324600	1.485981
399.337000	1.486058
398.320000	1.485391
397.333800	1.484595
396.338400	1.482833
395.326600	1.481993
394.335500	1.480237
393.332800	1.477871
392.335300	1.476178
391.310200	1.473531
390.308500	1.472068
389.305100	1.471867
388.296900	1.471018
387.312500	1.470073
386.306600	1.468274
385.298300	1.465495
384.321100	1.464271
383.345400	1.462387
382.343400	1.460979
381.348000	1.460469
380.333100	1.457299
379.310700	1.455679
378.313400	1.453030
377.325400	1.449909
376.322100	1.448376
375.321200	1.445385
374.320000	1.444068
373.320100	1.443176
372.321600	1.439844
371.324500	1.438830
370.336600	1.437484
369.320600	1.433161
368.323800	1.431595
367.336700	1.427813
366.312100	1.424273
365.303700	1.422758
364.295500	1.421356
363.293300	1.420088
362.294500	1.419526
361.296400	1.416832
360.321000	1.413568
359.324500	1.411886
358.351300	1.406634
357.393500	1.405404
356.367000	1.399776
355.354000	1.393729
354.327400	1.390263
353.294000	1.383483
352.313700	1.381707
351.316700	1.380139
350.360000	1.377249
349.376700	1.375159
348.376600	1.371520
347.367000	1.366724
346.344100	1.361421
345.336600	1.357272
344.349400	1.353675
343.360500	1.348636
342.334200	1.344507
341.339400	1.340945
340.312100	1.334198
339.313800	1.329008
338.333500	1.323820
337.323400	1.316137
336.315900	1.310405
335.311300	1.303973
334.302300	1.296919
333.323000	1.291093
332.331100	1.285688
331.343600	1.280668
330.355600	1.274681
329.343400	1.266904
328.354500	1.259932
327.336900	1.251100
326.353000	1.243351
325.356900	1.238954
324.356800	1.230890
323.364500	1.224491
322.341900	1.216856
321.327500	1.207354
320.339400	1.199165
319.345600	1.189717
318.352300	1.179179
317.371600	1.168151
316.370500	1.155471
315.364000	1.144149
314.362000	1.134269
313.359300	1.123919
312.360400	1.116567
311.368000	1.107023
310.377200	1.097250
309.385600	1.088628
308.391200	1.076183
307.402300	1.065521
306.419300	1.054046
305.411100	1.038996
304.412100	1.025949
303.398100	1.011182
302.367700	0.996201
301.358700	0.984974
300.342800	0.972199
299.347300	0.959561
298.358100	0.945800
297.365100	0.929386
296.370700	0.913544
295.371600	0.896598
294.351100	0.881442
293.350100	0.867728
292.343800	0.850901
291.330900	0.837136
290.365400	0.822866
289.357100	0.806348
288.365700	0.793037
287.392200	0.777685
286.386900	0.759085
285.388900	0.742200
284.377300	0.723954
283.356000	0.706294
282.348800	0.690496
281.370400	0.675811
280.395100	0.662423
279.407800	0.643089
278.415100	0.625415
277.418000	0.607469
276.398100	0.583931
275.394200	0.565771
274.397500	0.548187
273.372600	0.526261
272.374700	0.509254
271.370400	0.494651
270.362100	0.477067
269.377600	0.462338
268.377300	0.446058
267.383300	0.426127
266.381700	0.403871
265.375300	0.382133
264.370500	0.362982
263.367600	0.342581
262.372400	0.325975
261.383400	0.312580
260.405900	0.293930
259.415600	0.277148
258.414000	0.261105
257.404100	0.240219
256.403400	0.222334
255.396500	0.205394
254.405000	0.186251
253.397300	0.168647
252.389900	0.151577
251.388400	0.136690
250.393400	0.121536
249.412400	0.105884
248.426800	0.091943
247.416200	0.072631
246.397000	0.053406
245.392500	0.038020
244.369600	0.020383
243.383300	0.006659
242.417300	-0.003138
241.416600	-0.017445
240.427500	-0.029130
239.413900	-0.042938
238.371500	-0.057712
237.372700	-0.070626
236.362200	-0.086284
235.377400	-0.099688
234.379600	-0.113249
233.359200	-0.125920
232.375100	-0.133946
231.401400	-0.142419
230.410100	-0.151713
229.456900	-0.160084
228.459700	-0.174292
227.437800	-0.186927
226.454100	-0.199796
225.424100	-0.214428
224.414600	-0.222688
223.424800	-0.231855
222.403500	-0.240391
221.406900	-0.246784
220.409300	-0.252386
219.386400	-0.259341
218.395600	-0.264729
217.395000	-0.269965
216.417100	-0.276679
215.422700	-0.285470
214.433700	-0.292670
213.456500	-0.299029
212.446900	-0.307040
211.465800	-0.312176
210.479700	-0.316311
209.452200	-0.324410
208.446700	-0.328811
207.438900	-0.333053
206.427800	-0.337389
205.444700	-0.338832
204.470300	-0.340072
203.487900	-0.342490
202.484000	-0.345924
201.487600	-0.351324
200.465300	-0.356615
199.460700	-0.360084
198.456700	-0.363258
197.456900	-0.362050
196.458100	-0.364214
195.441100	-0.365156
194.447200	-0.365811
193.444300	-0.369977
192.443000	-0.371469
191.467900	-0.374105
190.476200	-0.377427
189.478300	-0.379794
188.473000	-0.382627
187.458000	-0.383710
186.445300	-0.383127
185.449300	-0.382806
184.462500	-0.381305
183.466600	-0.381710
182.469500	-0.383268
181.464100	-0.384302
180.441700	-0.386219
179.438800	-0.384616
178.459100	-0.382452
177.459300	-0.380978
176.465600	-0.379371
175.481400	-0.380881
174.463700	-0.382997
173.457100	-0.384044
172.484200	-0.385269
171.473500	-0.386277
170.474100	-0.386115
169.475500	-0.386100
168.445700	-0.384180
167.445700	-0.382111
166.476000	-0.378605
165.481200	-0.375198
164.510800	-0.374674
163.518400	-0.373124
162.502900	-0.374276
161.494400	-0.376280
160.495000	-0.375968
159.485500	-0.374958
158.484300	-0.374425
157.487100	-0.373221
156.487100	-0.373219
155.498900	-0.374358
154.510200	-0.374198
153.538600	-0.374324
152.549100	-0.372061
151.566000	-0.372406
150.562300	-0.371448
149.557200	-0.369431
148.524100	-0.370243
147.504000	-0.367206
146.498800	-0.363749
145.487900	-0.362252
144.491500	-0.359226
143.486000	-0.356721
142.484900	-0.356500
141.492200	-0.354540
140.509500	-0.352309
139.530600	-0.351170
138.516200	-0.350093
137.484000	-0.350720
136.478600	-0.350260
135.453200	-0.350951
134.457200	-0.351135
133.492500	-0.349654
132.478200	-0.350361
131.479100	-0.350025
130.499500	-0.348212
129.485500	-0.346958
128.516600	-0.345270
127.546200	-0.342568
126.551500	-0.340930
125.569700	-0.339570
124.558600	-0.338765
123.536900	-0.338041
122.530800	-0.339017
121.523200	-0.339230
120.518900	-0.337902
119.527100	-0.337625
118.513700	-0.335555
117.512500	-0.333658
116.516700	-0.332304
115.511900	-0.330629
114.535700	-0.329353
113.552300	-0.329054
112.560500	-0.328800
111.558600	-0.328967
110.545200	-0.329760
109.523800	-0.329819
108.490300	-0.330301
107.501200	-0.328985
106.496900	-0.325828
105.528200	-0.323627
104.574100	-0.320303
103.589800	-0.319156
102.605900	-0.319771
101.603700	-0.319623
100.577200	-0.321188
99.548440	-0.322017
98.519790	-0.322697
97.492360	-0.323713
96.511260	-0.322173
95.534500	-0.320512
94.547000	-0.318671
93.568880	-0.316122
92.570020	-0.315718
91.546430	-0.315334
90.547930	-0.315162
89.536350	-0.314816
88.530230	-0.312930
87.530040	-0.311397
86.512040	-0.309548
85.506350	-0.308824
84.504710	-0.310276
83.518650	-0.311166
82.549670	-0.311771
81.537540	-0.313017
80.527730	-0.312203
79.515520	-0.311651
78.482800	-0.311889
77.500340	-0.310482
76.523390	-0.309179
75.542660	-0.307861
74.567410	-0.307018
73.560270	-0.306860
72.543950	-0.307147
71.519610	-0.308370
70.508190	-0.307393
69.518240	-0.305170
68.508480	-0.303889
67.517300	-0.301842
66.535060	-0.301009
65.528880	-0.301306
64.548890	-0.301541
63.561850	-0.302085
62.564310	-0.302679
61.558660	-0.303912
60.546540	-0.305140
59.520970	-0.304572
58.509310	-0.304697
57.512470	-0.303453
56.521940	-0.300958
55.539360	-0.300578
54.554200	-0.299283
53.563090	-0.298961
52.578440	-0.299465
51.600600	-0.298324
50.589720	-0.298041
49.606460	-0.298501
48.587780	-0.299151
47.577320	-0.300136
46.583030	-0.300333
45.572300	-0.299492
44.570080	-0.298624
43.574280	-0.298089
42.587490	-0.298811
41.575950	-0.299471
40.578670	-0.299181
39.570090	-0.299505
38.565510	-0.298175
37.607480	-0.296324
36.613190	-0.295448
35.612770	-0.293908
34.623410	-0.293274
33.571140	-0.293082
32.609400	-0.292069
31.626670	-0.290977
30.615840	-0.290517
29.636590	-0.290313
28.611610	-0.291321
27.604810	-0.292086
26.615690	-0.293501
25.615590	-0.294528
24.629310	-0.294801
23.627610	-0.296244
22.627480	-0.295649
21.633170	-0.295132
20.594020	-0.295564
19.594160	-0.294627
18.595210	-0.294243
17.602860	-0.294019
16.617310	-0.292723
15.643900	-0.291878
14.650010	-0.290649
13.662780	-0.289167
12.690270	-0.288488
11.679090	-0.287801
10.691970	-0.287666
9.658697	-0.289250
8.648230	-0.289770
7.647223	-0.290715
6.628285	-0.291909
5.674052	-0.291186
4.676760	-0.291652
3.698092	-0.291633
2.706000	-0.291168
1.694921	-0.291543
0.692346	-0.290898
-0.315777	-0.290268
-1.272933	-0.288957
-2.225763	-0.288090
-3.190464	-0.287401
-4.154883	-0.287010
-5.159622	-0.287579
-6.164691	-0.287844
-7.140371	-0.289129
-8.147800	-0.290423
-9.168505	-0.291389
-10.179910	-0.291528
-11.212060	-0.291771
-12.207120	-0.290888
-13.180900	-0.289814
-14.184590	-0.289716
-15.181730	-0.288828
-16.200700	-0.288749
-17.203440	-0.289463
-18.214920	-0.289619
-19.205790	-0.289805
-20.200620	-0.290238
-21.225150	-0.289653
-22.222810	-0.288611
-23.230140	-0.287706
-24.214800	-0.287177
-25.201110	-0.287084
-26.168970	-0.287807
-27.166510	-0.289231
-28.187360	-0.289859
-29.175490	-0.290729
-30.214260	-0.291678
-31.211280	-0.290893
-32.211080	-0.290779
-33.219160	-0.290812
-34.215180	-0.289909
-35.234600	-0.290166
-36.235160	-0.289374
-37.246670	-0.288005
-38.245570	-0.287046
-39.233020	-0.285905
-40.225880	-0.286460
-41.225960	-0.286983
-42.209430	-0.287527
-43.206810	-0.287675
-44.209980	-0.286685
-45.197010	-0.286363
-46.214600	-0.286908
-47.209760	-0.287178
-48.194440	-0.288156
-49.204130	-0.288376
-50.169810	-0.287932
-51.148360	-0.287180
-52.163750	-0.287247
-53.143030	-0.287888
-54.166210	-0.287937
-55.181830	-0.288816
-56.199760	-0.288756
-57.209630	-0.288186
-58.183930	-0.287149
-59.185170	-0.287399
-60.144930	-0.286975
-61.153860	-0.286913
-62.157970	-0.288764
-63.169260	-0.287920
-64.178240	-0.287471
-65.186880	-0.288049
-66.224800	-0.287462
-67.221150	-0.287983
-68.220950	-0.288805
-69.213550	-0.288559
-70.195350	-0.288746
-71.194550	-0.288623
-72.207090	-0.288917
-73.204320	-0.288828
-74.210010	-0.287666
-75.228800	-0.287465
-76.205930	-0.286035
-77.188570	-0.283789
-78.177890	-0.283680
-79.154340	-0.283355
-80.152460	-0.283895
-81.161010	-0.285834
-82.158580	-0.287180
-83.166640	-0.288169
-84.204380	-0.289589
-85.212550	-0.291130
-86.229420	-0.290958
-87.235520	-0.290913
-88.227460	-0.290294
-89.219090	-0.289277
-90.187130	-0.288959
-91.169020	-0.289426
-92.161220	-0.288745
-93.162460	-0.288498
-94.180530	-0.288599
-95.193080	-0.287031
-96.168290	-0.286191
-97.165340	-0.285412
-98.175320	-0.286872
-99.171910	-0.288582
-100.184400	-0.291088
-101.169100	-0.292419
-102.146000	-0.290794
-103.120000	-0.287938
-104.121800	-0.286833
-105.144300	-0.286625
-106.153100	-0.286256
-107.170900	-0.289427
-108.176400	-0.289160
-109.178900	-0.289282
-110.180500	-0.290201
-111.180700	-0.289957
-112.181800	-0.290061
-113.160400	-0.289478
-114.147400	-0.288203
-115.143300	-0.286854
-116.127400	-0.286811
-117.135600	-0.287166
-118.159500	-0.288210
-119.158200	-0.288658
-120.175500	-0.289857
-121.179000	-0.290429
-122.175100	-0.290419
-123.182900	-0.292249
-124.179500	-0.291935
-125.182500	-0.291434
-126.172000	-0.291959
-127.158900	-0.290869
-128.139800	-0.289518
-129.137600	-0.289884
-130.147700	-0.289394
-131.164700	-0.289216
-132.171200	-0.288647
-133.162000	-0.287953
-134.162100	-0.287865
-135.134400	-0.287703
-136.139400	-0.290185
-137.156200	-0.291535
-138.138900	-0.292400
-139.146000	-0.293463
-140.145000	-0.292950
-141.127200	-0.292207
-142.132200	-0.291809
-143.136200	-0.291147
-144.136700	-0.290914
-145.152300	-0.291781
-146.144000	-0.291642
-147.136800	-0.292583
-148.127900	-0.293506
-149.123900	-0.293527
-150.133600	-0.294276
-151.136200	-0.292670
-152.138500	-0.291038
-153.112900	-0.289969
-154.094300	-0.289082
-155.089500	-0.290218
-156.098900	-0.291277
-157.109600	-0.292484
-158.113100	-0.294045
-159.126300	-0.294206
-160.120500	-0.294971
-161.119200	-0.295667
-162.129600	-0.295220
-163.118800	-0.295734
-164.123000	-0.295105
-165.114700	-0.294312
-166.100900	-0.293870
-167.092900	-0.294013
-168.093200	-0.295049
-169.111900	-0.295333
-170.114700	-0.295701
-171.110300	-0.294646
-172.125800	-0.293728
-173.103600	-0.294436
-174.098500	-0.297024
-175.113400	-0.299203
-176.091900	-0.301344
-177.114000	-0.302426
-178.133000	-0.301621
-179.136400	-0.301818
-180.131000	-0.301062
-181.131900	-0.301316
-182.136900	-0.301097
-183.122000	-0.300204
-184.104000	-0.300730
-185.086800	-0.299609
-186.070100	-0.299709
-187.087200	-0.301414
-188.112000	-0.301747
-189.107600	-0.301208
-190.117200	-0.301305
-191.106000	-0.299683
-192.088200	-0.299330
-193.084400	-0.301531
-194.054000	-0.303483
-195.040700	-0.305845
