Potencial	Intensidad
mv	uA
-199.588600	-0.151213
-199.349800	-0.139890
-198.880800	-0.124871
-198.150100	-0.107745
-197.169200	-0.087892
-196.162000	-0.077315
-195.122400	-0.069225
-194.120000	-0.062955
-193.111600	-0.058332
-192.130300	-0.054744
-191.151000	-0.052315
-190.155100	-0.048843
-189.142800	-0.045211
-188.143500	-0.042607
-187.152300	-0.038367
-186.127700	-0.034112
-185.125000	-0.030950
-184.128800	-0.027082
-183.097800	-0.023990
-182.098100	-0.021741
-181.106700	-0.018249
-180.105300	-0.016236
-179.134200	-0.014336
-178.182300	-0.013452
-177.208400	-0.013052
-176.207200	-0.010140
-175.198400	-0.008196
-174.172100	-0.004768
-173.150000	-0.001716
-172.163500	-0.001093
-171.160400	-0.000085
-170.166200	0.002133
-169.182300	0.004230
-168.157900	0.007195
-167.179200	0.009085
-166.196400	0.009175
-165.197400	0.009109
-164.203700	0.008939
-163.183000	0.010789
-162.157000	0.012263
-161.159200	0.013811
-160.159000	0.015739
-159.174700	0.016975
-158.181200	0.019132
-157.144000	0.022438
-156.128400	0.023157
-155.119500	0.023118
-154.112100	0.022497
-153.128100	0.020392
-152.120800	0.019939
-151.129900	0.021479
-150.142900	0.022595
-149.163300	0.024380
-148.197200	0.027012
-147.211200	0.028782
-146.203800	0.030819
-145.219500	0.030786
-144.202100	0.031340
-143.181500	0.030424
-142.196800	0.030738
-141.169200	0.031512
-140.176700	0.032198
-139.209100	0.033611
-138.209100	0.034472
-137.224500	0.035499
-136.232700	0.036087
-135.230800	0.036276
-134.240500	0.035535
-133.224200	0.037074
-132.208200	0.038922
-131.198400	0.039731
-130.174200	0.041006
-129.177100	0.040868
-128.211300	0.040172
-127.225300	0.040839
-126.228200	0.040582
-125.234000	0.041081
-124.231900	0.040904
-123.212800	0.041098
-122.242800	0.042709
-121.253100	0.043557
-120.225800	0.044811
-119.215400	0.046096
-118.193800	0.046035
-117.178900	0.045670
-116.206700	0.045246
-115.222700	0.044388
-114.208300	0.044612
-113.221500	0.045146
-112.209300	0.046567
-111.209800	0.048359
-110.240500	0.049108
-109.219200	0.050268
-108.199100	0.050472
-107.182600	0.050669
-106.150800	0.052859
-105.150300	0.053613
-104.176600	0.053794
-103.169400	0.053446
-102.167200	0.051435
-101.181100	0.051236
-100.165100	0.052011
-99.175260	0.053171
-98.186490	0.054200
-97.184560	0.054526
-96.205520	0.054677
-95.216840	0.055211
-94.218110	0.056515
-93.206850	0.057904
-92.187190	0.057637
-91.171920	0.056744
-90.181400	0.055470
-89.206490	0.054100
-88.216900	0.054711
-87.241790	0.054987
-86.238970	0.055579
-85.231930	0.055738
-84.234630	0.056063
-83.233790	0.057223
-82.237480	0.058704
-81.246120	0.059774
-80.237880	0.059845
-79.233900	0.058765
-78.231970	0.056603
-77.212950	0.055314
-76.235670	0.054536
-75.251190	0.055050
-74.250630	0.055923
-73.268510	0.057196
-72.267040	0.058765
-71.241350	0.060236
-70.246570	0.061643
-69.237010	0.062665
-68.227930	0.062914
-67.234660	0.062368
-66.216700	0.061574
-65.217750	0.060517
-64.202990	0.060026
-63.198160	0.059666
-62.214870	0.060685
-61.215160	0.061742
-60.215590	0.062540
-59.212490	0.063772
-58.216830	0.064056
-57.225790	0.064415
-56.238410	0.066033
-55.230800	0.067120
-54.216660	0.067218
-53.199710	0.067051
-52.170880	0.066086
-51.195370	0.065527
-50.215260	0.066032
-49.220910	0.066957
-48.232840	0.067777
-47.231030	0.067589
-46.230070	0.067568
-45.253930	0.068362
-44.269520	0.069286
-43.259000	0.071538
-42.257000	0.071635
-41.235270	0.071063
-40.240590	0.069986
-39.234470	0.068591
-38.232520	0.069252
-37.261540	0.069539
-36.268580	0.069852
-35.271910	0.070547
-34.276020	0.071512
-33.255410	0.072284
-32.248170	0.074012
-31.260810	0.073946
-30.255810	0.073501
-29.237950	0.073595
-28.244620	0.072286
-27.243530	0.072116
-26.241700	0.071971
-25.272590	0.072288
-24.263410	0.073119
-23.264990	0.074408
-22.278380	0.075884
-21.264000	0.076803
-20.263080	0.077768
-19.259460	0.078752
-18.242040	0.078811
-17.236920	0.078831
-16.246070	0.078935
-15.245540	0.077771
-14.248040	0.077382
-13.256270	0.077562
-12.242980	0.078090
-11.252310	0.079931
-10.254850	0.081625
-9.253104	0.082759
-8.257578	0.083578
-7.237980	0.084741
-6.231409	0.086263
-5.223005	0.087361
-4.225829	0.087675
-3.257859	0.086391
-2.283879	0.085107
-1.301380	0.084437
-0.318551	0.085029
0.683216	0.086742
1.656106	0.088001
2.628467	0.089681
3.613030	0.090580
4.599359	0.091359
5.592871	0.092659
6.577814	0.092620
7.573009	0.093345
8.548194	0.094001
9.561221	0.092768
10.587090	0.092277
11.584350	0.092467
12.604920	0.094245
13.611020	0.096330
14.588790	0.099499
15.590480	0.099758
16.578510	0.099440
17.557310	0.099667
18.552570	0.100318
19.551710	0.102482
20.558450	0.102466
21.573770	0.103290
22.590820	0.103041
23.600810	0.103380
24.592060	0.105166
25.582920	0.106828
26.575550	0.108287
27.546810	0.108893
28.540910	0.109152
29.541050	0.110311
30.539860	0.112075
31.541740	0.113918
32.531620	0.115401
33.538240	0.115004
34.538830	0.114393
35.550870	0.114448
36.564210	0.115365
37.537180	0.117033
38.520270	0.118266
39.498990	0.119233
40.491420	0.120738
41.519180	0.122295
42.532610	0.124971
43.552750	0.125898
44.564390	0.126663
45.573440	0.127167
46.575520	0.126638
47.587310	0.128314
48.570580	0.128749
49.548810	0.129953
50.542660	0.131538
51.517590	0.132634
52.519730	0.134740
53.519760	0.137028
54.496710	0.138537
55.509530	0.140464
56.534740	0.142037
57.539540	0.142917
58.534290	0.144411
59.513520	0.144963
60.498890	0.146174
61.462600	0.147431
62.465430	0.149304
63.478340	0.152214
64.472350	0.154579
65.492670	0.156976
66.526210	0.159183
67.523330	0.160746
68.514050	0.163712
69.517220	0.166472
70.504550	0.167845
71.499080	0.169294
72.512250	0.170420
73.527150	0.171920
74.525340	0.174551
75.529340	0.177285
76.512790	0.179760
77.506940	0.181885
78.486020	0.183968
79.473300	0.187632
80.488310	0.190859
81.466190	0.194269
82.484610	0.197043
83.488460	0.198136
84.475090	0.199329
85.503170	0.201885
86.509700	0.204734
87.493730	0.208357
88.493020	0.211549
89.453460	0.214130
90.443860	0.217477
91.453910	0.220923
92.458530	0.226024
93.473930	0.230016
94.474640	0.233334
95.475600	0.236318
96.473150	0.238684
97.475480	0.241377
98.497960	0.245621
99.513190	0.249447
100.532700	0.253127
101.539900	0.258395
102.498200	0.263021
103.501400	0.268477
104.487300	0.273861
105.486500	0.278836
106.514100	0.283497
107.495000	0.287050
108.479500	0.291440
109.467300	0.295823
110.442800	0.300662
111.463000	0.307460
112.482100	0.313645
113.490400	0.320386
114.508300	0.328495
115.485500	0.335004
116.457500	0.342315
117.452300	0.349575
118.447500	0.356380
119.454600	0.363385
120.462500	0.370306
121.456200	0.376474
122.445700	0.383797
123.440500	0.392182
124.445000	0.400643
125.454100	0.409689
126.456700	0.417399
127.451000	0.424661
128.435700	0.432345
129.425500	0.441641
130.421100	0.453337
131.434400	0.464067
132.437400	0.474824
133.432900	0.484964
134.429900	0.492460
135.418200	0.502695
136.416500	0.513517
137.421600	0.523720
138.411200	0.535593
139.402700	0.546914
140.419200	0.558292
141.409100	0.571140
142.416100	0.585260
143.431900	0.599536
144.415700	0.612670
145.409300	0.625506
146.432700	0.638320
147.417200	0.648874
148.430600	0.662740
149.466900	0.677820
150.446600	0.691058
151.450000	0.706979
152.457900	0.723188
153.447500	0.738177
154.448100	0.753651
155.457200	0.769688
156.444000	0.784173
157.434000	0.798384
158.423500	0.813647
159.410000	0.829531
160.395500	0.844200
161.381800	0.860131
162.401200	0.879643
163.402200	0.896523
164.397200	0.914727
165.407500	0.934181
166.367800	0.948859
167.339500	0.965662
168.354300	0.983030
169.353800	0.998520
170.380600	1.015437
171.393700	1.030158
172.368100	1.044145
173.356400	1.060683
174.367700	1.078592
175.391200	1.097912
176.436500	1.117853
177.452100	1.132326
178.449700	1.146616
179.431000	1.160464
180.389200	1.175456
181.390000	1.194330
182.374000	1.210139
183.384100	1.225205
184.409400	1.238773
185.392700	1.250634
186.405700	1.265023
187.407300	1.277985
188.400700	1.291428
189.397900	1.304067
190.362900	1.314923
191.352400	1.329162
192.351400	1.342185
193.363500	1.355662
194.405600	1.369529
195.423900	1.378045
196.426500	1.386682
197.423000	1.394085
198.398000	1.400701
199.405200	1.410707
200.420600	1.420614
201.434900	1.429276
202.451600	1.439485
203.438900	1.446682
204.434400	1.452403
205.420900	1.459008
206.416900	1.462209
207.401600	1.467057
208.377700	1.469653
209.367700	1.472191
210.369600	1.476327
211.371100	1.477908
212.387400	1.483615
213.395500	1.489203
214.402000	1.491183
215.411100	1.494996
216.410300	1.495805
217.400600	1.493760
218.368400	1.494988
219.367200	1.494917
220.358700	1.493814
221.344900	1.493350
222.352400	1.491823
223.356300	1.490957
224.364400	1.489321
225.387500	1.488683
226.394500	1.487545
227.399100	1.481918
228.377000	1.478047
229.376800	1.475618
230.374000	1.470992
231.352900	1.470186
232.381600	1.468855
233.386000	1.463184
234.372800	1.458143
235.375300	1.452692
236.351700	1.446153
237.325500	1.440239
238.322700	1.434789
239.330300	1.430660
240.322900	1.424909
241.333200	1.421380
242.333500	1.418125
243.321100	1.411558
244.327700	1.406480
245.329700	1.401040
246.344600	1.393422
247.332100	1.387088
248.321200	1.380589
249.318800	1.373390
250.331900	1.367651
251.344800	1.362720
252.372400	1.358579
253.378300	1.353743
254.373100	1.347880
255.377900	1.342241
256.354500	1.334503
257.350400	1.326716
258.341600	1.320151
259.337800	1.312575
260.329800	1.306203
261.322100	1.300968
262.310200	1.295845
263.298900	1.291516
264.322800	1.287600
265.346000	1.282700
266.356100	1.276407
267.359100	1.270596
268.344500	1.264699
269.313500	1.258675
270.305600	1.252735
271.299000	1.246449
272.291000	1.239985
273.272800	1.234557
274.285000	1.229998
275.297800	1.225614
276.315400	1.221194
277.328800	1.215815
278.311500	1.209866
279.305000	1.205243
280.313800	1.200367
281.327600	1.195695
282.331400	1.190802
283.338000	1.184019
284.315500	1.177978
285.307500	1.172201
286.298700	1.167067
287.274900	1.162039
288.257200	1.157120
289.246300	1.153034
290.261300	1.149681
291.271200	1.146891
292.303500	1.143446
293.321000	1.139599
294.310700	1.134293
295.321300	1.129805
296.317600	1.125033
297.322500	1.119745
298.334000	1.115324
299.313000	1.110942
300.318600	1.107008
301.303200	1.104641
302.301900	1.101722
303.349800	1.099198
304.358600	1.095810
305.371600	1.092107
306.370700	1.088021
307.338700	1.083307
308.321100	1.079482
309.310200	1.076434
310.300600	1.072251
311.280200	1.069456
312.255400	1.066027
313.277400	1.062492
314.268400	1.061227
315.283300	1.058343
316.301700	1.055650
317.286100	1.052948
318.273700	1.049411
319.288500	1.046468
320.281300	1.043465
321.269900	1.040013
322.292200	1.038669
323.262600	1.035905
324.258500	1.033938
325.259300	1.033386
326.241900	1.029355
327.240500	1.026223
328.226400	1.023444
329.233400	1.020180
330.240800	1.018798
331.249800	1.017692
332.259600	1.014832
333.250800	1.010597
334.234700	1.006939
335.243000	1.004037
336.242600	1.002406
337.228100	1.000638
338.249100	0.999310
339.226400	0.997352
340.219800	0.995877
341.254100	0.996002
342.249300	0.994458
343.266400	0.992594
344.267800	0.990143
345.257600	0.986563
346.260400	0.984105
347.250600	0.981075
348.251900	0.979258
349.244000	0.977694
350.236800	0.976273
351.244500	0.975990
352.259400	0.975404
353.286000	0.974652
354.315200	0.973963
355.315000	0.972450
356.323200	0.970524
357.300500	0.968343
358.263200	0.965190
359.253100	0.963485
360.233300	0.962011
361.222200	0.960646
362.231500	0.960826
363.255000	0.960042
364.265000	0.958905
365.272700	0.958009
366.289900	0.956256
367.304000	0.956588
368.314800	0.956266
369.295400	0.955321
370.268100	0.954779
371.249100	0.951918
372.230300	0.951041
373.236500	0.951148
374.256900	0.950684
375.250400	0.950691
376.248400	0.949835
377.251700	0.947962
378.246400	0.947588
379.261800	0.948028
380.268700	0.948341
381.277200	0.948224
382.265400	0.946387
383.247400	0.944129
384.245000	0.942082
385.258400	0.941507
386.275800	0.942275
387.256400	0.941604
388.264000	0.941427
389.237700	0.941374
390.226600	0.940666
391.248000	0.942471
392.251700	0.942778
393.265600	0.942097
394.274300	0.940437
395.283600	0.938028
396.269300	0.936603
397.262700	0.935639
398.273900	0.936103
398.798400	0.924800
398.826800	0.909178
398.342000	0.890307
397.371500	0.869297
396.368000	0.856960
395.379200	0.846215
394.403500	0.836752
393.399000	0.827595
392.420800	0.820259
391.414100	0.813368
390.410700	0.807073
389.411400	0.799932
388.387400	0.791208
387.373300	0.783646
386.382400	0.775901
385.367400	0.768611
384.390200	0.763104
383.427300	0.757284
382.437300	0.751041
381.442300	0.745885
380.427900	0.740069
379.408400	0.734890
378.383900	0.730630
377.393200	0.726428
376.403400	0.722781
375.417500	0.717971
374.428200	0.713823
373.431500	0.709198
372.424300	0.704954
371.402200	0.701192
370.426700	0.697258
369.414100	0.692571
368.398400	0.687569
367.416300	0.683527
366.390000	0.679256
365.417400	0.676247
364.444200	0.672918
363.446400	0.669818
362.449800	0.665872
361.435100	0.662137
360.427700	0.659188
359.417800	0.655510
358.408800	0.652873
357.419200	0.650381
356.418800	0.647315
355.426800	0.643368
354.446100	0.639447
353.435900	0.634960
352.446400	0.631265
351.444400	0.628299
350.447400	0.625044
349.431200	0.621701
348.410200	0.617629
347.413800	0.615239
346.416200	0.613119
345.406800	0.611227
344.445100	0.609788
343.453800	0.606173
342.427800	0.602462
341.449900	0.599492
340.426000	0.596035
339.394700	0.593540
338.394700	0.591976
337.385700	0.590122
336.368300	0.587902
335.381600	0.586247
334.397200	0.582847
333.407200	0.579634
332.450400	0.576793
331.457500	0.573400
330.437300	0.569174
329.428300	0.566663
328.403700	0.564128
327.392200	0.559930
326.404800	0.558216
325.428200	0.554844
324.413600	0.551115
323.408200	0.549163
322.392800	0.546936
321.371800	0.545165
320.400600	0.543717
319.449800	0.541693
318.463500	0.539201
317.478300	0.535736
316.455900	0.532318
315.428100	0.528904
314.450100	0.525504
313.455600	0.521186
312.487600	0.517896
311.512700	0.514512
310.526200	0.511456
309.534900	0.509570
308.535300	0.506227
307.525000	0.503268
306.524000	0.500633
305.493500	0.496904
304.461200	0.494200
303.445500	0.491158
302.435000	0.488539
301.444000	0.486266
300.472800	0.483197
299.476100	0.480494
298.452100	0.476101
297.461900	0.471729
296.444900	0.467872
295.446300	0.463445
294.455400	0.459524
293.450600	0.455692
292.450400	0.452247
291.441500	0.448946
290.435500	0.446383
289.434000	0.443151
288.441600	0.439775
287.441900	0.436285
286.471500	0.431596
285.460100	0.427978
284.435000	0.423580
283.447000	0.420364
282.434000	0.417561
281.459400	0.413733
280.486900	0.409491
279.482800	0.403815
278.484200	0.398109
277.479400	0.392593
276.470500	0.387416
275.474300	0.382420
274.477100	0.377678
273.469200	0.372860
272.459800	0.368978
271.458300	0.364854
270.457200	0.360450
269.466800	0.356438
268.489400	0.350908
267.496900	0.344957
266.479200	0.338134
265.460900	0.332121
264.437600	0.327017
263.444800	0.322478
262.456900	0.317814
261.485400	0.311691
260.502100	0.303437
259.505900	0.294969
258.518000	0.287154
257.498300	0.278245
256.498100	0.271434
255.512700	0.264682
254.509800	0.257134
253.523100	0.250724
252.539800	0.243610
251.534300	0.236188
250.532800	0.229070
249.522200	0.222064
248.505200	0.214198
247.479700	0.204361
246.463100	0.195146
245.460400	0.187114
244.457000	0.178058
243.466200	0.170317
242.483400	0.162122
241.487900	0.149600
240.486100	0.138191
239.468000	0.126471
238.465700	0.113653
237.461100	0.102415
236.451700	0.090516
235.462800	0.079224
234.472900	0.067214
233.480400	0.055700
232.517900	0.046526
231.532800	0.035995
230.541600	0.025586
229.548400	0.016477
228.533600	0.002374
227.525700	-0.011522
226.524600	-0.023347
225.524400	-0.037560
224.527400	-0.049869
223.548500	-0.061854
222.525600	-0.076253
221.521400	-0.090417
220.499000	-0.105430
219.486800	-0.120405
218.497800	-0.135254
217.511400	-0.151382
216.571700	-0.166427
215.562100	-0.183228
214.572100	-0.199667
213.581300	-0.213157
212.554500	-0.227763
211.541300	-0.240802
210.556800	-0.253770
209.551800	-0.269158
208.558200	-0.284829
207.596900	-0.300898
206.577700	-0.317424
205.572600	-0.331919
204.591700	-0.346884
203.604900	-0.361959
202.614300	-0.376905
201.613500	-0.394595
200.593500	-0.410042
199.566200	-0.426293
198.569000	-0.442243
197.583900	-0.457263
196.566800	-0.475189
195.558600	-0.491656
194.540500	-0.507602
193.523200	-0.522114
192.538500	-0.532763
191.564800	-0.543168
190.580400	-0.556486
189.588600	-0.569693
188.591500	-0.585483
187.560800	-0.601693
186.556100	-0.614844
185.536500	-0.628215
184.521400	-0.639790
183.524400	-0.652625
182.507200	-0.665622
181.528000	-0.673865
180.550300	-0.685073
179.560900	-0.692458
178.585500	-0.699489
177.576000	-0.712299
176.541600	-0.722453
175.527300	-0.732755
174.515100	-0.743779
173.531800	-0.751105
172.547100	-0.758357
171.576300	-0.765035
170.583300	-0.772587
169.546700	-0.779690
168.538500	-0.784124
167.523400	-0.791489
166.514800	-0.795819
165.545700	-0.800406
164.540200	-0.808864
163.539300	-0.813881
162.560900	-0.815402
161.560200	-0.819272
160.579600	-0.819488
159.578900	-0.820738
158.577300	-0.825182
157.574400	-0.828631
156.558100	-0.832508
155.544800	-0.834034
154.535200	-0.834773
153.554700	-0.832582
152.587400	-0.829719
151.610600	-0.830814
150.627700	-0.832491
149.616100	-0.834430
148.585000	-0.837095
147.570100	-0.839071
146.569500	-0.838191
145.571000	-0.839267
144.598800	-0.838303
143.613000	-0.835126
142.594000	-0.831923
141.593600	-0.827413
140.586100	-0.823400
139.586300	-0.819562
138.595200	-0.817390
137.563000	-0.816822
136.545700	-0.814657
135.518600	-0.811377
134.509000	-0.807565
133.531900	-0.801155
132.564800	-0.797831
131.565600	-0.795616
130.590900	-0.793615
129.605500	-0.792672
128.605200	-0.788395
127.629800	-0.784784
126.611200	-0.780781
125.612300	-0.776130
124.597300	-0.772599
123.617300	-0.767312
122.635700	-0.761256
121.642100	-0.755392
120.642700	-0.749448
119.628900	-0.744123
118.607100	-0.739958
117.604500	-0.734388
116.595400	-0.728763
115.615600	-0.722442
114.636100	-0.716123
113.631500	-0.712678
112.653500	-0.708385
111.635600	-0.705386
110.626500	-0.701439
109.623100	-0.695945
108.629800	-0.691475
107.640300	-0.686624
106.646500	-0.682245
105.648900	-0.677784
104.632000	-0.672745
103.627600	-0.666734
102.636600	-0.660199
101.665500	-0.653745
100.659600	-0.649224
99.683550	-0.644332
98.688060	-0.640249
97.656070	-0.636305
96.665770	-0.630030
95.637830	-0.625333
94.604900	-0.621383
93.617440	-0.617846
92.617100	-0.614185
91.614810	-0.609994
90.635170	-0.605008
89.645370	-0.599419
88.661190	-0.594666
87.661370	-0.590848
86.640690	-0.586749
85.626670	-0.582420
84.593710	-0.578971
83.577420	-0.573868
82.604020	-0.568495
81.602480	-0.564815
80.622510	-0.560509
79.635750	-0.556587
78.616960	-0.553765
77.620530	-0.549627
76.639580	-0.545444
75.654940	-0.542101
74.663450	-0.539142
73.645030	-0.536557
72.640400	-0.533051
71.627180	-0.529194
70.635280	-0.524779
69.660900	-0.519345
68.666490	-0.515687
67.694590	-0.512320
66.682830	-0.509075
65.670400	-0.506555
64.648460	-0.503300
63.634260	-0.499120
62.663250	-0.495165
61.686220	-0.491922
60.698930	-0.488932
59.689030	-0.486928
58.661370	-0.485224
57.662410	-0.483307
56.648010	-0.480982
55.651660	-0.478965
54.666740	-0.476376
53.643250	-0.472929
52.673440	-0.469693
51.697150	-0.465534
50.708600	-0.461395
49.728100	-0.458636
48.724390	-0.456064
47.708720	-0.454211
46.683730	-0.452070
45.661220	-0.448942
44.641460	-0.444968
43.653920	-0.440314
42.683830	-0.437259
41.704410	-0.435386
40.720120	-0.434470
39.720860	-0.433351
38.713460	-0.431925
37.734550	-0.430135
36.726550	-0.428834
35.708970	-0.428048
34.700420	-0.426302
33.664560	-0.423974
32.680890	-0.420580
31.669000	-0.417916
30.669600	-0.415178
29.681610	-0.413770
28.665120	-0.412144
27.688930	-0.410051
26.694390	-0.407657
25.709680	-0.404924
24.729560	-0.401536
23.746020	-0.398902
22.738990	-0.398222
21.740330	-0.395459
20.728210	-0.395668
19.724240	-0.395300
18.743710	-0.393975
17.725000	-0.393537
16.720170	-0.391030
15.709700	-0.388370
14.684640	-0.386740
13.699070	-0.384553
12.723500	-0.382103
11.741630	-0.380230
10.775990	-0.377010
9.775327	-0.376143
8.778349	-0.375523
7.764265	-0.373863
6.755828	-0.372087
5.779603	-0.368989
4.759873	-0.367291
3.788849	-0.366258
2.797071	-0.366567
1.789377	-0.366837
0.808645	-0.366238
-0.191289	-0.364816
-1.159804	-0.362286
-2.138258	-0.360980
-3.127130	-0.359858
-4.118511	-0.358972
-5.122028	-0.358652
-6.132611	-0.357215
-7.098402	-0.355328
-8.102760	-0.354303
-9.114467	-0.352836
-10.083110	-0.351473
-11.117980	-0.350698
-12.106840	-0.348298
-13.088050	-0.346539
-14.102450	-0.345780
-15.091850	-0.344910
-16.123890	-0.345366
-17.127060	-0.345678
-18.137660	-0.344686
-19.128530	-0.344467
-20.103670	-0.343743
-21.107300	-0.342425
-22.098960	-0.341441
-23.100280	-0.339582
-24.098810	-0.338191
-25.104820	-0.337103
-26.092510	-0.335987
-27.100780	-0.334829
-28.102430	-0.333895
-29.072600	-0.332912
-30.091100	-0.332425
-31.096140	-0.332045
-32.091610	-0.330908
-33.124970	-0.330580
-34.136460	-0.330450
-35.132510	-0.330807
-36.122380	-0.331324
-37.118000	-0.330402
-38.093480	-0.328971
-39.062670	-0.326806
-40.055440	-0.325653
-41.064220	-0.325158
-42.085800	-0.324470
-43.107150	-0.324486
-44.120990	-0.324100
-45.113540	-0.323183
-46.097950	-0.322250
-47.110450	-0.321369
-48.114380	-0.320426
-49.102640	-0.320612
-50.088150	-0.321034
-51.061250	-0.321540
-52.035120	-0.321958
-53.043690	-0.322039
-54.074840	-0.322588
-55.100450	-0.322544
-56.138570	-0.322535
-57.138490	-0.321124
-58.109860	-0.319809
-59.116400	-0.318678
-60.107510	-0.317485
-61.115630	-0.317415
-62.121650	-0.316687
-63.120330	-0.316509
-64.100590	-0.315964
-65.083940	-0.315198
-66.107130	-0.313816
-67.108960	-0.313533
-68.125250	-0.314149
-69.133090	-0.315638
-70.114250	-0.317612
-71.113560	-0.318582
-72.119980	-0.319226
-73.118300	-0.319295
-74.123630	-0.319623
-75.118390	-0.319219
-76.098250	-0.318779
-77.091450	-0.317906
-78.069440	-0.317724
-79.064490	-0.317321
-80.061250	-0.316799
-81.069440	-0.317126
-82.095050	-0.316676
-83.091830	-0.316252
-84.096220	-0.315479
-85.092660	-0.314077
-86.094260	-0.313512
-87.089890	-0.313738
-88.080950	-0.315579
-89.063400	-0.317436
-90.032590	-0.319049
-91.026920	-0.321179
-92.037390	-0.322107
-93.039110	-0.323241
-94.056300	-0.324319
-95.063780	-0.324236
-96.046240	-0.323313
-97.057030	-0.322591
-98.036780	-0.321726
-99.019840	-0.321297
-100.026300	-0.322040
-101.036300	-0.322185
-102.047500	-0.322066
-103.048500	-0.320977
-104.056300	-0.320004
-105.056500	-0.319812
-106.051600	-0.320309
-107.050100	-0.322786
-108.051100	-0.325104
-109.036200	-0.327495
-110.053500	-0.329180
-111.063100	-0.330682
-112.074600	-0.332264
-113.073600	-0.333430
-114.049000	-0.334495
-115.054200	-0.334889
-116.041700	-0.334438
-117.035700	-0.334716
-118.060300	-0.335541
-119.063500	-0.336411
-120.077600	-0.338151
-121.096700	-0.339657
-122.089900	-0.339754
-123.079200	-0.339622
-124.082700	-0.339847
-125.078700	-0.340488
-126.091200	-0.342183
-127.091100	-0.344595
-128.095400	-0.345947
-129.088500	-0.347706
-130.083100	-0.348557
-131.095300	-0.349823
-132.076700	-0.352150
-133.075600	-0.352717
-134.077700	-0.354323
-135.067900	-0.355459
-136.069700	-0.357377
-137.079700	-0.358402
-138.062600	-0.360612
-139.074200	-0.362504
-140.079800	-0.362666
-141.055700	-0.364784
-142.061200	-0.365319
-143.053200	-0.366551
-144.041700	-0.368770
-145.064100	-0.370651
-146.068500	-0.372821
-147.041300	-0.374486
-148.023800	-0.376052
-149.015000	-0.377600
-150.025200	-0.379648
-151.038700	-0.380814
-152.073100	-0.383302
-153.051100	-0.385226
-154.007400	-0.386570
-155.025000	-0.389768
-156.020400	-0.391450
-157.031300	-0.392787
-158.052300	-0.395148
-159.047000	-0.396530
-160.025900	-0.397459
-161.037300	-0.400499
-162.033200	-0.403552
-163.034000	-0.406285
-164.037000	-0.410267
-165.029500	-0.412988
-166.027500	-0.415723
-166.989400	-0.417162
-167.997600	-0.418703
-168.988200	-0.420745
-169.987500	-0.421127
-171.029100	-0.424298
-172.034300	-0.427373
-173.053300	-0.429951
-174.070700	-0.433453
-175.067900	-0.436161
-176.043000	-0.437269
-177.034600	-0.438929
-178.014500	-0.441161
-178.986500	-0.443376
-179.979300	-0.447095
-180.967200	-0.450716
-181.986700	-0.454952
-183.011200	-0.458613
-184.028200	-0.462423
-185.063800	-0.465648
-186.055400	-0.467680
-187.049100	-0.469617
-188.037700	-0.470904
-189.005100	-0.472682
-189.978900	-0.474662
-190.975500	-0.477832
-191.974300	-0.481305
-192.972500	-0.485094
-193.989100	-0.489020
-194.981700	-0.491604
-195.994500	-0.493224
-196.994200	-0.496330
