Potencial	Intensidad
mv	uA
-199.580000	-0.214775
-199.340800	-0.209229
-198.859100	-0.202121
-198.130300	-0.194197
-197.126700	-0.184822
-196.146200	-0.180449
-195.147600	-0.175992
-194.140000	-0.171845
-193.177700	-0.167730
-192.173400	-0.163494
-191.189700	-0.159916
-190.220800	-0.156143
-189.211400	-0.151794
-188.215500	-0.147645
-187.221800	-0.143626
-186.201100	-0.140545
-185.196500	-0.138633
-184.191300	-0.136972
-183.155200	-0.134933
-182.144800	-0.132724
-181.133700	-0.130390
-180.135100	-0.127932
-179.155400	-0.125626
-178.181500	-0.122783
-177.194900	-0.119825
-176.185200	-0.117076
-175.184200	-0.114648
-174.174000	-0.112733
-173.163200	-0.111198
-172.187300	-0.110320
-171.189500	-0.109331
-170.189600	-0.107579
-169.219700	-0.106143
-168.221100	-0.103779
-167.215600	-0.100931
-166.219900	-0.098668
-165.193700	-0.095671
-164.159900	-0.093315
-163.156800	-0.091795
-162.152200	-0.090086
-161.164700	-0.088805
-160.190900	-0.087641
-159.210900	-0.086805
-158.216900	-0.086172
-157.200300	-0.084968
-156.190900	-0.083528
-155.169200	-0.081533
-154.151900	-0.079424
-153.163500	-0.078083
-152.174700	-0.076693
-151.187200	-0.074977
-150.215900	-0.072719
-149.228000	-0.070806
-148.230900	-0.069207
-147.239800	-0.068559
-146.224700	-0.068899
-145.234400	-0.068629
-144.222000	-0.067416
-143.220100	-0.065803
-142.226400	-0.064332
-141.215600	-0.062872
-140.240400	-0.062335
-139.242000	-0.061616
-138.237400	-0.059738
-137.227600	-0.058361
-136.199400	-0.057210
-135.203400	-0.057161
-134.203700	-0.057309
-133.208200	-0.057333
-132.214200	-0.056905
-131.217400	-0.055407
-130.218300	-0.054299
-129.233600	-0.053434
-128.246400	-0.052221
-127.234800	-0.050920
-126.240800	-0.049695
-125.231700	-0.048120
-124.240200	-0.047267
-123.255800	-0.047082
-122.253800	-0.047081
-121.260400	-0.047380
-120.267200	-0.047119
-119.248800	-0.046196
-118.249800	-0.045558
-117.238900	-0.043979
-116.207500	-0.042557
-115.218700	-0.041962
-114.219600	-0.040584
-113.221300	-0.039807
-112.234500	-0.038507
-111.222600	-0.037056
-110.225600	-0.036363
-109.233800	-0.036539
-108.242700	-0.037490
-107.240900	-0.037361
-106.212100	-0.036545
-105.181200	-0.035250
-104.176800	-0.033729
-103.168600	-0.033402
-102.202700	-0.033700
-101.228500	-0.033176
-100.219900	-0.031945
-99.233280	-0.030817
-98.229270	-0.029969
-97.217540	-0.028659
-96.237340	-0.028996
-95.252810	-0.027580
-94.267090	-0.027055
-93.272490	-0.026266
-92.269350	-0.025993
-91.273100	-0.026144
-90.258030	-0.024861
-89.290860	-0.025302
-88.312330	-0.024246
-87.305500	-0.023389
-86.306980	-0.024552
-85.300440	-0.023843
-84.285600	-0.022733
-83.280480	-0.022742
-82.286390	-0.021046
-81.291720	-0.020765
-80.274020	-0.020840
-79.287000	-0.021156
-78.291890	-0.020627
-77.268720	-0.019530
-76.282460	-0.019011
-75.272610	-0.017727
-74.259640	-0.017038
-73.244290	-0.017587
-72.221980	-0.018034
-71.235460	-0.018331
-70.243360	-0.018598
-69.275660	-0.018042
-68.277130	-0.016680
-67.254060	-0.014970
-66.249600	-0.013282
-65.237560	-0.011922
-64.239330	-0.011020
-63.254310	-0.010939
-62.258600	-0.010331
-61.244490	-0.009421
-60.257030	-0.009427
-59.261840	-0.009380
-58.274070	-0.009946
-57.290700	-0.010553
-56.284460	-0.009777
-55.260570	-0.008775
-54.204150	-0.007484
-53.192760	-0.006337
-52.202900	-0.005868
-51.226470	-0.005124
-50.272040	-0.003570
-49.271430	-0.002251
-48.253190	-0.001226
-47.239700	-0.001269
-46.251140	-0.002497
-45.253070	-0.003183
-44.262740	-0.003233
-43.261180	-0.002311
-42.231010	-0.001305
-41.250730	-0.000594
-40.271840	-0.000153
-39.281520	0.000142
-38.306050	0.001252
-37.298810	0.002609
-36.286650	0.003352
-35.273730	0.003853
-34.277420	0.003559
-33.275840	0.003028
-32.267250	0.003725
-31.273180	0.004349
-30.271990	0.005786
-29.253770	0.006862
-28.259820	0.007310
-27.280640	0.008135
-26.255580	0.008306
-25.273540	0.008731
-24.268080	0.009284
-23.246040	0.009332
-22.255320	0.009166
-21.258640	0.009346
-20.288530	0.009867
-19.311170	0.010842
-18.335090	0.012113
-17.330360	0.013437
-16.299470	0.014771
-15.283480	0.015999
-14.274060	0.016812
-13.274800	0.017566
-12.271710	0.018261
-11.268330	0.019088
-10.258830	0.020216
-9.253154	0.020157
-8.270093	0.020167
-7.272438	0.020438
-6.279636	0.020975
-5.263390	0.022723
-4.234794	0.024185
-3.247722	0.024397
-2.265157	0.024833
-1.322282	0.025324
-0.368924	0.026540
0.611676	0.028416
1.602513	0.029689
2.617818	0.030465
3.619849	0.030016
4.607400	0.029932
5.611594	0.030165
6.569674	0.030543
7.558216	0.031605
8.550224	0.032971
9.563383	0.033954
10.590110	0.035152
11.564720	0.036866
12.561730	0.038349
13.542700	0.039304
14.547170	0.039994
15.572930	0.040099
16.575320	0.039977
17.569330	0.040042
18.570930	0.040838
19.563270	0.041219
20.560670	0.042254
21.555390	0.043824
22.547660	0.045442
23.555210	0.047072
24.555870	0.048229
25.567830	0.049361
26.569490	0.049934
27.547730	0.050430
28.543110	0.050740
29.511750	0.050833
30.480680	0.051299
31.495760	0.052474
32.495910	0.054077
33.512650	0.055854
34.544980	0.057606
35.530660	0.058695
36.526780	0.059651
37.530920	0.062112
38.517900	0.063791
39.522520	0.065022
40.540130	0.065907
41.519130	0.065519
42.515820	0.065847
43.515750	0.067415
44.516260	0.069667
45.552260	0.071942
46.569870	0.074058
47.578620	0.075482
48.576710	0.076430
49.530150	0.078516
50.510980	0.080484
51.494190	0.081726
52.486860	0.083006
53.508060	0.083229
54.480480	0.082529
55.467310	0.083896
56.462010	0.084977
57.438500	0.085581
58.446080	0.088218
59.460090	0.089838
60.458440	0.092490
61.473630	0.095281
62.491130	0.097618
63.493480	0.100068
64.491680	0.100055
65.486000	0.101145
66.485870	0.101891
67.471310	0.102753
68.465230	0.105102
69.459950	0.107664
70.429240	0.110184
71.428000	0.113499
72.434240	0.116231
73.453370	0.119813
74.479790	0.121968
75.472160	0.124050
76.462500	0.126882
77.446530	0.127646
78.443760	0.129966
79.445760	0.132153
80.449130	0.134783
81.446320	0.138144
82.448670	0.143341
83.448290	0.147154
84.444460	0.150709
85.468230	0.154909
86.467750	0.155967
87.480700	0.158909
88.491040	0.162098
89.463890	0.163909
90.449890	0.167041
91.427480	0.169078
92.425880	0.172261
93.441780	0.176203
94.463820	0.180280
95.497700	0.185136
96.501050	0.188449
97.510560	0.191743
98.503160	0.197136
99.501420	0.202201
100.492900	0.207689
101.459100	0.213066
102.453300	0.216474
103.446000	0.219896
104.462600	0.223936
105.493500	0.228980
106.483900	0.234356
107.472700	0.239033
108.443700	0.244426
109.424600	0.249043
110.417400	0.254847
111.420900	0.262188
112.431900	0.268988
113.439100	0.275189
114.460500	0.281215
115.447800	0.286195
116.451700	0.291840
117.450100	0.298539
118.432600	0.304796
119.444200	0.312275
120.430000	0.319822
121.428800	0.327852
122.455300	0.337692
123.453900	0.347014
124.476200	0.356391
125.473800	0.364829
126.460800	0.372137
127.446800	0.378992
128.421000	0.386422
129.404700	0.395347
130.383900	0.405559
131.387600	0.415755
132.385000	0.428103
133.395600	0.440273
134.396200	0.450767
135.398300	0.463741
136.396200	0.474716
137.388100	0.486040
138.390600	0.499036
139.375700	0.509770
140.386500	0.521318
141.389300	0.532273
142.386400	0.545011
143.419900	0.559099
144.417300	0.572294
145.422100	0.587174
146.432400	0.601528
147.403200	0.613294
148.405000	0.628382
149.424400	0.645054
150.431200	0.659492
151.436700	0.676613
152.428600	0.692082
153.423600	0.704959
154.414700	0.719830
155.428700	0.735126
156.432200	0.750607
157.414400	0.764598
158.398800	0.779432
159.387700	0.795774
160.392100	0.811667
161.400000	0.832031
162.427000	0.854117
163.422900	0.871725
164.423900	0.888976
165.413600	0.905658
166.403400	0.917921
167.393600	0.933158
168.384000	0.950628
169.374200	0.966824
170.348400	0.985461
171.360600	1.004537
172.383700	1.024349
173.408000	1.043506
174.420000	1.062540
175.427100	1.082232
176.423400	1.096980
177.391300	1.111389
178.389700	1.127613
179.378300	1.140315
180.372100	1.156359
181.398900	1.175761
182.406500	1.192869
183.421900	1.212354
184.425400	1.230598
185.413300	1.245595
186.404100	1.260731
187.392000	1.274684
188.377500	1.289851
189.370200	1.303589
190.366400	1.315447
191.352200	1.329002
192.349800	1.341577
193.362600	1.355457
194.388700	1.372137
195.405500	1.384246
196.398100	1.394678
197.410600	1.404536
198.406500	1.411994
199.411900	1.423923
200.440000	1.436474
201.429300	1.447504
202.411100	1.457119
203.394200	1.462226
204.377300	1.466289
205.370400	1.471212
206.357600	1.476081
207.373800	1.480603
208.353900	1.484561
209.328900	1.487044
210.358300	1.492403
211.338600	1.498362
212.347900	1.502522
213.377800	1.510889
214.361800	1.512816
215.346000	1.516324
216.349100	1.519116
217.299200	1.516639
218.286800	1.517671
219.306500	1.517621
220.303800	1.518538
221.341400	1.521280
222.350000	1.521814
223.346800	1.522602
224.350100	1.520798
225.352800	1.520038
226.374500	1.519701
227.377700	1.513881
228.348700	1.511400
229.348400	1.507388
230.325300	1.501979
231.330000	1.500244
232.341900	1.496741
233.325000	1.490819
234.322900	1.486374
235.302200	1.481887
236.307000	1.479167
237.325500	1.476303
238.328300	1.472054
239.358900	1.468259
240.350300	1.461083
241.334800	1.453569
242.321900	1.446863
243.290000	1.438789
244.288500	1.432409
245.292600	1.427968
246.300300	1.422457
247.300300	1.417800
248.309400	1.412885
249.297200	1.406193
250.296100	1.399945
251.316700	1.392413
252.329800	1.385024
253.347200	1.377436
254.336000	1.369910
255.313500	1.363584
256.298200	1.357177
257.298600	1.352035
258.322800	1.347481
259.325000	1.341225
260.326000	1.334842
261.314400	1.328462
262.283300	1.320584
263.289700	1.314096
264.293800	1.307564
265.289500	1.299992
266.295300	1.293520
267.297000	1.287565
268.287400	1.281252
269.296800	1.275653
270.303800	1.269275
271.304600	1.262942
272.302500	1.256117
273.291100	1.250303
274.295300	1.245657
275.269800	1.239765
276.268400	1.234977
277.281700	1.229080
278.279000	1.221230
279.291400	1.215242
280.292800	1.208806
281.278000	1.201681
282.264900	1.196007
283.252200	1.190020
284.248500	1.184290
285.223800	1.179953
286.215300	1.175765
287.228400	1.171262
288.237600	1.165974
289.278500	1.160619
290.308900	1.155271
291.306800	1.149319
292.300100	1.143939
293.275400	1.138945
294.247800	1.132971
295.244000	1.128664
296.250100	1.124794
297.255400	1.120568
298.268400	1.116859
299.285000	1.112812
300.287400	1.107975
301.295100	1.102682
302.296700	1.097665
303.315600	1.092906
304.328900	1.087989
305.330100	1.083622
306.351900	1.080174
307.347900	1.075691
308.333300	1.072060
309.341900	1.068694
310.331200	1.063722
311.290200	1.060009
312.283400	1.057283
313.272400	1.053003
314.257600	1.049271
315.264300	1.045060
316.278400	1.040402
317.301700	1.037059
318.297400	1.034076
319.319200	1.031340
320.298800	1.027531
321.278700	1.023404
322.277300	1.019864
323.260500	1.016296
324.263300	1.013780
325.247000	1.011518
326.253400	1.008040
327.277900	1.004224
328.268300	1.000182
329.290700	0.995863
330.304900	0.992405
331.267300	0.988511
332.276100	0.984928
333.248300	0.981811
334.211700	0.978396
335.211600	0.976878
336.204400	0.974620
337.220500	0.971504
338.222600	0.968148
339.237200	0.963463
340.240200	0.959424
341.250800	0.956246
342.255300	0.953035
343.250300	0.950173
344.254800	0.947259
345.225900	0.944524
346.239600	0.942982
347.240600	0.941253
348.232500	0.939496
349.247300	0.937281
350.246900	0.933850
351.246300	0.930670
352.256500	0.927316
353.258700	0.924491
354.267000	0.922364
355.282600	0.919913
356.287900	0.917953
357.287000	0.915906
358.264900	0.913158
359.263500	0.910958
360.228500	0.908297
361.237000	0.906554
362.240700	0.904180
363.197000	0.902301
364.226000	0.899683
365.213200	0.896467
366.220600	0.893763
367.248300	0.892031
368.242500	0.890238
369.242700	0.888731
370.242900	0.887542
371.209600	0.884280
372.199900	0.882199
373.199800	0.880479
374.176500	0.878749
375.199000	0.878134
376.206000	0.876085
377.199800	0.873380
378.228100	0.870640
379.260400	0.868339
380.270400	0.867568
381.272500	0.865192
382.269300	0.863620
383.243800	0.861359
384.217100	0.858788
385.218800	0.858353
386.217800	0.857375
387.226000	0.855550
388.229900	0.853606
389.240400	0.851412
390.229200	0.849389
391.206700	0.847743
392.200100	0.846760
393.172300	0.845543
394.205300	0.844038
395.212600	0.842761
396.220200	0.841491
397.220900	0.840055
398.214900	0.838830
399.224700	0.837801
400.249000	0.835672
401.270900	0.833253
402.254700	0.831350
403.252400	0.829150
404.246100	0.827940
405.254500	0.827650
406.278600	0.826893
407.289500	0.826769
408.313100	0.826138
409.303000	0.825342
410.291300	0.824087
411.295600	0.823561
412.263300	0.822816
413.256100	0.821178
414.250000	0.819442
415.228900	0.816707
416.218800	0.815088
417.231300	0.813799
418.227300	0.813713
419.244500	0.813398
420.265400	0.812643
421.260400	0.811773
422.241800	0.810921
423.217200	0.810811
424.193700	0.810615
425.188800	0.810294
426.188100	0.808965
427.205700	0.806868
428.210800	0.804838
429.201300	0.803711
430.227300	0.803113
431.210700	0.802840
432.217900	0.802571
433.215500	0.801728
434.187700	0.801060
435.188700	0.800735
436.181800	0.800317
437.184800	0.799600
438.177900	0.798426
439.169500	0.796628
440.161200	0.795322
441.146700	0.793859
442.147400	0.793730
443.157200	0.793735
444.151200	0.793618
445.171000	0.794126
446.158000	0.793965
447.138200	0.793766
448.153900	0.793273
449.160000	0.792717
450.187600	0.792083
451.212800	0.791060
452.201800	0.789966
453.172900	0.789020
454.148500	0.788233
455.137500	0.788108
456.162800	0.788880
457.173300	0.789479
458.204200	0.789889
459.220900	0.790061
460.198000	0.789259
461.197100	0.789545
462.173400	0.788970
463.174300	0.788340
464.161800	0.787555
465.153700	0.786114
466.163200	0.786222
467.139000	0.786413
468.143100	0.786920
469.144000	0.787751
470.138500	0.787863
471.133400	0.787677
472.135600	0.788144
473.133700	0.788514
474.122800	0.788469
475.135700	0.788549
476.133500	0.787615
477.127100	0.786202
478.141600	0.785426
479.127000	0.785330
480.139200	0.785592
481.145800	0.785767
482.156200	0.785680
483.147100	0.785398
484.122900	0.785021
485.126100	0.785943
486.100100	0.785977
487.106100	0.786053
488.116500	0.786170
489.107400	0.785098
490.111400	0.784756
491.104600	0.784485
492.095400	0.784475
493.078800	0.784874
494.063900	0.785453
495.095800	0.786545
496.103900	0.787093
497.123600	0.787684
498.143900	0.788281
499.113000	0.787735
500.106400	0.787186
501.090800	0.786733
502.079300	0.785567
503.097800	0.785379
504.113300	0.786137
505.142900	0.786767
506.172400	0.787979
507.176300	0.788822
508.187500	0.789505
509.189200	0.789718
510.176600	0.789855
511.165500	0.791103
512.141100	0.790870
513.127400	0.790783
514.114600	0.790414
515.104700	0.789463
516.088000	0.790224
517.063800	0.791591
518.051800	0.792238
519.056900	0.792615
520.063500	0.792461
521.076400	0.791538
522.082700	0.792652
523.068700	0.793355
524.076800	0.793856
525.068100	0.794663
526.061600	0.793880
527.073600	0.793932
528.082800	0.795450
529.099400	0.795203
530.097400	0.797050
531.083600	0.796817
532.059200	0.796119
533.064600	0.797185
534.081800	0.797040
535.110800	0.798490
536.138400	0.799003
537.128900	0.798678
538.134800	0.798620
539.101700	0.798183
540.095500	0.798480
541.078700	0.798913
542.064900	0.799809
543.082200	0.800992
544.059400	0.801556
545.058600	0.802947
546.075700	0.804399
547.084200	0.805401
548.098600	0.806513
549.126100	0.807005
550.118200	0.806486
551.090000	0.805894
552.081100	0.805750
553.067900	0.806040
554.065700	0.806680
555.082000	0.808065
556.098500	0.809769
557.090000	0.811236
558.087600	0.812823
559.101200	0.813793
560.110200	0.813456
561.128500	0.813915
562.121100	0.814138
563.101700	0.814077
564.082900	0.814571
565.089200	0.814537
566.087900	0.815165
567.097200	0.816194
568.104500	0.817569
569.073700	0.818978
570.078000	0.819854
571.067300	0.820525
572.063600	0.821813
573.080600	0.823518
574.046000	0.824534
575.051000	0.825244
576.045300	0.825255
577.041300	0.825051
578.090500	0.825952
579.090100	0.827394
580.082000	0.828650
581.064300	0.829338
582.031600	0.829803
583.033300	0.830996
584.048000	0.832539
585.075800	0.835037
586.089200	0.836384
587.099500	0.836957
588.099400	0.837343
589.087600	0.837457
590.074600	0.838710
591.069900	0.839507
592.047400	0.840664
593.037100	0.841514
594.053000	0.842723
595.042000	0.844332
596.073000	0.846008
597.090500	0.847616
598.081500	0.848958
598.625700	0.839861
598.636600	0.826120
598.149000	0.808766
597.179200	0.788511
596.167500	0.775739
595.168700	0.764925
594.184900	0.756140
593.185000	0.747562
592.195700	0.740222
591.195900	0.733365
590.190500	0.726603
589.199300	0.720640
588.209600	0.714212
587.231000	0.707877
586.242400	0.701916
585.249100	0.695820
584.243200	0.691466
583.241700	0.686563
582.232800	0.681422
581.252100	0.676459
580.242900	0.670284
579.232900	0.665567
578.222800	0.660368
577.199000	0.655634
576.212700	0.652104
575.210000	0.647933
574.216100	0.644888
573.217300	0.641898
572.208900	0.638026
571.219400	0.634725
570.236100	0.631314
569.229900	0.627519
568.223400	0.624155
567.208800	0.620456
566.212100	0.616147
565.238000	0.613546
564.231100	0.611843
563.265700	0.608935
562.274900	0.606169
561.274200	0.602138
560.299400	0.597665
559.278900	0.594599
558.267400	0.591547
557.240500	0.588686
556.224300	0.586030
555.218600	0.583315
554.196800	0.581504
553.206400	0.579470
552.221100	0.577529
551.215300	0.575143
550.248400	0.572467
549.272400	0.569935
548.268400	0.567196
547.268700	0.565794
546.258400	0.564989
545.235000	0.563576
544.231000	0.562216
543.234500	0.558904
542.228100	0.554996
541.237700	0.552182
540.246000	0.548683
539.268800	0.547356
538.282100	0.545610
537.285200	0.543597
536.281400	0.542448
535.244300	0.539979
534.228500	0.538255
533.231100	0.536907
532.225000	0.535090
531.236600	0.533561
530.253900	0.531913
529.239600	0.529515
528.246500	0.527896
527.245200	0.526880
526.218700	0.525042
525.225100	0.523658
524.229900	0.521774
523.241800	0.519557
522.265600	0.517684
521.255800	0.515510
520.242100	0.514228
519.245100	0.513059
518.226100	0.512200
517.231700	0.512017
516.247100	0.511004
515.241800	0.509043
514.264600	0.508172
513.251600	0.505721
512.242800	0.503345
511.266800	0.501822
510.281000	0.499702
509.342800	0.498513
508.356800	0.498054
507.346300	0.496813
506.332600	0.495020
505.285200	0.492972
504.277300	0.490468
503.268100	0.488677
502.253900	0.486967
501.256700	0.486366
500.248900	0.485405
499.259500	0.484670
498.251200	0.483476
497.253100	0.481966
496.263100	0.480268
495.237500	0.478201
494.229000	0.477438
493.209000	0.476629
492.214400	0.475387
491.238700	0.474593
490.269900	0.472682
489.280800	0.470667
488.266200	0.469547
487.253800	0.467741
486.246900	0.466379
485.273100	0.464757
484.277600	0.462801
483.313100	0.461985
482.317300	0.461394
481.313000	0.460668
480.335700	0.460211
479.327500	0.459054
478.317000	0.457250
477.308400	0.455879
476.279100	0.454507
475.261900	0.453047
474.271300	0.452930
473.271900	0.452186
472.283900	0.451153
471.301600	0.450068
470.304700	0.448136
469.319200	0.446721
468.322400	0.444880
467.306000	0.443438
466.308000	0.442093
465.297500	0.440599
464.284500	0.439864
463.296700	0.439816
462.304900	0.439395
461.319200	0.439452
460.350600	0.439171
459.359600	0.437989
458.370200	0.436669
457.365200	0.435089
456.358500	0.434162
455.348900	0.433900
454.326700	0.434031
453.330100	0.433444
452.333800	0.431837
451.337300	0.429459
450.344100	0.426687
449.329700	0.425040
448.316600	0.423587
447.321400	0.422823
446.301600	0.421935
445.299700	0.420981
444.288500	0.420152
443.275700	0.419450
442.293900	0.419125
441.291000	0.418532
440.314900	0.418317
439.312100	0.417189
438.323200	0.416401
437.327700	0.416357
436.316100	0.416583
435.336700	0.416989
434.339100	0.416688
433.368000	0.414875
432.387400	0.412531
431.389200	0.410074
430.399600	0.408065
429.389800	0.407267
428.367800	0.405946
427.359300	0.405344
426.350400	0.404501
425.347900	0.403500
424.359700	0.403418
423.362400	0.403031
422.343400	0.402642
421.365100	0.402228
420.380400	0.401117
419.379600	0.399650
418.400700	0.399714
417.376100	0.398979
416.356000	0.399011
415.371500	0.398215
414.369500	0.396403
413.389900	0.395010
412.408200	0.393126
411.398400	0.392134
410.407000	0.391259
409.422300	0.390399
408.424800	0.389359
407.452900	0.388264
406.446900	0.387138
405.430100	0.386047
404.421900	0.385298
403.403700	0.384901
402.414300	0.384097
401.405200	0.382872
400.402600	0.382017
399.382000	0.380826
398.365500	0.380111
397.360900	0.379956
396.372300	0.379078
395.400500	0.378047
394.407500	0.376474
393.412700	0.375159
392.416700	0.374249
391.385500	0.373464
390.382000	0.373001
389.396200	0.372403
388.383500	0.370942
387.404600	0.369906
386.413900	0.369098
385.403500	0.367662
384.423400	0.367634
383.440000	0.367179
382.429400	0.366403
381.437100	0.365502
380.427500	0.364277
379.401700	0.362883
378.402200	0.361212
377.392600	0.360447
376.381000	0.360062
375.383100	0.359610
374.351300	0.359566
373.355300	0.359167
372.359900	0.357356
371.356200	0.356419
370.389000	0.355970
369.365600	0.354722
368.368700	0.354388
367.351700	0.352977
366.341600	0.351112
365.349400	0.350330
364.326900	0.349536
363.327500	0.348389
362.338600	0.346873
361.336900	0.345646
360.364200	0.343430
359.381500	0.342055
358.387900	0.340753
357.411600	0.339536
356.405200	0.338263
355.386000	0.337189
354.373500	0.336219
353.356400	0.334758
352.370400	0.334485
351.407000	0.333578
350.410700	0.332588
349.417800	0.331206
348.392600	0.328929
347.361000	0.327791
346.368000	0.326886
345.368800	0.326726
344.381800	0.327723
343.390900	0.326747
342.406100	0.324730
341.420600	0.322018
340.403000	0.318271
339.418100	0.315824
338.411900	0.314402
337.388200	0.312533
336.401000	0.311213
335.411000	0.310247
334.407800	0.308782
333.418000	0.308326
332.423900	0.307861
331.410700	0.306542
330.405000	0.305569
329.406000	0.303977
328.399100	0.301491
327.398000	0.300107
326.404400	0.298809
325.415500	0.298107
324.414900	0.296931
323.410200	0.294846
322.424400	0.291744
321.409800	0.288252
320.436800	0.285645
319.454500	0.283409
318.458600	0.280988
317.454700	0.278826
316.447200	0.277125
315.444000	0.274813
314.417500	0.273677
313.444200	0.272287
312.441600	0.270948
311.446600	0.269722
310.467900	0.268103
309.459200	0.266433
308.477600	0.263935
307.488100	0.262779
306.500700	0.261269
305.488200	0.258468
304.478800	0.255849
303.477300	0.251628
302.452400	0.247690
301.465600	0.244481
300.463600	0.241556
299.454700	0.239141
298.449700	0.236201
297.408200	0.233280
296.377800	0.230413
295.371500	0.226990
294.371600	0.224587
293.422800	0.222818
292.433400	0.219898
291.427400	0.217573
290.425200	0.214462
289.413100	0.211143
288.424700	0.208569
287.433000	0.205566
286.433600	0.202105
285.446200	0.198396
284.440600	0.193862
283.455300	0.190293
282.469200	0.186715
281.465700	0.182843
280.493800	0.180202
279.500200	0.175936
278.503100	0.171241
277.499900	0.166999
276.467500	0.161350
275.435500	0.156687
274.413000	0.152928
273.392400	0.148363
272.415000	0.144343
271.434800	0.139979
270.466400	0.135267
269.483000	0.130756
268.468600	0.125231
267.464100	0.119318
266.444100	0.112975
265.421500	0.106202
264.428800	0.100562
263.415700	0.095169
262.394500	0.090068
261.429200	0.086078
260.432500	0.079974
259.453400	0.074030
258.487300	0.066869
257.485500	0.058559
256.478100	0.051728
255.480500	0.044548
254.486800	0.037534
253.499600	0.031143
252.524200	0.023712
251.524700	0.015419
250.506100	0.007265
249.497600	-0.002085
248.480700	-0.011447
247.446600	-0.020761
246.458500	-0.030786
245.457700	-0.039462
244.459900	-0.049130
243.477800	-0.056985
242.473200	-0.063847
241.462600	-0.073135
240.457500	-0.082243
239.441700	-0.092642
238.444500	-0.105282
237.442000	-0.116403
236.447000	-0.126850
235.476300	-0.137542
234.469600	-0.146804
233.468600	-0.156947
232.459100	-0.167354
231.481400	-0.180164
230.491200	-0.192592
229.519600	-0.204651
228.550000	-0.220374
227.511900	-0.234383
226.508700	-0.249016
225.486900	-0.264774
224.480800	-0.276904
223.490500	-0.287661
222.489400	-0.300125
221.482800	-0.312590
220.474500	-0.326605
219.490700	-0.340480
218.495600	-0.355518
217.513800	-0.370002
216.527700	-0.382013
215.511600	-0.399958
214.533500	-0.415250
213.548700	-0.429120
212.527700	-0.446648
211.531400	-0.461238
210.534300	-0.473994
209.515100	-0.491863
208.547400	-0.508606
207.559800	-0.523806
206.560700	-0.541700
205.565300	-0.554765
204.560400	-0.568625
203.563800	-0.580132
202.569500	-0.594101
201.562400	-0.610308
200.558200	-0.624960
199.557500	-0.644116
198.558300	-0.660525
197.583400	-0.674273
196.602700	-0.690426
195.603400	-0.705309
194.576800	-0.719695
193.543900	-0.736101
192.537600	-0.749443
191.565000	-0.762227
190.585400	-0.777184
189.620100	-0.790917
188.595700	-0.806857
187.573500	-0.822820
186.567000	-0.835926
185.540800	-0.849249
184.545200	-0.859536
183.528400	-0.869838
182.513600	-0.879481
181.536400	-0.887851
180.543800	-0.898221
179.555200	-0.907411
178.574000	-0.916726
177.559200	-0.928204
176.565000	-0.938095
175.558300	-0.948317
174.544100	-0.959006
173.558100	-0.966400
172.539800	-0.973754
171.539000	-0.980259
170.549300	-0.987025
169.524300	-0.994233
168.544000	-1.001039
167.536800	-1.008869
166.530800	-1.013980
165.541700	-1.018209
164.515300	-1.023333
163.530800	-1.025585
162.556700	-1.027293
161.561300	-1.030698
160.577300	-1.031516
159.587100	-1.033299
158.567600	-1.037547
157.560300	-1.039784
156.582300	-1.042535
155.564500	-1.044778
154.557500	-1.045114
153.584600	-1.044586
152.574900	-1.043084
151.591600	-1.042729
150.599700	-1.041916
149.595600	-1.041788
148.594800	-1.042866
147.591400	-1.042389
146.592900	-1.041001
145.573700	-1.040508
144.553900	-1.037614
143.544300	-1.033640
142.539000	-1.030176
141.572100	-1.025606
140.596500	-1.022409
139.616600	-1.019942
138.626900	-1.018942
137.596000	-1.017592
136.576500	-1.014751
135.559300	-1.011783
134.561300	-1.006646
133.565400	-1.000238
132.571400	-0.994922
131.583700	-0.989403
130.578800	-0.983286
129.581200	-0.979095
128.592100	-0.973779
127.592200	-0.968375
126.577300	-0.963889
125.592400	-0.958691
124.589700	-0.952840
123.595300	-0.946987
122.618900	-0.942300
121.606900	-0.937768
120.613600	-0.933530
119.605700	-0.930152
118.583100	-0.926268
117.592800	-0.921275
116.586500	-0.916709
115.587100	-0.911022
114.624800	-0.903835
113.611300	-0.898282
112.618200	-0.891767
111.614200	-0.885634
110.599000	-0.880055
109.618600	-0.873773
108.615000	-0.868825
107.613200	-0.863068
106.625800	-0.857161
105.612500	-0.851018
104.622000	-0.844264
103.633400	-0.839050
102.637900	-0.834524
101.678500	-0.829945
100.686300	-0.826431
99.682390	-0.822074
98.650820	-0.817347
97.598850	-0.813834
96.576320	-0.808775
95.583010	-0.803762
94.592650	-0.798904
93.599950	-0.792864
92.601060	-0.786995
91.604490	-0.781240
90.597360	-0.775386
89.606140	-0.769752
88.618420	-0.764784
87.607280	-0.759348
86.612220	-0.753744
85.618750	-0.749010
84.602820	-0.744529
83.602480	-0.740861
82.616780	-0.737585
81.624360	-0.734398
80.623960	-0.730016
79.632840	-0.725597
78.637080	-0.721383
77.626520	-0.716787
76.646460	-0.712718
75.641880	-0.708774
74.640020	-0.704850
73.637020	-0.700833
72.633610	-0.697270
71.619030	-0.693721
70.614820	-0.689958
69.618520	-0.685150
68.597400	-0.681478
67.608150	-0.676363
66.601070	-0.671609
65.588690	-0.668697
64.610780	-0.664630
63.606080	-0.661869
62.610720	-0.659306
61.613330	-0.656474
60.619170	-0.653345
59.638920	-0.649745
58.640140	-0.645178
57.662330	-0.641940
56.650960	-0.637796
55.653930	-0.634920
54.642530	-0.632580
53.631740	-0.627717
52.634360	-0.624699
51.635150	-0.621723
50.661290	-0.618369
49.670550	-0.616543
48.678630	-0.614095
47.675220	-0.611127
46.668210	-0.608769
45.650110	-0.606538
44.644400	-0.603670
43.640660	-0.600606
42.645110	-0.596944
41.643750	-0.593636
40.641230	-0.590146
39.639600	-0.586965
38.642010	-0.584164
37.663150	-0.581108
36.664230	-0.579245
35.650830	-0.577079
34.629850	-0.574555
33.617180	-0.571131
32.611150	-0.567739
31.635730	-0.565061
30.649950	-0.563319
29.662160	-0.562420
28.680890	-0.561345
27.688170	-0.559818
26.697460	-0.557855
25.709710	-0.555417
24.719240	-0.552738
23.707090	-0.550442
22.715280	-0.548047
21.697300	-0.545398
20.690170	-0.543478
19.692940	-0.541061
18.692760	-0.538515
17.694770	-0.536792
16.686850	-0.534074
15.694820	-0.531113
14.694840	-0.527785
13.719690	-0.524317
12.720990	-0.522572
11.726160	-0.521666
10.732940	-0.521648
9.716649	-0.521727
8.738130	-0.520563
7.739615	-0.519302
6.735256	-0.517223
5.746995	-0.515087
4.738179	-0.513329
3.731178	-0.510908
2.734233	-0.508816
1.721255	-0.507646
0.726473	-0.505586
-0.257066	-0.504421
-1.207585	-0.503124
-2.156584	-0.500703
-3.115160	-0.498193
-4.098269	-0.495105
-5.114136	-0.492950
-6.128368	-0.491267
-7.126024	-0.491097
-8.124290	-0.491506
-9.123447	-0.491427
-10.111060	-0.490454
-11.118920	-0.489046
-12.120430	-0.487069
-13.112290	-0.485263
-14.119060	-0.484073
-15.139630	-0.482261
-16.134710	-0.480696
-17.137180	-0.478919
-18.139030	-0.477073
-19.117850	-0.475573
-20.114070	-0.473916
-21.109930	-0.472684
-22.096270	-0.470400
-23.092610	-0.468189
-24.089960	-0.466921
-25.109870	-0.465745
-26.112850	-0.465731
-27.118410	-0.466499
-28.107990	-0.466556
-29.103030	-0.465792
-30.103500	-0.465384
-31.089160	-0.464109
-32.101320	-0.462830
-33.103060	-0.461881
-34.108010	-0.460612
-35.135200	-0.459072
-36.139730	-0.457686
-37.132220	-0.456167
-38.129160	-0.454959
-39.107580	-0.453710
-40.097510	-0.452736
-41.093350	-0.451931
-42.104550	-0.450379
-43.133950	-0.449746
-44.143640	-0.449255
-45.146960	-0.449207
-46.130250	-0.449308
-47.132480	-0.448991
-48.124060	-0.447519
-49.106480	-0.445872
-50.103390	-0.444569
-51.059770	-0.443780
-52.047830	-0.443017
-53.064820	-0.442439
-54.075410	-0.442205
-55.101140	-0.441112
-56.121390	-0.440495
-57.124550	-0.439450
-58.109540	-0.438301
-59.095680	-0.437300
-60.092740	-0.436766
-61.110310	-0.436790
-62.122220	-0.436584
-63.149090	-0.436690
-64.134110	-0.436421
-65.107300	-0.435982
-66.092920	-0.435631
-67.061450	-0.434460
-68.088000	-0.433140
-69.099960	-0.432175
-70.118630	-0.431041
-71.126260	-0.430447
-72.119650	-0.430599
-73.130020	-0.430126
-74.134490	-0.429181
-75.140250	-0.429022
-76.136700	-0.427574
-77.101520	-0.426629
-78.079710	-0.426634
-79.083020	-0.426343
-80.060960	-0.427315
-81.091900	-0.428378
-82.122010	-0.427683
-83.119750	-0.426844
-84.138010	-0.425719
-85.128420	-0.424351
-86.126880	-0.424639
-87.112760	-0.423850
-88.119370	-0.422787
-89.112620	-0.421505
-90.078570	-0.419327
-91.089170	-0.420263
-92.083590	-0.420617
-93.104910	-0.420600
-94.121480	-0.421635
-95.118730	-0.419817
-96.110890	-0.418583
-97.082530	-0.418342
-98.060010	-0.418095
-99.063150	-0.418274
-100.065700	-0.418738
-101.061200	-0.419032
-102.069200	-0.419001
-103.041300	-0.419303
-104.037000	-0.419973
-105.051300	-0.420327
-106.051200	-0.420200
-107.072100	-0.419973
-108.069200	-0.419117
-109.054300	-0.418225
-110.065600	-0.418344
-111.058400	-0.418479
-112.066400	-0.419303
-113.074600	-0.419346
-114.060000	-0.418267
-115.073500	-0.417023
-116.071000	-0.416169
-117.070700	-0.416811
-118.084000	-0.418756
-119.081500	-0.420611
-120.076800	-0.421904
-121.073100	-0.422383
-122.067500	-0.422670
-123.056700	-0.422751
-124.068700	-0.422735
-125.094900	-0.422933
-126.099200	-0.422950
-127.088700	-0.422910
-128.076800	-0.422607
-129.055400	-0.422650
-130.036100	-0.422824
-131.061700	-0.423598
-132.062400	-0.424090
-133.059300	-0.423777
-134.081400	-0.422935
-135.076400	-0.422619
-136.080200	-0.423680
-137.096100	-0.425503
-138.085200	-0.427922
-139.088600	-0.430107
-140.080400	-0.430838
-141.064300	-0.431439
-142.063100	-0.432764
-143.067300	-0.433385
-144.073000	-0.434357
-145.076000	-0.435657
-146.081800	-0.435606
-147.067600	-0.436033
-148.052600	-0.436448
-149.055800	-0.436566
-150.057800	-0.436910
-151.048200	-0.437618
-152.074800	-0.438054
-153.064800	-0.438436
-154.037400	-0.439178
-155.054700	-0.440686
-156.033000	-0.443190
-157.037000	-0.445492
-158.073200	-0.447996
-159.064400	-0.449151
-160.058500	-0.450191
-161.054600	-0.450892
-162.059000	-0.452017
-163.064800	-0.453151
-164.086400	-0.454191
-165.076300	-0.455753
-166.068700	-0.456569
-167.041000	-0.457072
-168.024100	-0.458004
-169.033700	-0.458987
-170.011600	-0.460005
-171.035600	-0.462199
-172.050900	-0.463653
-173.057200	-0.464753
-174.064300	-0.466894
-175.069300	-0.468730
-176.063000	-0.470939
-177.062500	-0.473191
-178.068600	-0.474537
-179.048400	-0.476210
-180.027900	-0.477853
-181.003400	-0.479912
-182.005600	-0.481888
-183.009700	-0.483606
-184.032900	-0.485579
-185.056700	-0.487173
-186.029300	-0.488398
-187.014400	-0.489838
-187.997300	-0.490879
-188.966200	-0.492400
-189.983200	-0.494460
-190.983900	-0.496856
-191.965200	-0.499021
-192.981200	-0.501811
-193.981900	-0.504246
-194.997400	-0.506430
-196.012300	-0.508906
-197.002500	-0.510361
