Potencial	Intensidad
mv	uA
-199.635000	-0.137484
-199.384500	-0.131364
-198.890200	-0.122782
-198.136900	-0.112465
-197.143900	-0.099687
-196.127600	-0.092368
-195.103500	-0.086001
-194.090600	-0.080858
-193.070700	-0.077516
-192.085900	-0.074348
-191.113800	-0.072289
-190.148900	-0.070139
-189.146400	-0.067033
-188.160400	-0.064142
-187.147200	-0.060642
-186.136100	-0.056298
-185.156300	-0.052989
-184.142900	-0.049239
-183.132200	-0.045803
-182.107500	-0.043274
-181.090500	-0.040362
-180.103100	-0.038898
-179.125900	-0.037650
-178.159400	-0.036598
-177.179900	-0.035751
-176.155700	-0.033369
-175.146200	-0.031067
-174.143800	-0.028695
-173.138600	-0.026027
-172.166000	-0.024712
-171.192700	-0.022478
-170.176900	-0.019226
-169.170700	-0.016819
-168.184100	-0.014083
-167.172400	-0.012827
-166.185200	-0.013218
-165.183000	-0.013144
-164.161800	-0.012544
-163.144200	-0.011021
-162.155100	-0.009299
-161.174500	-0.007639
-160.172000	-0.005840
-159.211400	-0.004736
-158.211100	-0.002212
-157.178800	-0.001133
-156.186500	-0.000429
-155.178200	-0.000069
-154.167800	0.000567
-153.199200	0.002408
-152.219700	0.003591
-151.214800	0.005587
-150.229400	0.006107
-149.252200	0.006778
-148.251400	0.007578
-147.254200	0.008498
-146.257700	0.009673
-145.243100	0.009469
-144.232800	0.011407
-143.233600	0.011482
-142.215900	0.012116
-141.198400	0.013636
-140.214100	0.013288
-139.225500	0.014788
-138.238300	0.015748
-137.259900	0.016820
-136.245100	0.018586
-135.224500	0.020148
-134.218900	0.021417
-133.204900	0.023170
-132.201300	0.024199
-131.190400	0.025458
-130.174400	0.025632
-129.185200	0.024995
-128.193400	0.024305
-127.219300	0.023580
-126.249900	0.024386
-125.232700	0.025885
-124.225700	0.027721
-123.219200	0.029113
-122.189100	0.030080
-121.205900	0.030359
-120.214400	0.031456
-119.204700	0.033341
-118.209600	0.034506
-117.195400	0.035438
-116.189100	0.034821
-115.219400	0.033851
-114.239200	0.033548
-113.236600	0.033565
-112.219800	0.034633
-111.188400	0.034920
-110.192800	0.035691
-109.218800	0.037153
-108.233200	0.038060
-107.224800	0.039915
-106.203500	0.040405
-105.173700	0.040120
-104.166700	0.040059
-103.161400	0.039322
-102.156100	0.039101
-101.163500	0.039377
-100.178600	0.039470
-99.190250	0.040023
-98.210780	0.040774
-97.234790	0.042193
-96.224780	0.043549
-95.226070	0.044236
-94.203930	0.045455
-93.196750	0.045691
-92.200030	0.045256
-91.216100	0.045288
-90.251160	0.044876
-89.247100	0.044701
-88.266890	0.045632
-87.263500	0.046622
-86.260280	0.047759
-85.250300	0.049011
-84.217610	0.050034
-83.205060	0.050295
-82.208300	0.050688
-81.214770	0.052101
-80.225450	0.052710
-79.238300	0.053086
-78.224560	0.052930
-77.220920	0.052348
-76.239970	0.052839
-75.246370	0.054028
-74.241320	0.056037
-73.252410	0.056866
-72.253650	0.057159
-71.243940	0.057186
-70.265190	0.057407
-69.266580	0.058772
-68.242870	0.059920
-67.232940	0.060765
-66.208560	0.059941
-65.211480	0.058456
-64.228640	0.057697
-63.246090	0.058164
-62.252030	0.059350
-61.226850	0.060701
-60.195430	0.061840
-59.196900	0.062384
-58.218940	0.063475
-57.231810	0.064851
-56.248120	0.065584
-55.238330	0.065952
-54.208540	0.065761
-53.192080	0.065249
-52.194330	0.064926
-51.195290	0.065402
-50.229690	0.066060
-49.252110	0.067132
-48.235180	0.068728
-47.234050	0.070144
-46.209800	0.071328
-45.218140	0.071882
-44.251110	0.072104
-43.267810	0.072338
-42.270370	0.072265
-41.255070	0.072368
-40.249570	0.072637
-39.233770	0.072979
-38.248340	0.073941
-37.260680	0.075519
-36.245330	0.076784
-35.239730	0.078134
-34.216540	0.079469
-33.206550	0.080107
-32.229100	0.081033
-31.226750	0.082727
-30.233390	0.083501
-29.204220	0.083922
-28.202430	0.083587
-27.210770	0.082510
-26.219060	0.082996
-25.243310	0.083842
-24.232120	0.085825
-23.245640	0.087337
-22.249390	0.087493
-21.286460	0.088466
-20.302820	0.089270
-19.281550	0.091417
-18.274860	0.093537
-17.242260	0.094533
-16.223760	0.094960
-15.237860	0.094560
-14.228520	0.094742
-13.226040	0.095657
-12.225550	0.096653
-11.221340	0.097094
-10.220100	0.098274
-9.224640	0.098876
-8.240011	0.100004
-7.245476	0.101939
-6.259955	0.101873
-5.253995	0.103037
-4.239450	0.102922
-3.235273	0.102796
-2.260534	0.105247
-1.298342	0.106303
-0.349525	0.108119
0.597906	0.109197
1.574808	0.109531
2.581809	0.110716
3.583262	0.112550
4.595677	0.114277
5.584962	0.115268
6.544925	0.116815
7.540632	0.117854
8.535480	0.119165
9.561913	0.119945
10.567380	0.120624
11.567640	0.121824
12.562100	0.122743
13.546920	0.124956
14.555770	0.126323
15.568160	0.128086
16.585660	0.130248
17.602070	0.132458
18.619060	0.135294
19.610850	0.136817
20.594620	0.137785
21.607680	0.138687
22.589850	0.139220
23.577100	0.140635
24.585520	0.141900
25.564800	0.143630
26.551790	0.145470
27.544080	0.147318
28.528420	0.150432
29.518460	0.153476
30.522670	0.156757
31.523640	0.159930
32.528270	0.161717
33.549200	0.163049
34.578480	0.164051
35.585110	0.165389
36.578420	0.167335
37.568650	0.170003
38.509660	0.172065
39.517440	0.174288
40.514630	0.177374
41.509540	0.180009
42.545520	0.183822
43.527840	0.186370
44.550670	0.189077
45.547860	0.191119
46.557010	0.193119
47.578640	0.196168
48.577190	0.198831
49.562240	0.202357
50.538750	0.206258
51.509090	0.210162
52.494750	0.214300
53.498350	0.218802
54.508550	0.222588
55.535270	0.226365
56.535800	0.230535
57.553590	0.233792
58.546620	0.237610
59.537170	0.242062
60.531270	0.246784
61.496730	0.251721
62.508440	0.257529
63.518850	0.263485
64.521550	0.269374
65.541790	0.275704
66.543570	0.282681
67.534410	0.288472
68.523100	0.294478
69.503400	0.300987
70.484630	0.305625
71.478240	0.311739
72.485120	0.318711
73.523150	0.325447
74.539320	0.333773
75.517750	0.340835
76.524100	0.348799
77.499570	0.356078
78.470880	0.363668
79.494580	0.373989
80.475070	0.383030
81.470840	0.393403
82.492650	0.404745
83.477200	0.413187
84.488910	0.422768
85.507020	0.433093
86.502230	0.442358
87.517320	0.452784
88.497950	0.463371
89.471680	0.474039
90.450410	0.486310
91.444360	0.500255
92.468500	0.515861
93.477010	0.531364
94.494480	0.546300
95.494900	0.561339
96.492980	0.574910
97.510790	0.589964
98.527180	0.605993
99.545160	0.620695
100.537100	0.636757
101.516300	0.653829
102.511700	0.670923
103.506800	0.691228
104.526500	0.713476
105.530700	0.734628
106.521100	0.757270
107.498100	0.778229
108.474300	0.797347
109.455600	0.818485
110.457100	0.841214
111.460600	0.866765
112.450300	0.892360
113.469200	0.921740
114.466400	0.951498
115.459300	0.978046
116.470900	1.009076
117.473800	1.038581
118.466800	1.065466
119.476200	1.097390
120.479600	1.128613
121.464400	1.158720
122.459800	1.194745
123.466400	1.233483
124.487100	1.272923
125.485000	1.312045
126.485400	1.350527
127.469800	1.387316
128.412900	1.420421
129.387700	1.459995
130.378000	1.507214
131.378200	1.549600
132.382700	1.598870
133.415100	1.650170
134.419400	1.693038
135.427000	1.743609
136.446400	1.797076
137.442600	1.847914
138.441500	1.898906
139.428600	1.950149
140.428000	2.001722
141.418500	2.055369
142.418200	2.118248
143.430600	2.187068
144.431300	2.251258
145.451000	2.315480
146.476800	2.381845
147.468000	2.435174
148.456400	2.496178
149.455500	2.563854
150.432700	2.628953
151.423800	2.702362
152.398700	2.776115
153.390400	2.848406
154.396600	2.922227
155.374800	2.997785
156.415700	3.076971
157.408200	3.150954
158.378100	3.225695
159.408900	3.302236
160.384900	3.377180
161.387100	3.459131
162.412600	3.551360
163.404100	3.639628
164.399100	3.726815
165.396400	3.815578
166.382100	3.893841
167.370800	3.979100
168.394900	4.072960
169.405500	4.163772
170.419300	4.257700
171.427900	4.346519
172.426200	4.431030
173.420700	4.511062
174.412600	4.596763
175.427700	4.689819
176.415600	4.774931
177.402600	4.866615
178.419700	4.964455
179.422100	5.048714
180.426800	5.142252
181.437400	5.237535
182.412900	5.314485
183.386500	5.395347
184.384900	5.475582
185.358900	5.550879
186.350900	5.636858
187.372000	5.728320
188.376700	5.827523
189.395800	5.919303
190.427300	6.004050
191.422700	6.086526
192.429700	6.151494
193.428400	6.218757
194.426500	6.296940
195.425900	6.361684
196.410800	6.431665
197.412000	6.509784
198.399000	6.575959
199.421300	6.653200
200.449700	6.728982
201.480200	6.792023
202.502700	6.847889
203.470900	6.889760
204.442500	6.930875
205.420800	6.974255
206.394100	7.020507
207.406700	7.080966
208.403100	7.131219
209.390300	7.175324
210.404200	7.220618
211.381300	7.249247
212.379200	7.280652
213.396700	7.312966
214.384000	7.336332
215.400100	7.364194
216.419000	7.386744
217.411300	7.412053
218.404900	7.440752
219.397900	7.464513
220.378200	7.487168
221.368500	7.498787
222.379000	7.500069
223.379600	7.501673
224.385400	7.500617
225.377900	7.502192
226.376500	7.514186
227.382800	7.516642
228.370100	7.521094
229.391400	7.522334
230.386800	7.507348
231.377200	7.500308
232.384600	7.485491
233.351200	7.465421
234.323700	7.449914
235.299900	7.429285
236.278100	7.410794
237.284400	7.394092
238.299800	7.381054
239.336900	7.371007
240.354100	7.351589
241.355600	7.329013
242.370700	7.302887
243.351400	7.263198
244.345100	7.232883
245.355700	7.206060
246.331300	7.169884
247.320800	7.143240
248.328100	7.117444
249.314000	7.085098
250.338100	7.057403
251.358000	7.028591
252.374800	6.993106
253.375900	6.951868
254.358300	6.910327
255.350000	6.871936
256.318300	6.831576
257.310900	6.797919
258.330500	6.768565
259.329400	6.729415
260.335500	6.691836
261.337200	6.655840
262.304700	6.612011
263.289100	6.572246
264.284200	6.534730
265.271700	6.496889
266.273400	6.459270
267.280700	6.425202
268.282200	6.389924
269.288800	6.352704
270.297500	6.314370
271.317700	6.278394
272.317000	6.237946
273.309300	6.196389
274.299800	6.160569
275.268200	6.120333
276.263700	6.084804
277.262900	6.054626
278.275800	6.020921
279.297600	5.988964
280.318800	5.954664
281.321800	5.918146
282.316700	5.881258
283.306500	5.843896
284.274000	5.808500
285.277300	5.773597
286.259100	5.739024
287.251200	5.707587
288.268300	5.677791
289.271500	5.648623
290.310200	5.621115
291.310600	5.590760
292.310400	5.558503
293.326000	5.526729
294.289800	5.493010
295.296800	5.463204
296.300800	5.433006
297.285900	5.403143
298.291000	5.375695
299.274400	5.346748
300.267800	5.318466
301.279700	5.289865
302.306900	5.261048
303.336700	5.235555
304.352200	5.209163
305.350500	5.183392
306.337300	5.158223
307.307400	5.130876
308.294600	5.104967
309.279200	5.080256
310.267200	5.051791
311.280000	5.026822
312.282800	5.002935
313.277200	4.977809
314.275000	4.956213
315.255900	4.933424
316.248600	4.910925
317.243300	4.889698
318.250200	4.867285
319.276400	4.845975
320.265900	4.823489
321.283800	4.802766
322.279500	4.784925
323.273000	4.762082
324.304000	4.741426
325.291200	4.720567
326.277500	4.697879
327.261600	4.679911
328.263700	4.662500
329.277500	4.643898
330.294400	4.624785
331.311200	4.605690
332.292100	4.585114
333.290100	4.564822
334.283800	4.546542
335.276100	4.528486
336.257600	4.510702
337.247600	4.494094
338.247400	4.479213
339.239000	4.463170
340.255400	4.447845
341.272400	4.432906
342.294400	4.415146
343.288800	4.398620
344.283100	4.382090
345.259200	4.365589
346.244800	4.349955
347.252100	4.334732
348.249800	4.321522
349.260800	4.307914
350.252900	4.294490
351.277800	4.281877
352.293900	4.267567
353.291400	4.254003
354.314400	4.242348
355.326000	4.229315
356.310100	4.215992
357.319200	4.202230
358.301500	4.187143
359.276300	4.173706
360.290200	4.161065
361.295000	4.149630
362.300200	4.137788
363.277000	4.125267
364.261400	4.113620
365.225200	4.102084
366.193700	4.092194
367.226700	4.083150
368.239300	4.072596
369.254100	4.061119
370.285800	4.049063
371.261500	4.036971
372.261200	4.026238
373.272500	4.015777
374.258800	4.005180
375.269900	3.995024
376.251600	3.985299
377.242400	3.976009
378.250400	3.967989
379.259100	3.959442
380.282800	3.950347
381.298400	3.941326
382.291900	3.931372
383.280900	3.921167
384.259300	3.911419
385.222400	3.902410
386.227300	3.894105
387.219200	3.886301
388.213700	3.878838
389.252500	3.871076
390.247300	3.862653
391.244800	3.855248
392.263200	3.847255
393.256300	3.839172
394.259300	3.830889
395.272200	3.821882
396.261300	3.813223
397.250100	3.805341
398.256500	3.798407
399.271200	3.791970
400.277600	3.785603
401.283800	3.778751
402.283400	3.771679
403.278200	3.764615
404.292900	3.758274
405.309300	3.751750
406.311900	3.744385
407.314800	3.736333
408.299900	3.728305
409.299100	3.720913
410.291900	3.713868
411.287000	3.707741
412.285400	3.701300
413.269300	3.694407
414.261900	3.687741
415.249400	3.681720
416.245000	3.676463
417.254200	3.671452
418.254800	3.666110
419.257800	3.659486
420.258700	3.651721
421.251000	3.644412
422.246600	3.637515
423.216700	3.631380
424.225300	3.625644
425.211000	3.620075
426.192800	3.614785
427.200700	3.609847
428.197400	3.604676
429.209700	3.599609
430.218300	3.593982
431.259600	3.588314
432.244000	3.582197
433.223500	3.575335
434.224600	3.569774
435.194300	3.563634
436.189000	3.558697
437.205500	3.554134
438.203500	3.549392
439.185500	3.545333
440.199900	3.540789
441.197100	3.536547
442.188800	3.531755
443.200200	3.526786
444.180000	3.521474
445.173900	3.515756
446.172700	3.510120
447.159600	3.505087
448.162400	3.500741
449.157200	3.496857
450.184600	3.493528
451.200100	3.489220
452.205000	3.484345
453.216200	3.480180
454.194100	3.475385
455.191000	3.471147
456.197800	3.467909
457.200500	3.463844
458.196000	3.459381
459.210900	3.455472
460.207000	3.451247
461.195800	3.446549
462.189100	3.443863
463.169700	3.440348
464.146800	3.435021
465.135300	3.431889
466.159700	3.426794
467.151600	3.421564
468.159500	3.418723
469.157900	3.414629
470.138200	3.411285
471.141600	3.408688
472.142500	3.405086
473.136900	3.402395
474.147200	3.400042
475.144800	3.396612
476.158500	3.393453
477.160000	3.389503
478.150600	3.385665
479.158000	3.383793
480.156100	3.381610
481.185000	3.378856
482.205400	3.375463
483.219400	3.371100
484.212300	3.367212
485.192300	3.363855
486.176300	3.360637
487.167700	3.357753
488.166700	3.354227
489.164100	3.351291
490.146000	3.349021
491.134800	3.347153
492.124500	3.346046
493.121400	3.343232
494.139900	3.339912
495.150700	3.336342
496.166600	3.332416
497.185500	3.329843
498.206700	3.327451
499.190000	3.324428
500.178600	3.322248
501.163200	3.319738
502.139700	3.317595
503.166700	3.316172
504.177700	3.314150
505.174600	3.311737
506.180900	3.309001
507.187200	3.306509
508.187100	3.303589
509.208900	3.301594
510.205100	3.299899
511.185100	3.297470
512.188200	3.295800
513.179900	3.295243
514.202600	3.293537
515.192600	3.291139
516.195200	3.289109
517.196900	3.285705
518.159200	3.282624
519.144800	3.280967
520.142400	3.278580
521.124800	3.276307
522.135400	3.274843
523.156300	3.273657
524.151100	3.272573
525.164600	3.271326
526.150300	3.270068
527.162600	3.268241
528.153700	3.267164
529.149000	3.266625
530.165000	3.266052
531.155600	3.263881
532.175300	3.261439
533.183100	3.259345
534.175500	3.257143
535.173300	3.256414
536.165900	3.255941
537.135100	3.254856
538.117100	3.253280
539.092700	3.252115
540.067500	3.251293
541.071200	3.250451
542.078000	3.250111
543.091100	3.248652
544.113300	3.246269
545.126300	3.243556
546.147600	3.242102
547.141300	3.240911
548.123300	3.239498
549.127100	3.238885
550.104800	3.237652
551.081600	3.237381
552.079200	3.237551
553.080400	3.237321
554.096700	3.236501
555.133500	3.234508
556.146300	3.232352
557.142200	3.230068
558.146600	3.227787
559.155400	3.227333
560.168700	3.227306
561.171000	3.227029
562.164100	3.227578
563.161200	3.227466
564.140100	3.227366
565.146400	3.228044
566.152800	3.227977
567.136500	3.227449
568.147700	3.226468
569.129100	3.224851
570.133100	3.223762
571.120200	3.222828
572.111600	3.222302
573.111300	3.222844
574.091000	3.222704
575.098400	3.222980
576.100000	3.223405
577.108900	3.223182
578.101300	3.224771
579.104600	3.225644
580.090000	3.226011
581.077300	3.226253
582.089400	3.224309
583.093500	3.223421
584.123800	3.223254
585.146900	3.223218
586.148800	3.223842
587.132700	3.224057
588.108900	3.223018
589.082500	3.222784
590.060000	3.223536
591.085400	3.225239
592.080700	3.227061
593.090000	3.227530
594.117600	3.227709
595.098700	3.226199
596.107800	3.226299
597.121000	3.227631
598.085100	3.227313
598.630700	3.214693
598.681000	3.195228
598.191800	3.170238
597.235400	3.142566
596.238800	3.124564
595.217800	3.108951
594.223000	3.094760
593.240800	3.080413
592.215900	3.066231
591.215700	3.053489
590.207900	3.041227
589.208100	3.030560
588.241600	3.020371
587.256700	3.009363
586.270400	2.999271
585.270100	2.989369
584.233000	2.979587
583.221400	2.970316
582.218500	2.960541
581.224200	2.950784
580.233300	2.941776
579.228200	2.933042
578.229000	2.925207
577.223000	2.917262
576.244900	2.908665
575.267600	2.901757
574.278100	2.893092
573.271200	2.884408
572.271500	2.877232
571.238900	2.869127
570.235900	2.862470
569.245100	2.855950
568.235000	2.848758
567.249300	2.841258
566.257000	2.834414
565.277000	2.828633
564.293800	2.822497
563.324600	2.816504
562.339400	2.811053
561.313500	2.803613
560.305300	2.796897
559.281400	2.790019
558.269300	2.782969
557.278100	2.778151
556.263900	2.772724
555.239500	2.767246
554.217500	2.760626
553.211300	2.753913
552.215800	2.747391
551.246100	2.740708
550.250100	2.735141
549.264400	2.729604
548.254000	2.723942
547.239500	2.719224
546.269600	2.714897
545.266800	2.709576
544.286300	2.705069
543.285000	2.700010
542.260300	2.694220
541.253100	2.688766
540.240800	2.682841
539.226300	2.678641
538.224600	2.674445
537.219800	2.671107
536.236300	2.667037
535.262100	2.660959
534.297900	2.654895
533.309700	2.648883
532.306200	2.643626
531.303400	2.638504
530.276500	2.633814
529.269000	2.628850
528.258500	2.624276
527.245100	2.620276
526.235000	2.616946
525.249800	2.613216
524.277400	2.609499
523.316100	2.605942
522.345300	2.601275
521.337000	2.596856
520.320600	2.593511
519.317600	2.589971
518.296400	2.586655
517.313900	2.583077
516.316400	2.577149
515.322100	2.571064
514.338000	2.565591
513.323100	2.560084
512.345000	2.556615
511.331700	2.552927
510.318800	2.548736
509.316400	2.545029
508.293300	2.540930
507.297000	2.537520
506.302400	2.534536
505.313200	2.531458
504.313200	2.528043
503.312300	2.524399
502.303300	2.520337
501.307700	2.517342
500.307700	2.513980
499.316100	2.510588
498.314700	2.506977
497.303700	2.501742
496.282800	2.497122
495.263100	2.492750
494.262300	2.489012
493.279400	2.485619
492.298200	2.482293
491.286900	2.478472
490.272600	2.474486
489.260200	2.470834
488.266500	2.467189
487.277500	2.464197
486.297500	2.461875
485.326600	2.459521
484.344900	2.456331
483.352900	2.453432
482.349200	2.449569
481.310000	2.446101
480.298800	2.443527
479.303600	2.439993
478.314900	2.436495
477.313200	2.432571
476.312000	2.429044
475.315000	2.426116
474.325000	2.423446
473.338700	2.420966
472.358800	2.418080
471.341100	2.414433
470.327200	2.411266
469.322300	2.408148
468.302900	2.404575
467.293900	2.402249
466.305300	2.399220
465.323900	2.396312
464.322400	2.393416
463.357300	2.389732
462.369400	2.386594
461.356300	2.383134
460.372200	2.380077
459.377100	2.377509
458.354600	2.374487
457.337900	2.371922
456.306700	2.369753
455.282700	2.367039
454.294100	2.365170
453.328400	2.363048
452.351700	2.360147
451.352400	2.357320
450.344300	2.353992
449.319500	2.350704
448.314900	2.348044
447.323900	2.346429
446.343200	2.344056
445.359300	2.341346
444.355700	2.338403
443.354700	2.334435
442.341400	2.331122
441.321000	2.327578
440.326200	2.324668
439.307900	2.322325
438.301000	2.319844
437.306000	2.318187
436.307200	2.316240
435.322200	2.314527
434.345600	2.312941
433.364400	2.310873
432.360700	2.308537
431.354600	2.305194
430.318700	2.302719
429.321200	2.300534
428.299400	2.298389
427.323600	2.297090
426.347600	2.293669
425.335200	2.290691
424.375900	2.287697
423.370200	2.284450
422.374000	2.282219
421.391700	2.280001
420.388100	2.276983
419.374500	2.273986
418.387300	2.271996
417.385300	2.269279
416.398500	2.267355
415.433300	2.265467
414.433000	2.262620
413.441700	2.260249
412.432800	2.257771
411.423400	2.255550
410.411000	2.253939
409.419600	2.252937
408.429400	2.251667
407.437600	2.249146
406.446700	2.246258
405.437100	2.242416
404.431700	2.238674
403.419500	2.235699
402.414400	2.233549
401.412700	2.230021
400.397500	2.226715
399.391600	2.223895
398.390700	2.219982
397.390300	2.218432
396.405100	2.217257
395.410500	2.215853
394.420900	2.214278
393.414500	2.211208
392.426500	2.208323
391.418200	2.205586
390.403700	2.203653
389.411000	2.202282
388.377500	2.199510
387.357100	2.196367
386.360400	2.193208
385.356200	2.189678
384.373700	2.187827
383.416000	2.185303
382.419000	2.182754
381.415900	2.179646
380.391400	2.175391
379.389300	2.172776
378.392100	2.169461
377.389500	2.166945
376.424600	2.165562
375.412400	2.162748
374.402700	2.160002
373.421600	2.157495
372.414500	2.153816
371.421000	2.150854
370.447500	2.148157
369.442000	2.144411
368.430000	2.140826
367.424900	2.137158
366.408300	2.133703
365.413800	2.131326
364.432100	2.128876
363.442900	2.126137
362.435800	2.123268
361.413800	2.119560
360.422300	2.116210
359.400800	2.113037
358.406100	2.109555
357.418400	2.107089
356.420200	2.103719
355.453200	2.100005
354.459000	2.096710
353.467600	2.092421
352.433700	2.088676
351.412400	2.084685
350.414800	2.079986
349.412500	2.075605
348.418300	2.071040
347.405400	2.066798
346.404400	2.063700
345.396000	2.060414
344.402300	2.057082
343.399200	2.053221
342.396900	2.048169
341.392800	2.043183
340.379100	2.037666
339.385800	2.033020
338.377700	2.028622
337.368400	2.024603
336.384000	2.021531
335.395400	2.017294
334.400000	2.012348
333.422000	2.007361
332.446900	2.001084
331.456200	1.994899
330.450500	1.988781
329.431500	1.982514
328.413600	1.976534
327.378800	1.970672
326.381300	1.965988
325.408600	1.961638
324.390900	1.955774
323.430500	1.950442
322.440800	1.943823
321.404900	1.935315
320.427600	1.928987
319.441100	1.922373
318.439300	1.915888
317.464200	1.910746
316.467100	1.903187
315.442300	1.895101
314.447500	1.886253
313.454700	1.876970
312.451500	1.869008
311.428300	1.859786
310.414800	1.851480
309.406500	1.843923
308.415100	1.834951
307.443200	1.827552
306.476400	1.821094
305.498100	1.811409
304.484000	1.802194
303.494800	1.792212
302.468400	1.779339
301.451100	1.767987
300.459500	1.757080
299.450700	1.747232
298.463100	1.737135
297.471300	1.726943
296.468000	1.715664
295.471000	1.701900
294.464300	1.688053
293.466000	1.675242
292.464600	1.659156
291.466200	1.643013
290.451400	1.627892
289.430700	1.611255
288.410800	1.597082
287.395700	1.584599
286.417400	1.569740
285.411300	1.554465
284.418500	1.540403
283.432600	1.524750
282.426400	1.507541
281.446500	1.489129
280.470900	1.470862
279.467700	1.449527
278.475800	1.429408
277.474100	1.411432
276.463600	1.387714
275.454100	1.367921
274.431000	1.346759
273.422500	1.321098
272.409600	1.298813
271.413800	1.271772
270.419800	1.245624
269.430700	1.222206
268.453400	1.196577
267.447600	1.171006
266.444200	1.143418
265.436600	1.117074
264.438000	1.091236
263.444200	1.062286
262.463400	1.033645
261.492300	1.002421
260.485500	0.965478
259.469500	0.932455
258.472000	0.898410
257.445400	0.861021
256.446300	0.830013
255.498100	0.795612
254.488400	0.757828
253.500400	0.720020
252.504700	0.675652
251.477300	0.627276
250.468600	0.582075
249.468200	0.536397
248.477300	0.492726
247.478300	0.448978
246.489000	0.407513
245.514300	0.366358
244.507500	0.317980
243.510600	0.273218
242.525000	0.222958
241.518500	0.163114
240.501900	0.106551
239.488500	0.048840
238.473400	-0.012594
237.447700	-0.065165
236.447100	-0.116270
235.466600	-0.170490
234.491700	-0.226642
233.505200	-0.286501
232.528500	-0.347860
231.528200	-0.417770
230.513500	-0.482653
229.535700	-0.542799
228.517200	-0.616087
227.513500	-0.679949
226.523800	-0.741119
225.493900	-0.812765
224.515200	-0.876863
223.529900	-0.947855
222.527400	-1.033712
221.544500	-1.124813
220.546900	-1.212437
219.532400	-1.292995
218.531300	-1.367410
217.537300	-1.431774
216.549500	-1.490511
215.568100	-1.561566
214.566600	-1.634828
213.568700	-1.705150
212.559200	-1.791667
211.533900	-1.875014
210.535900	-1.950636
209.515900	-2.034250
208.501400	-2.112311
207.521900	-2.182681
206.519900	-2.255006
205.550700	-2.322992
204.585300	-2.393620
203.617100	-2.467528
202.639100	-2.551639
201.618100	-2.645696
200.602100	-2.731921
199.568000	-2.820203
198.562900	-2.900017
197.577900	-2.963718
196.578000	-3.032609
195.568300	-3.099541
194.565000	-3.165187
193.556200	-3.238496
192.557700	-3.308700
191.568100	-3.381284
190.561500	-3.457419
189.560100	-3.526270
188.545200	-3.598229
187.548600	-3.659750
186.555500	-3.713974
185.543200	-3.771291
184.564800	-3.823184
183.548300	-3.882756
182.548200	-3.943352
181.554300	-4.002875
180.547700	-4.063629
179.557800	-4.113757
178.558900	-4.158415
177.554900	-4.205755
176.572600	-4.241203
175.573300	-4.279988
174.568200	-4.323492
173.586500	-4.356033
172.571000	-4.397636
171.582900	-4.439109
170.588300	-4.475115
169.565300	-4.508331
168.563000	-4.530807
167.526900	-4.550584
166.531100	-4.565069
165.568700	-4.579088
164.574400	-4.604523
163.626200	-4.625646
162.606800	-4.645472
161.581500	-4.673945
160.571300	-4.687287
159.531700	-4.694732
158.545500	-4.705841
157.534400	-4.705704
156.534900	-4.702188
155.569300	-4.699445
154.567300	-4.694180
153.585700	-4.687180
152.598400	-4.683177
151.597400	-4.685839
150.602400	-4.684834
149.609900	-4.679676
148.601500	-4.680407
147.585200	-4.669744
146.585200	-4.651351
145.582200	-4.641772
144.588500	-4.622358
143.591300	-4.603106
142.592800	-4.590055
141.585000	-4.573862
140.564200	-4.555439
139.544600	-4.536412
138.532500	-4.518099
137.512300	-4.495496
136.520600	-4.467611
135.554900	-4.442626
134.565500	-4.414004
133.604000	-4.381808
132.594400	-4.365005
131.571900	-4.342219
130.573400	-4.316252
129.567100	-4.293480
128.584000	-4.262323
127.595400	-4.228555
126.602300	-4.199633
125.584900	-4.169959
124.579100	-4.141018
123.581100	-4.112825
122.575900	-4.084124
121.575200	-4.054501
120.580800	-4.021191
119.597400	-3.991983
118.574600	-3.960301
117.587700	-3.927815
116.605500	-3.896175
115.601400	-3.862848
114.621200	-3.830138
113.615000	-3.803280
112.589900	-3.773488
111.563400	-3.744495
110.569300	-3.715804
109.597400	-3.682981
108.585900	-3.652662
107.613900	-3.622803
106.623900	-3.590713
105.620700	-3.560384
104.667600	-3.529264
103.679100	-3.499018
102.688100	-3.471587
101.684400	-3.443640
100.676000	-3.418988
99.651400	-3.392868
98.638060	-3.365590
97.632070	-3.336987
96.627790	-3.305730
95.649280	-3.277336
94.645970	-3.250996
93.652330	-3.225878
92.640350	-3.202580
91.635770	-3.178122
90.623980	-3.153519
89.604970	-3.128622
88.615400	-3.102363
87.588380	-3.077025
86.602740	-3.050912
85.617930	-3.023864
84.619310	-2.999095
83.637180	-2.973276
82.642650	-2.947634
81.640660	-2.926380
80.649920	-2.903470
79.665820	-2.879982
78.659900	-2.857251
77.660060	-2.832698
76.658330	-2.809408
75.646470	-2.789291
74.660020	-2.770383
73.670060	-2.751720
72.660640	-2.732170
71.657170	-2.712516
70.633790	-2.692151
69.615330	-2.671708
68.610020	-2.653013
67.596040	-2.633228
66.605510	-2.613025
65.614460	-2.593944
64.628190	-2.574099
63.648000	-2.554632
62.668930	-2.536782
61.680270	-2.518200
60.682820	-2.498744
59.682500	-2.479863
58.662330	-2.461856
57.649810	-2.445117
56.650960	-2.429603
55.665570	-2.414356
54.681050	-2.398145
53.698590	-2.381255
52.693320	-2.365182
51.672280	-2.349465
50.673820	-2.334316
49.682950	-2.319970
48.698360	-2.304912
47.708380	-2.289790
46.703240	-2.275048
45.690910	-2.259993
44.671280	-2.245283
43.682470	-2.230473
42.680850	-2.216175
41.686800	-2.202391
40.693190	-2.187631
39.692660	-2.174641
38.691390	-2.161351
37.688770	-2.148616
36.674220	-2.136711
35.666460	-2.123879
34.674450	-2.110512
33.651270	-2.097583
32.658400	-2.084758
31.668370	-2.072581
30.642450	-2.060932
29.649220	-2.048117
28.648200	-2.035651
27.626930	-2.022778
26.658000	-2.009732
25.669400	-1.997618
24.691920	-1.985965
23.728320	-1.974628
22.718930	-1.964265
21.738480	-1.953928
20.751620	-1.944068
19.740970	-1.934025
18.760270	-1.924273
17.762300	-1.914446
16.746070	-1.904412
15.753550	-1.893974
14.745920	-1.882909
13.733980	-1.872015
12.729460	-1.860943
11.734120	-1.851335
10.729820	-1.841698
9.717871	-1.832162
8.709781	-1.823190
7.677288	-1.813354
6.684536	-1.803680
5.716335	-1.794005
4.736875	-1.785119
3.755415	-1.776560
2.751882	-1.768230
1.720628	-1.760699
0.734431	-1.752510
-0.247540	-1.743810
-1.202566	-1.734375
-2.123861	-1.725302
-3.099657	-1.715426
-4.073702	-1.705862
-5.077219	-1.697860
-6.118099	-1.689289
-7.105122	-1.681562
-8.107714	-1.674487
-9.119089	-1.667002
-10.092460	-1.659368
-11.121220	-1.650963
-12.099010	-1.641769
-13.078570	-1.633197
-14.088410	-1.625570
-15.069060	-1.619286
-16.082880	-1.613324
-17.100960	-1.607669
-18.103650	-1.601717
-19.122430	-1.594903
-20.133960	-1.588060
-21.146610	-1.580693
-22.175590	-1.572227
-23.160270	-1.564454
-24.163060	-1.557483
-25.144660	-1.550530
-26.111960	-1.545800
-27.126750	-1.539606
-28.136470	-1.533856
-29.132120	-1.527222
-30.127260	-1.518338
-31.113460	-1.510452
-32.107850	-1.502409
-33.118210	-1.496287
-34.130500	-1.492391
-35.133910	-1.486852
-36.127130	-1.482496
-37.145270	-1.477323
-38.136690	-1.469676
-39.148530	-1.465357
-40.145980	-1.459727
-41.123280	-1.454152
-42.127280	-1.448633
-43.123960	-1.442316
-44.153150	-1.435405
-45.136920	-1.428716
-46.121250	-1.423237
-47.116860	-1.417791
-48.080960	-1.412187
-49.106390	-1.405165
-50.116200	-1.397962
-51.112780	-1.392088
-52.110390	-1.387313
-53.083910	-1.383867
-54.078240	-1.380463
-55.073880	-1.375386
-56.090190	-1.370255
-57.092980	-1.365530
-58.097760	-1.361434
-59.097990	-1.358325
-60.112870	-1.354137
-61.128270	-1.349368
-62.127510	-1.345111
-63.134820	-1.339727
-64.099690	-1.335337
-65.101040	-1.331033
-66.102320	-1.326356
-67.095000	-1.321798
-68.107550	-1.317147
-69.106560	-1.311949
-70.115080	-1.307399
-71.106820	-1.303790
-72.122120	-1.300868
-73.133980	-1.298164
-74.108020	-1.294006
-75.120410	-1.289457
-76.086680	-1.283611
-77.047630	-1.278118
-78.075770	-1.273772
-79.070300	-1.270064
-80.094510	-1.265839
-81.106440	-1.261963
-82.107630	-1.257650
-83.117000	-1.252709
-84.095230	-1.248617
-85.098190	-1.244814
-86.098360	-1.240962
-87.081340	-1.236887
-88.085610	-1.234964
-89.089000	-1.232056
-90.055370	-1.229305
-91.075070	-1.227766
-92.081950	-1.224975
-93.066250	-1.222115
-94.090410	-1.219461
-95.053540	-1.215200
-96.030860	-1.210621
-97.036320	-1.206963
-98.014430	-1.202834
-99.025790	-1.200180
-100.048200	-1.197218
-101.057100	-1.194166
-102.068100	-1.191305
-103.050000	-1.187488
-104.024800	-1.185009
-105.016200	-1.182109
-106.018700	-1.179266
-107.027100	-1.177238
-108.043100	-1.174259
-109.049400	-1.171861
-110.053400	-1.169978
-111.091500	-1.167055
-112.101300	-1.163932
-113.095700	-1.160472
-114.095900	-1.155795
-115.067700	-1.151986
-116.073000	-1.148129
-117.077600	-1.145638
-118.077800	-1.144764
-119.105000	-1.143113
-120.100700	-1.142509
-121.121700	-1.140563
-122.112300	-1.137335
-123.088600	-1.134894
-124.058500	-1.132172
-125.024600	-1.130129
-126.013600	-1.129671
-127.013000	-1.129095
-128.032400	-1.127930
-129.030700	-1.126408
-130.042500	-1.123401
-131.053200	-1.120850
-132.061800	-1.118642
-133.084800	-1.116211
-134.089100	-1.114456
-135.074100	-1.112060
-136.066600	-1.109880
-137.049500	-1.108085
-138.043800	-1.106398
-139.048100	-1.104880
-140.059100	-1.102586
-141.034700	-1.098805
-142.036700	-1.094725
-143.032200	-1.091020
-144.016400	-1.089772
-145.032000	-1.090163
-146.020800	-1.090711
-147.001400	-1.090865
-147.988800	-1.089595
-148.993000	-1.089231
-150.015300	-1.088082
-151.050300	-1.087788
-152.062000	-1.086703
-153.053300	-1.083780
-154.024100	-1.081154
-155.012600	-1.079031
-156.003500	-1.077684
-157.019300	-1.076790
-158.057600	-1.076857
-159.060600	-1.074829
-160.053800	-1.072351
-161.033800	-1.070028
-162.001600	-1.068254
-163.003200	-1.068635
-164.011400	-1.069497
-165.017500	-1.070424
-166.023300	-1.071097
-167.020400	-1.070034
-168.023200	-1.069850
-169.045000	-1.069799
-170.045900	-1.068763
-171.038800	-1.068126
-172.050600	-1.066155
-173.029000	-1.063483
-174.033500	-1.062150
-175.043600	-1.061614
-176.038400	-1.060636
-177.044300	-1.060467
-178.047200	-1.060418
-179.013600	-1.059897
-179.997200	-1.060382
-180.997700	-1.061611
-181.981300	-1.061947
-182.988000	-1.062291
-183.999700	-1.062864
-184.999400	-1.061598
-186.004900	-1.060264
-187.030300	-1.061222
-188.027100	-1.060510
-189.009700	-1.058526
-190.001000	-1.060124
-190.962600	-1.056662
-191.951600	-1.056725
-192.954000	-1.057613
-193.974400	-1.056058
-195.009500	-1.056917
-196.009300	-1.055677
-197.024300	-1.054764
