"Version:",9
"Fecha:","05-18-2016"
"Hora:","16:57:57"
"Operador:",""
"HP:",0
"vitramo(6)",-200
"vitramo(7)",-200
"MaxCh",0
"Método:",0
"Técnica:","2-VC",2
"Vinicial:",-200
"Vfinal:",600
"ScanRate:",50
"Rango:",4
"FiltroHard:",1
"SampleRate:",50
"RampStep:",1
"NumCiclos:",1
"AcqConf:",0
"ScanDir:",-32000
"ICellCond.",2
"SoftFilter:",1
"Loop Ini",4
"CountV:",1600
"CountI:",1600
"CountI2:",0
"Xfreq:",10
"SamplesSec",50
20
1,1,0,0,0
0,0,0,0,0
0,0,0,0,0
0,0,0,0,0
0,0,0,0,0
0,0,0,0,0
0,0,0,0,0
0,0,0,0,0
0,0,0,0,0
0,0,0,0,0
0,0,0,0,0
0,0,0,0,0
0,0,0,0,0
0,0,0,0,0
0,0,0,0,0
0,0,0,0,0
0,0,0,0,0
0,0,0,0,0
0,0,0,0,0
0,0,0,0,0
0,0,0,0,0
"Xaxis:",1
"Yxais:",2
"Ymin:",-500
"Ymax:",500
"Xmin:",-200
"Xmax:",600
"Grilla:",1
"BackColor:",15780518
"Pen Color:",255
"E1:",1
"E2:",1
"E3:",0
"E4:",0
"P1:",-194.8498
"P2:",600
"P3:",-14.28572
"P4:",15.17857
"P5:",0
"P6:",0
"P7:",0
"P8:",0
"PretreatEn:",0
"P10:",20
"P11:",0
"P12:",1
"P13:",0
"P14:",-197.0233
"P15:",0
"P16:",0
"Auto Integ",0
"Auto Write",0
"Peak List",0
"Graph Write",0
"Graph names",0
"Graph numbers",0
"Graph Ret.Time",0
"Automatic Save",0
"SaveFilename",0
"Sufix StartNum",0
"E1",0
"E2",0
"E3",0
"E4",0
"Comentario:",""
7
10,0,0,0,0,0,0,10,1,0,1,1,0,0,0,0,99999,-99999
10,0,0,0,0,0,0,10,1,0,1,1,0,0,0,0,99999,-99999
10,0,0,0,0,0,0,10,1,0,1,1,0,0,0,0,99999,-99999
10,-200,0,5000,0,0,0,50,4,10,1,1,0,0,0,0,99999,-99999
3,-200,600,16000,1,50,0,50,4,10,1,1,0,0,0,0,99999,-99999
3,600,-200,16000,-1,50,0,50,4,2,1,1,0,0,0,0,99999,-99999
3,-200,-200,0,0,50,0,50,4,0,1,1,0,0,0,0,99999,-99999
3,-200,0,0,0,50,0,50,4,0,1,1,0,0,0,0,99999,-99999
10000
1
50
1
0
0
0
0
1
0
10
0
0
4
4
0
0
1
250
8
8
0
254
0
0
0
0
0
0
0
0
0
9000.1,4,4,0,0,1
10000,4,4,0,0,1
10999.9,4,4,0,0,1
11999.8,4,4,0,0,1
12999.7,4,4,0,0,1
13999.6,4,4,0,0,1
14999.5,4,4,0,0,1
15999.4,4,4,0,0,1
16999.3,4,4,0,0,1
17999.2,4,4,0,0,1
18999.1,4,4,0,0,1
-199.5567
-199.3367
-198.8787
-198.1523
-197.1676
-196.1761
-195.1601
-194.1788
-193.1723
-192.1582
-191.1634
-190.1445
-189.1594
-188.1677
-187.1637
-186.1741
-185.1865
-184.17
-183.1524
-182.1558
-181.1238
-180.1425
-179.1651
-178.1597
-177.1896
-176.1958
-175.2126
-174.2274
-173.2166
-172.2189
-171.2254
-170.2127
-169.2077
-168.1965
-167.1693
-166.1807
-165.2196
-164.2135
-163.2433
-162.2352
-161.2071
-160.2074
-159.171
-158.1527
-157.1261
-156.1339
-155.1432
-154.1468
-153.1816
-152.1798
-151.1786
-150.1955
-149.1838
-148.2059
-147.2264
-146.2153
-145.2238
-144.198
-143.1963
-142.223
-141.2139
-140.2283
-139.2327
-138.2206
-137.2188
-136.2231
-135.2036
-134.2322
-133.2454
-132.2306
-131.2412
-130.2138
-129.2124
-128.2134
-127.2362
-126.2507
-125.2527
-124.2787
-123.2525
-122.2439
-121.2467
-120.2273
-119.2366
-118.2362
-117.2421
-116.2691
-115.2684
-114.2776
-113.2877
-112.2758
-111.2808
-110.274
-109.2577
-108.2495
-107.2423
-106.2296
-105.2109
-104.2109
-103.1965
-102.2041
-101.2235
-100.1983
-99.22267
-98.23109
-97.24619
-96.28078
-95.28956
-94.28053
-93.26278
-92.26696
-91.24576
-90.24193
-89.24054
-88.23308
-87.23887
-86.23611
-85.23958
-84.2405
-83.23616
-82.24354
-81.23358
-80.22342
-79.21712
-78.22258
-77.23717
-76.2574
-75.27868
-74.27787
-73.28999
-72.28796
-71.27589
-70.30228
-69.30635
-68.31747
-67.31345
-66.29204
-65.29194
-64.26595
-63.28982
-62.30249
-61.27353
-60.27457
-59.27021
-58.26757
-57.2853
-56.29228
-55.2726
-54.23554
-53.23819
-52.23328
-51.24726
-50.27207
-49.27308
-48.25835
-47.2578
-46.25451
-45.24937
-44.26385
-43.26045
-42.25822
-41.24051
-40.25185
-39.26836
-38.28302
-37.29905
-36.28236
-35.26397
-34.25454
-33.25355
-32.26298
-31.25852
-30.27361
-29.24184
-28.24335
-27.25414
-26.23674
-25.29489
-24.29443
-23.29029
-22.29162
-21.26861
-20.26532
-19.25177
-18.24071
-17.22332
-16.22522
-15.23032
-14.25066
-13.26882
-12.2742
-11.28664
-10.26313
-9.23841
-8.231047
-7.212703
-6.230452
-5.248085
-4.237485
-3.267649
-2.290483
-1.335193
-.3751486
.623448
1.620493
2.648164
3.63172
4.61724
5.620807
6.577004
7.573504
8.568155
9.561468
10.57857
11.58911
12.5808
13.56692
14.5439
15.54253
16.54081
17.53263
18.5601
19.55637
20.55835
21.56703
22.54892
23.53561
24.5265
25.51218
26.49934
27.50224
28.51476
29.52643
30.51927
31.5162
32.50251
33.48258
34.50776
35.5002
36.50428
37.52429
38.50979
39.5042
40.50216
41.49036
42.48806
43.48463
44.46805
45.47439
46.47406
47.49038
48.52059
49.50669
50.52795
51.52209
52.50517
53.51905
54.4945
55.48567
56.48186
57.4592
58.4649
59.47112
60.47492
61.49848
62.50109
63.51466
64.4947
65.47392
66.48169
67.47868
68.50777
69.52031
70.50504
71.49059
72.47969
73.4819
74.48637
75.4964
76.48915
77.47677
78.44809
79.44209
80.43043
81.43759
82.45382
83.4333
84.44315
85.43931
86.4437
87.45934
88.46172
89.46515
90.48073
91.48676
92.49769
93.49281
94.47
95.45966
96.44643
97.44789
98.47457
99.49886
100.5035
101.5022
102.4885
103.4577
104.4577
105.45
106.4415
107.4531
108.468
109.4949
110.5032
111.5217
112.5048
113.4796
114.4808
115.4618
116.4512
117.4625
118.4538
119.4405
120.4422
121.4474
122.4465
123.4403
124.4443
125.417
126.4128
127.4289
128.4337
129.4433
130.4315
131.4201
132.4136
133.417
134.4225
135.4352
136.4143
137.4147
138.4294
139.42
140.4267
141.4075
142.3989
143.404
144.4165
145.4273
146.4295
147.4261
148.4397
149.4751
150.4758
151.4691
152.4587
153.4185
154.4178
155.423
156.4184
157.4298
158.4244
159.435
160.4151
161.3988
162.4149
163.4019
164.4182
165.4352
166.4142
167.4219
168.4152
169.4043
170.4259
171.4208
172.4334
173.4256
174.397
175.3867
176.3855
177.3987
178.4055
179.4269
180.4233
181.4204
182.4239
183.3938
184.3889
185.3712
186.3628
187.3769
188.372
189.3826
190.3783
191.3812
192.3852
193.3836
194.3961
195.3696
196.3835
197.3979
198.3829
199.4143
200.4049
201.388
202.405
203.3884
204.3803
205.3877
206.393
207.3929
208.3922
209.3858
210.3731
211.3834
212.3763
213.3823
214.3737
215.3697
216.3635
217.3401
218.3478
219.3364
220.347
221.3579
222.3566
223.3566
224.3338
225.3342
226.3289
227.3308
228.3587
229.3518
230.3401
231.3173
232.3012
233.305
234.3044
235.3154
236.3008
237.2999
238.2893
239.3124
240.3344
241.3387
242.357
243.3259
244.3246
245.3085
246.2987
247.3103
248.3119
249.3183
250.3405
251.3552
252.3557
253.3593
254.3497
255.3366
256.3185
257.3098
258.3109
259.3235
260.3333
261.3629
262.3615
263.3342
264.3213
265.303
266.2844
267.3031
268.3099
269.2973
270.309
271.2996
272.2952
273.2719
274.2647
275.2459
276.2542
277.2843
278.2826
279.3062
280.3023
281.3134
282.3075
283.2928
284.2996
285.2726
286.253
287.274
288.2758
289.2884
290.3141
291.3064
292.2976
293.2807
294.2641
295.2509
296.2443
297.2703
298.3023
299.3268
300.3473
301.3399
302.3466
303.3605
304.3533
305.3738
306.3624
307.3355
308.3116
309.2989
310.2878
311.3009
312.3286
313.3057
314.3121
315.3075
316.3077
317.3208
318.3005
319.3042
320.2951
321.2907
322.3179
323.2778
324.2508
325.2451
326.2221
327.257
328.2957
329.3142
330.3372
331.3205
332.3098
333.2761
334.2617
335.2725
336.2346
337.2567
338.2553
339.2392
340.2726
341.2902
342.2899
343.2903
344.2722
345.2437
346.222
347.2177
348.2248
349.2392
350.249
351.2597
352.2583
353.2444
354.2807
355.2863
356.2836
357.2784
358.2447
359.213
360.2029
361.2077
362.205
363.2307
364.2375
365.2417
366.2388
367.2401
368.2319
369.2189
370.2262
371.213
372.2142
373.2284
374.2179
375.2232
376.2497
377.2532
378.2704
379.2693
380.2433
381.241
382.2266
383.2289
384.2262
385.2222
386.2455
387.244
388.2654
389.259
390.2403
391.2328
392.2284
393.2558
394.2491
395.2505
396.2621
397.223
398.2206
399.2369
400.2177
401.2399
402.2614
403.2528
404.2745
405.2856
406.3047
407.3221
408.3107
409.2914
410.2507
411.2331
412.2299
413.2365
414.2401
415.2423
416.2391
417.2115
418.2321
419.2084
420.2071
421.2262
422.2014
423.2308
424.2507
425.2545
426.2639
427.2537
428.2343
429.2254
430.2303
431.228
432.2282
433.2242
434.2094
435.2111
436.2159
437.2317
438.2421
439.223
440.2128
441.1932
442.1782
443.1873
444.1822
445.1946
446.2103
447.2187
448.204
449.1996
450.1989
451.1883
452.1931
453.1899
454.1698
455.194
456.222
457.2374
458.2369
459.2062
460.1742
461.1514
462.1642
463.1829
464.1879
465.1934
466.1842
467.1481
468.1464
469.1516
470.1475
471.161
472.1666
473.1486
474.1519
475.1606
476.1635
477.1812
478.1818
479.1772
480.1542
481.1332
482.1454
483.1561
484.1633
485.1561
486.1273
487.111
488.1176
489.135
490.1312
491.1156
492.1072
493.0964
494.1322
495.1567
496.1646
497.1785
498.1582
499.1309
500.1185
501.1002
502.0969
503.1006
504.1121
505.1237
506.1357
507.1522
508.1616
509.1776
510.1752
511.1664
512.1442
513.1288
514.1414
515.144
516.144
517.1486
518.1035
519.0988
520.115
521.1005
522.1088
523.119
524.0992
525.1032
526.1205
527.1221
528.1169
529.1139
530.1129
531.0983
532.1215
533.1567
534.1791
535.199
536.1919
537.1479
538.1284
539.0959
540.0983
541.08
542.0576
543.0637
544.0541
545.0619
546.0839
547.1009
548.088
549.0909
550.0734
551.0557
552.0822
553.0925
554.0839
555.086
556.0608
557.0393
558.0684
559.0845
560.1013
561.1269
562.1233
563.1161
564.1086
565.1277
566.1081
567.0933
568.0911
569.0591
570.0606
571.0796
572.0765
573.088
574.0883
575.0787
576.0746
577.0804
578.0838
579.0759
580.069
581.0568
582.0499
583.0544
584.0823
585.1061
586.1158
587.1244
588.1091
589.0594
590.0552
591.0615
592.0502
593.0845
594.0958
595.0671
596.0831
597.0767
598.0681
598.6072
598.6442
598.1842
597.229
596.232
595.2307
594.2311
593.2274
592.2386
591.2126
590.1902
589.1964
588.2014
587.2257
586.2526
585.2469
584.2396
583.234
582.2223
581.2229
580.234
579.2224
578.2209
577.1921
576.1868
575.2146
574.2338
573.2538
572.2548
571.2283
570.2109
569.2097
568.2134
567.2275
566.2265
565.2362
564.24
563.2579
562.2856
561.2774
560.267
559.2509
558.2388
557.2723
556.262
555.2667
554.2655
553.2443
552.2556
551.2375
550.2332
549.2297
548.2048
547.2274
546.2052
545.1911
544.2118
543.2105
542.2157
541.2194
540.2045
539.1858
538.2051
537.2062
536.237
535.2534
534.2458
533.2528
532.223
531.2337
530.2446
529.2426
528.2621
527.2569
526.2495
525.2823
524.3011
523.319
522.3242
521.2726
520.2681
519.2437
518.2377
517.2675
516.2555
515.2783
514.2964
513.3113
512.3295
511.3483
510.342
509.3137
508.3132
507.2857
506.2857
505.3003
504.3104
503.2922
502.2975
501.305
500.2878
499.3152
498.3083
497.2877
496.2881
495.2751
494.2771
493.2914
492.2827
491.2913
490.2881
489.2826
488.2882
487.2961
486.2967
485.3127
484.3172
483.3148
482.313
481.3015
480.2941
479.2776
478.2975
477.2954
476.2917
475.2965
474.2897
473.283
472.3006
471.3041
470.3135
469.3346
468.3272
467.3221
466.3268
465.3138
464.3228
463.3441
462.3201
461.3415
460.338
459.334
458.3524
457.3336
456.3549
455.3481
454.361
453.3827
452.365
451.3474
450.3264
449.2961
448.3073
447.3312
446.3445
445.3527
444.3279
443.3369
442.3152
441.313
440.3244
439.3173
438.3218
437.3492
436.3378
435.3472
434.3788
433.3957
432.4158
431.4114
430.3854
429.3442
428.3522
427.3541
426.3583
425.3725
424.3755
423.3777
422.3864
421.3845
420.3622
419.3495
418.3594
417.3661
416.38
415.4083
414.3944
413.4059
412.4182
411.4145
410.4217
409.4318
408.4496
407.4678
406.4744
405.4663
404.4547
403.4244
402.4328
401.4156
400.3855
399.371
398.3609
397.3567
396.3755
395.3972
394.407
393.4083
392.4018
391.3928
390.3626
389.3725
388.3712
387.3546
386.3874
385.3838
384.3922
383.4164
382.3929
381.389
380.3781
379.3644
378.3688
377.3608
376.3798
375.386
374.3664
373.378
372.3435
371.3551
370.391
369.3836
368.3959
367.3769
366.3668
365.3841
364.4011
363.415
362.4211
361.4212
360.4037
359.4073
358.4053
357.4159
356.4434
355.4368
354.4593
353.4453
352.4369
351.4199
350.3787
349.3851
348.3961
347.4202
346.4194
345.4069
344.3818
343.3716
342.4008
341.4113
340.4344
339.4392
338.4402
337.4312
336.4034
335.4161
334.4025
333.4146
332.4289
331.42
330.4192
329.4097
328.4028
327.3986
326.4012
325.4299
324.4489
323.4644
322.4877
321.4668
320.4898
319.4892
318.4684
317.4809
316.4616
315.4637
314.4767
313.4719
312.4883
311.4838
310.4837
309.4879
308.4583
307.4557
306.4805
305.4953
304.5021
303.5223
302.4986
301.4787
300.464
299.4482
298.4519
297.4484
296.4761
295.4735
294.4612
293.4631
292.4396
291.4147
290.4117
289.4052
288.4077
287.4235
286.4188
285.4233
284.4364
283.4479
282.4663
281.4794
280.4855
279.496
278.4778
277.4749
276.4798
275.4754
274.4723
273.4664
272.4385
271.4244
270.4426
269.4393
268.4529
267.4605
266.4522
265.4529
264.4577
263.4482
262.4453
261.4492
260.4403
259.4575
258.4676
257.4843
256.4954
255.509
254.52
253.5084
252.5031
251.4732
250.4597
249.4724
248.4846
247.4876
246.4865
245.4681
244.4527
243.4714
242.4774
241.4903
240.5015
239.4806
238.463
237.4489
236.448
235.4483
234.4546
233.4608
232.466
231.4746
230.4768
229.4845
228.4935
227.4878
226.4853
225.4952
224.4743
223.4924
222.5146
221.5014
220.5099
219.4969
218.4897
217.5014
216.5243
215.5405
214.5404
213.5464
212.5376
211.5346
210.5463
209.5461
208.5385
207.5494
206.5595
205.5644
204.5962
203.6084
202.6142
201.6048
200.5854
199.5727
198.5424
197.5221
196.5291
195.524
194.5212
193.5648
192.5462
191.5531
190.5677
189.543
188.5403
187.5349
186.5353
185.5578
184.5795
183.58
182.5764
181.5346
180.5018
179.4913
178.5113
177.5305
176.5351
175.5551
174.5435
173.5574
172.572
171.5638
170.5706
169.5492
168.5628
167.5819
166.5701
165.5985
164.5978
163.5697
162.5595
161.5375
160.5378
159.5662
158.587
157.6042
156.5894
155.5807
154.579
153.5619
152.5823
151.5768
150.5719
149.5909
148.6019
147.6093
146.6169
145.6138
144.5984
143.5881
142.5854
141.5858
140.5861
139.587
138.5728
137.5547
136.5481
135.5387
134.5525
133.5778
132.5769
131.5896
130.5928
129.5688
128.562
127.5623
126.58
125.6196
124.6276
123.6324
122.5957
121.5656
120.5734
119.5735
118.5927
117.6176
116.6266
115.6366
114.6438
113.6371
112.6194
111.6073
110.6022
109.6077
108.6083
107.6255
106.6419
105.643
104.6687
103.6704
102.6721
101.669
100.6802
99.68589
98.67851
97.67706
96.66801
95.63454
94.62721
93.62096
92.61372
91.63136
90.63203
89.62297
88.62236
87.62184
86.6105
85.63089
84.61479
83.63129
82.65247
81.63194
80.62802
79.60809
78.5967
77.59594
76.60697
75.61017
74.61682
73.61623
72.6312
71.6263
70.60734
69.61918
68.59173
67.60484
66.62805
65.6336
64.64619
63.66073
62.67778
61.67002
60.67724
59.67846
58.66091
57.6641
56.69081
55.68165
54.66157
53.68011
52.67389
51.67988
50.73186
49.71242
48.70281
47.69365
46.67643
45.68594
44.68247
43.6777
42.66594
41.66161
40.64793
39.64413
38.64751
37.66351
36.68389
35.6907
34.69913
33.68371
32.67736
31.67993
30.6794
29.71132
28.70834
27.72236
26.71525
25.7065
24.72845
23.74371
22.73595
21.73478
20.70257
19.69294
18.7054
17.69269
16.72063
15.74313
14.76687
13.77987
12.80146
11.77917
10.76569
9.775823
8.764332
7.783797
6.775476
5.7764
4.773032
3.758618
2.779372
1.754738
.7538635
-.235735
-1.209863
-2.161158
-3.116497
-4.09472
-5.082486
-6.08062
-7.052305
-8.066537
-9.081396
-10.06693
-11.11755
-12.10619
-13.10245
-14.12766
-15.11587
-16.12043
-17.1251
-18.1351
-19.15214
-20.15587
-21.16426
-22.1548
-23.12711
-24.12064
-25.12097
-26.08907
-27.11112
-28.11247
-29.11128
-30.11392
-31.09525
-32.0896
-33.08683
-34.10473
-35.11455
-36.11153
-37.12379
-38.13185
-39.12036
-40.15176
-41.14405
-42.13411
-43.14744
-44.11222
-45.09155
-46.08305
-47.09449
-48.09958
-49.10456
-50.10809
-51.08909
-52.05929
-53.05123
-54.05713
-55.04351
-56.07279
-57.08492
-58.10025
-59.12095
-60.14207
-61.15132
-62.12967
-63.13211
-64.12659
-65.11098
-66.1249
-67.11987
-68.1105
-69.13225
-70.13287
-71.13725
-72.15457
-73.15175
-74.13844
-75.14744
-76.13588
-77.10551
-78.1091
-79.08813
-80.09175
-81.10568
-82.10697
-83.12448
-84.10651
-85.10394
-86.09825
-87.08498
-88.07246
-89.08208
-90.05716
-91.06809
-92.08501
-93.07616
-94.1218
-95.10509
-96.10534
-97.10022
-98.07859
-99.07683
-100.0519
-101.0423
-102.0274
-103.0156
-104.0156
-105.044
-106.0624
-107.0701
-108.0809
-109.064
-110.046
-111.0516
-112.0708
-113.0753
-114.0914
-115.0752
-116.0681
-117.0402
-118.0477
-119.0692
-120.0569
-121.091
-122.0655
-123.0731
-124.0931
-125.0885
-126.1041
-127.0975
-128.0705
-129.0538
-130.0455
-131.0385
-132.0648
-133.0896
-134.1213
-135.1187
-136.1085
-137.0958
-138.0647
-139.0623
-140.0464
-141.0362
-142.0362
-143.0569
-144.0794
-145.0845
-146.1047
-147.1029
-148.0776
-149.0802
-150.0455
-151.0134
-152.0148
-153.0046
-154.0016
-155.0087
-155.994
-156.9798
-158.0022
-159.0106
-160.0255
-161.0482
-162.0549
-163.0614
-164.0762
-165.0919
-166.0907
-167.0638
-168.0471
-169.0212
-169.9982
-171.0197
-172.0271
-173.0334
-174.0473
-175.0492
-176.0518
-177.0531
-178.0368
-179.0346
-180.0052
-180.9904
-181.9902
-182.9861
-184.0185
-185.0287
-186.0482
-187.0523
-188.0488
-189.0479
-190.0358
-191.0117
-191.9989
-192.9935
-193.9874
-195.0101
-196.0227
-197.0233
-.2149688
-.2089449
-.1997263
-.1889051
-.1766701
-.1694733
-.1640878
-.1600788
-.155907
-.1512483
-.1465549
-.1412214
-.1359078
-.1322739
-.1285542
-.1242845
-.1205423
-.1169751
-.1147011
-.1131428
-.1120946
-.1105042
-.1076421
-.1051516
-.1023233
-0.098842
-0.095998
-0.092634
-0.088439
-0.086116
-0.084368
-0.083007
-0.083170
-0.081993
-0.080404
-0.078813
-0.076180
-0.073395
-0.070817
-0.067840
-.0657623
-0.063615
-0.062275
-0.061564
-0.060600
-0.060299
-.0586677
-0.056723
-0.055042
-0.052289
-0.050074
-0.048786
-0.047265
-0.046428
-0.045651
-0.044200
-0.043369
-0.042587
-0.042271
-0.041048
-0.039071
-0.037265
-0.034572
-0.032853
-0.031655
-.0298666
-0.028421
-0.027594
-0.027324
-0.027288
-0.027427
-.026522
-0.024832
-0.022937
-.0217247
-0.020700
-.0197791
-0.019373
-0.017490
-.0163964
-0.016214
-0.015740
-0.015988
-0.015752
-0.014440
-0.013276
-0.012346
-0.010657
-0.009634
-0.008979
-0.007689
-0.007745
-0.007206
-0.007107
-0.006475
-0.005292
-0.004647
-0.003057
-0.002043
-0.001422
-0.000225
0.002240
0.002019
0.002717
0.003540
0.002444
0.003829
0.004474
0.005036
0.006666
.0076386
0.008799
0.009793
0.009537
0.009950
0.011331
.0133394
0.014853
0.016324
0.016292
0.015676
0.016435
0.017139
.0183212
0.019223
0.019636
0.019919
0.020713
0.022229
0.023663
0.023481
0.023437
0.023431
0.023908
0.025928
0.026972
0.027874
0.028635
0.028805
0.030161
0.031648
0.032491
0.033252
0.034228
0.034401
.0345946
0.035745
0.036203
0.036706
0.038138
0.039724
0.040640
0.042453
0.043815
0.044511
0.046266
0.046623
.0466632
.0467351
0.047037
0.047821
0.049075
0.050426
0.050962
0.051991
0.054065
0.056687
0.058591
0.059492
.0591736
0.058379
0.058793
.0607545
.0621457
0.063138
0.063950
0.063917
0.065434
0.068485
0.070805
0.072141
0.072390
0.071854
0.071982
0.073125
0.074897
0.075974
0.077120
0.078922
0.080439
0.082449
0.084336
0.085500
0.086483
0.087419
0.088018
0.089370
0.090868
0.091517
0.093078
.0947687
0.096558
0.099655
.1015627
.1034728
.1047401
.1055431
.1067507
.106956
.1089276
.1114336
.1138886
.1167879
.1183515
.1199281
.1227616
.1263427
.1297003
.1317706
.1326724
.1333134
.1340402
.1366251
.1396682
.1415411
.1443572
.1466208
.1491554
.1537491
.1572254
.1601247
.1622635
.1636036
.1657242
.1678612
.1709442
.1742732
.1775918
.1819993
.1859893
.1899186
.1930717
.1982051
.201289
.205233
.2090212
.2116234
.2171951
.2226689
.2278889
.233277
.2373623
.242079
.2465462
.2509364
.2573588
.2616104
.2688297
.2753976
.2811564
.2890974
.2957346
.3033784
.3107025
.3175537
.3254227
.3335369
.342267
.3515939
.3596284
.3679782
.3769083
.3853967
.3959312
.406224
.4156185
.4267827
.4379504
.4507207
.4645712
.4776343
.490427
.5013401
.5130786
.526392
.538718
.5537257
.5702243
.5857536
.6042827
.6232753
.6414891
.6624879
.6817161
.7006116
.7192767
.7378352
.7594976
.7819387
.8083368
.8379505
.8633247
.8904998
.9172574
.9405518
.9691546
.999178
1.027164
1.059018
1.091464
1.12566
1.162533
1.200667
1.240942
1.276027
1.313136
1.35488
1.392885
1.438654
1.488739
1.533975
1.583643
1.634306
1.682214
1.734307
1.786281
1.841366
1.896043
1.954149
2.018297
2.080244
2.14694
2.21791
2.281587
2.346655
2.415805
2.481704
2.557767
2.64094
2.726677
2.817616
2.903462
2.989924
3.07419
3.157074
3.249052
3.338632
3.431869
3.536424
3.638728
3.751991
3.871038
3.979636
4.089758
4.192863
4.291018
4.401645
4.513359
4.633681
4.762292
4.88922
5.021139
5.151639
5.279443
5.414345
5.539544
5.66969
5.806006
5.933778
6.081711
6.232634
6.377769
6.531852
6.674664
6.810157
6.949095
7.091462
7.246062
7.398558
7.557354
7.718553
7.860981
8.013238
8.165446
8.299008
8.443232
8.589057
8.727492
8.886698
9.053073
9.21327
9.366108
9.510075
9.646631
9.779173
9.921908
10.07528
10.21243
10.35402
10.50107
10.62868
10.77401
10.91957
11.05087
11.18076
11.29179
11.39773
11.50247
11.60989
11.72894
11.83392
11.94028
12.05488
12.14668
12.24553
12.3377
12.40948
12.48966
12.5646
12.63225
12.70724
12.7771
12.845
12.90608
12.94931
12.98948
13.02224
13.06006
13.11103
13.14742
13.18081
13.20693
13.20865
13.22102
13.22852
13.22242
13.22352
13.21563
13.20693
13.20724
13.20607
13.20868
13.19462
13.17057
13.13858
13.0881
13.04987
13.01694
12.97427
12.94523
12.91258
12.86797
12.82938
12.78256
12.72834
12.6682
12.60223
12.53746
12.46948
12.41222
12.36149
12.29977
12.23982
12.17639
12.09756
12.02889
11.96314
11.8935
11.82795
11.7612
11.69057
11.61967
11.55032
11.48296
11.40779
11.33367
11.26437
11.18908
11.12489
11.06478
10.99407
10.92578
10.85403
10.77775
10.70642
10.63702
10.56999
10.50383
10.43898
10.37982
10.31749
10.25722
10.19919
10.13335
10.06768
10.004
9.937503
9.877552
9.820704
9.764609
9.711049
9.655662
9.600845
9.545299
9.488431
9.436275
9.380259
9.324919
9.27225
9.217631
9.168391
9.121139
9.070933
9.022841
8.974024
8.925163
8.880655
8.835013
8.790672
8.746298
8.700545
8.657231
8.613773
8.571802
8.531046
8.488738
8.448488
8.410442
8.371868
8.336701
8.300397
8.26193
8.224651
8.186247
8.148266
8.112288
8.07795
8.045801
8.013794
7.983325
7.952419
7.920266
7.890144
7.859517
7.828295
7.798773
7.770043
7.740922
7.71408
7.687309
7.661407
7.63605
7.610244
7.584498
7.558204
7.532444
7.508469
7.483998
7.459467
7.436169
7.411949
7.389798
7.367479
7.345721
7.322822
7.301213
7.27986
7.257273
7.236172
7.214524
7.19234
7.171312
7.151357
7.130382
7.111814
7.093334
7.074124
7.05621
7.037866
7.018569
6.999549
6.980689
6.961386
6.943067
6.925711
6.908519
6.891451
6.874895
6.858187
6.840986
6.825922
6.810518
6.794466
6.779071
6.762669
6.74647
6.730937
6.715625
6.700237
6.684993
6.670184
6.656005
6.642282
6.628575
6.614697
6.599975
6.584785
6.570367
6.556018
6.541869
6.527807
6.513535
6.499378
6.486045
6.473809
6.46121
6.447884
6.434698
6.420929
6.407711
6.396073
6.384018
6.371723
6.360046
6.348125
6.337162
6.326409
6.315102
6.303499
6.291052
6.279472
6.26782
6.256619
6.246712
6.236687
6.226902
6.21743
6.206766
6.196356
6.186564
6.176671
6.167126
6.157139
6.146467
6.136581
6.127448
6.118518
6.109972
6.100698
6.090992
6.081226
6.072769
6.065281
6.057238
6.049253
6.040597
6.031006
6.022853
6.015335
6.006949
5.999218
5.991177
5.983372
5.976015
5.96912
5.962142
5.954413
5.947077
5.940007
5.932197
5.925646
5.919831
5.913325
5.907813
5.902315
5.896328
5.890825
5.884751
5.878493
5.871725
5.864841
5.858849
5.852704
5.847602
5.843424
5.839151
5.834899
5.830487
5.825108
5.820185
5.816113
5.81122
5.806147
5.800247
5.793779
5.787974
5.783222
5.778354
5.773913
5.769324
5.764717
5.761017
5.757672
5.754019
5.750001
5.74472
5.73902
5.734709
5.730958
5.727287
5.723719
5.719012
5.714198
5.710912
5.707646
5.705134
5.702275
5.698422
5.695573
5.691094
5.686074
5.682021
5.677114
5.673677
5.670841
5.667487
5.664068
5.660733
5.657297
5.654395
5.65062
5.646837
5.64397
5.640401
5.638098
5.636469
5.633595
5.630769
5.627663
5.623897
5.621312
5.618544
5.615476
5.612248
5.608972
5.606669
5.60448
5.603006
5.60091
5.59812
5.595387
5.593164
5.590983
5.589276
5.587297
5.583754
5.58065
5.577967
5.575828
5.574248
5.572387
5.570928
5.568483
5.566901
5.566524
5.564501
5.56313
5.561378
5.55785
5.555202
5.552796
5.550706
5.549778
5.549278
5.54934
5.549074
5.548285
5.547736
5.546031
5.54409
5.542172
5.539728
5.537669
5.536821
5.536277
5.535989
5.53652
5.535534
5.534259
5.533924
5.53331
5.532744
5.531674
5.529866
5.528306
5.527954
5.528184
5.527913
5.527541
5.526362
5.525039
5.508635
5.484764
5.45577
5.421405
5.396338
5.373915
5.352824
5.33211
5.313527
5.295262
5.277979
5.262019
5.246394
5.232172
5.216966
5.202373
5.188158
5.173297
5.159004
5.146135
5.133144
5.120507
5.108105
5.093897
5.080429
5.066879
5.053445
5.041412
5.028649
5.016548
5.005491
4.994175
4.983923
4.973902
4.963338
4.952979
4.9429
4.932535
4.922916
4.913631
4.904133
4.894107
4.883553
4.872479
4.861333
4.850836
4.841159
4.831331
4.821966
4.812452
4.802608
4.793456
4.784362
4.776397
4.768075
4.760092
4.750777
4.742813
4.734663
4.726747
4.719772
4.710978
4.703438
4.6958
4.686771
4.678731
4.671479
4.662838
4.65573
4.647753
4.63918
4.63081
4.622972
4.615216
4.606733
4.59927
4.591999
4.584538
4.576977
4.569603
4.562154
4.554594
4.547714
4.541708
4.535128
4.529257
4.523634
4.516749
4.510084
4.502757
4.494563
4.486598
4.479392
4.473205
4.46635
4.459807
4.452961
4.445173
4.438093
4.431511
4.42428
4.418196
4.412971
4.407214
4.401787
4.395989
4.389653
4.383711
4.377878
4.371817
4.366006
4.361112
4.356663
4.351072
4.345158
4.337735
4.329899
4.323241
4.316547
4.309885
4.303926
4.298346
4.293239
4.28878
4.283761
4.278302
4.27302
4.267462
4.262076
4.25737
4.253143
4.249056
4.243911
4.238622
4.232203
4.225542
4.220123
4.214788
4.209144
4.204216
4.199263
4.194175
4.189631
4.184861
4.180025
4.174742
4.169959
4.165118
4.160306
4.156347
4.151937
4.146787
4.141388
4.135882
4.129966
4.124612
4.11994
4.114846
4.109929
4.105063
4.100698
4.096077
4.092123
4.088815
4.0842
4.080085
4.076196
4.070972
4.066656
4.061775
4.056594
4.051461
4.046132
4.041449
4.036197
4.031637
4.027324
4.022862
4.018698
4.014575
4.009486
4.004776
4.000411
3.996663
3.99308
3.989583
3.985167
3.980226
3.975319
3.970183
3.965488
3.960732
3.956469
3.952079
3.948035
3.944002
3.939561
3.934812
3.929793
3.924466
3.91966
3.914815
3.910379
3.906271
3.901745
3.896596
3.891531
3.886623
3.881964
3.876748
3.871923
3.86785
3.862832
3.859306
3.855214
3.84905
3.845192
3.840357
3.835522
3.831129
3.82501
3.820401
3.815344
3.80969
3.80504
3.798238
3.791578
3.786493
3.779242
3.773995
3.768946
3.762914
3.758282
3.753438
3.747886
3.743304
3.738291
3.732596
3.726565
3.720414
3.715364
3.709862
3.704619
3.698694
3.690241
3.681985
3.674551
3.666736
3.659712
3.652664
3.645039
3.637211
3.629346
3.622536
3.615554
3.608401
3.602187
3.593967
3.585323
3.578136
3.568788
3.560673
3.552416
3.5423
3.533332
3.523616
3.513708
3.504906
3.494673
3.484403
3.473502
3.462068
3.451773
3.441752
3.432027
3.42199
3.410366
3.397644
3.385249
3.372345
3.36025
3.348077
3.333471
3.319857
3.304713
3.289883
3.27602
3.261183
3.245928
3.229144
3.212594
3.196568
3.179617
3.164843
3.150292
3.131236
3.113575
3.092566
3.069242
3.049191
3.027157
3.006059
2.983508
2.96109
2.939498
2.915858
2.893544
2.8706
2.840287
2.811615
2.782702
2.750931
2.724959
2.699813
2.671619
2.643433
2.611933
2.577786
2.541262
2.505425
2.470412
2.43024
2.391274
2.355675
2.313615
2.274198
2.235808
2.187407
2.140131
2.090803
2.039617
1.99194
1.945971
1.900814
1.849619
1.794367
1.738052
1.676072
1.612756
1.554471
1.486641
1.421439
1.359593
1.293851
1.23398
1.171129
1.100977
1.025394
.9395756
.8537803
.7707987
.688076
.6125693
.5325321
.4474731
.365706
.2678846
.1724428
0.080301
-.0257034
-.124048
-.2266805
-.3339891
-.4295036
-.5268209
-.6282805
-.7311555
-.8444352
-.95627
-1.072659
-1.187729
-1.293951
-1.415466
-1.531293
-1.652259
-1.783902
-1.90478
-2.026487
-2.147667
-2.275496
-2.40632
-2.537834
-2.671996
-2.795283
-2.910531
-3.039632
-3.171303
-3.30012
-3.44941
-3.589697
-3.722075
-3.867178
-4.001037
-4.129499
-4.258724
-4.381765
-4.504555
-4.63224
-4.774816
-4.927109
-5.072176
-5.219408
-5.355136
-5.467055
-5.589813
-5.708797
-5.824001
-5.952958
-6.075451
-6.194842
-6.32076
-6.441245
-6.561036
-6.672191
-6.770426
-6.868902
-6.957259
-7.056263
-7.161507
-7.258501
-7.361614
-7.450413
-7.524342
-7.602243
-7.669857
-7.740397
-7.817528
-7.885305
-7.957339
-8.02519
-8.088427
-8.150803
-8.197472
-8.23877
-8.269169
-8.291238
-8.327002
-8.359478
-8.395882
-8.439013
-8.463847
-8.48091
-8.493675
-8.492778
-8.492176
-8.492402
-8.489399
-8.488401
-8.484712
-8.488555
-8.488237
-8.479924
-8.473923
-8.449569
-8.417534
-8.395403
-8.364937
-8.336354
-8.314772
-8.283419
-8.248819
-8.213303
-8.173535
-8.132643
-8.087488
-8.045808
-8.00043
-7.951122
-7.912123
-7.86771
-7.819808
-7.77589
-7.720184
-7.659557
-7.603756
-7.54771
-7.494791
-7.445368
-7.39546
-7.343996
-7.287241
-7.233406
-7.177369
-7.117739
-7.064255
-7.008562
-6.950226
-6.89994
-6.848352
-6.796509
-6.747104
-6.693708
-6.638233
-6.581696
-6.526143
-6.473037
-6.41858
-6.368132
-6.317273
-6.264453
-6.216907
-6.168194
-6.120253
-6.074215
-6.024992
-5.976399
-5.928797
-5.881499
-5.837091
-5.792415
-5.748451
-5.705143
-5.659068
-5.615084
-5.571424
-5.52604
-5.484236
-5.442054
-5.39976
-5.361238
-5.321485
-5.281813
-5.24297
-5.202446
-5.163304
-5.125257
-5.085499
-5.04995
-5.013804
-4.978028
-4.945536
-4.910051
-4.875833
-4.84097
-4.805632
-4.773152
-4.739866
-4.708372
-4.678011
-4.648106
-4.618405
-4.589261
-4.559564
-4.529264
-4.498124
-4.468141
-4.438649
-4.409424
-4.382789
-4.356256
-4.329215
-4.303539
-4.276436
-4.248953
-4.223369
-4.198217
-4.173795
-4.150058
-4.126446
-4.103201
-4.079477
-4.056568
-4.032868
-4.008451
-3.985243
-3.962197
-3.939578
-3.918324
-3.897667
-3.876719
-3.855735
-3.833747
-3.812257
-3.790488
-3.770928
-3.752365
-3.733313
-3.715766
-3.696892
-3.677935
-3.659546
-3.640388
-3.621493
-3.602967
-3.584084
-3.565803
-3.54808
-3.530699
-3.514331
-3.497028
-3.479784
-3.463242
-3.446534
-3.43163
-3.416794
-3.401492
-3.386669
-3.370887
-3.355176
-3.340349
-3.324818
-3.309961
-3.295024
-3.279865
-3.26538
-3.250753
-3.236827
-3.222853
-3.208871
-3.195463
-3.181838
-3.168698
-3.156145
-3.1438
-3.131083
-3.118224
-3.105232
-3.092131
-3.079971
-3.067981
-3.056065
-3.04374
-3.031729
-3.018888
-3.006124
-2.994627
-2.982607
-2.971731
-2.961215
-2.949898
-2.939162
-2.928453
-2.917612
-2.906848
-2.896235
-2.885453
-2.874392
-2.863615
-2.852961
-2.842731
-2.83279
-2.82296
-2.812781
-2.801754
-2.791503
-2.781957
-2.772191
-2.763738
-2.754505
-2.745081
-2.736264
-2.72698
-2.718087
-2.7086
-2.699544
-2.690333
-2.681222
-2.672718
-2.664446
-2.655893
-2.64753
-2.638696
-2.628936
-2.620186
-2.611211
-2.602556
-2.596674
-2.588846
-2.581809
-2.575033
-2.566701
-2.559658
-2.552284
-2.544667
-2.536024
-2.528607
-2.520916
-2.513405
-2.505574
-2.499169
-2.491808
-2.485639
-2.480647
-2.473468
-2.466266
-2.459008
-2.451841
-2.445199
-2.439201
-2.432147
-2.425009
-2.417587
-2.41117
-2.405388
-2.399577
-2.393922
-2.38784
-2.38154
-2.375072
-2.368777
-2.362682
-2.357226
-2.352529
-2.347216
-2.342538
-2.337608
-2.332664
-2.327588
-2.322257
-2.315793
-2.308475
-2.302637
-2.295838
-2.2902
-2.285609
-2.279696
-2.274963
-2.269402
-2.263134
-2.258464
-2.25398
-2.250735
-2.247609
-2.243353
-2.239529
-2.235295
-2.230783
-2.226639
-2.221384
-2.215612
-2.210186
-2.205084
-2.20041
-2.196021
-2.19273
-2.18843
-2.183155
-2.17871
-2.173545
-2.169554
-2.16734
-2.164702
-2.162207
-2.159668
-2.156681
-2.153502
-2.150071
-2.145987
-2.142079
-2.137536
-2.133505
-2.129109
-2.124653
-2.121616
-2.11795
-2.114112
-2.110436
-2.106739
-2.103646
-2.102911
-2.101656
-2.10065
-2.098279
-2.095076
-2.092645
-2.091447
-2.093456
-2.09701
-2.102425
-2.107135
-2.113521
-2.12101
-2.130111
-2.140996
-2.150345
-2.15891
-2.164674
-2.167725
-2.164485
-2.150057
-2.125691
-2.096588
-2.07001
-2.052436
-2.043754
-2.040044
-2.037367
-2.034384
-2.031517
-2.027199
-2.02376
-2.020885
-2.017612
-2.015984
-2.014203
-2.012526
-2.01138
-2.01022
-2.009294
