"Version:",9
"Fecha:","05-18-2016"
"Hora:","16:55:47"
"Operador:",""
"HP:",0
"vitramo(6)",-200
"vitramo(7)",-200
"MaxCh",0
"Método:",0
"Técnica:","2-VC",2
"Vinicial:",-200
"Vfinal:",600
"ScanRate:",50
"Rango:",4
"FiltroHard:",1
"SampleRate:",50
"RampStep:",1
"NumCiclos:",1
"AcqConf:",0
"ScanDir:",-32000
"ICellCond.",2
"SoftFilter:",1
"Loop Ini",4
"CountV:",1600
"CountI:",1600
"CountI2:",0
"Xfreq:",10
"SamplesSec",50
20
1,1,0,0,0
0,0,0,0,0
0,0,0,0,0
0,0,0,0,0
0,0,0,0,0
0,0,0,0,0
0,0,0,0,0
0,0,0,0,0
0,0,0,0,0
0,0,0,0,0
0,0,0,0,0
0,0,0,0,0
0,0,0,0,0
0,0,0,0,0
0,0,0,0,0
0,0,0,0,0
0,0,0,0,0
0,0,0,0,0
0,0,0,0,0
0,0,0,0,0
0,0,0,0,0
"Xaxis:",1
"Yxais:",2
"Ymin:",-500
"Ymax:",500
"Xmin:",-200
"Xmax:",600
"Grilla:",1
"BackColor:",15780518
"Pen Color:",255
"E1:",1
"E2:",1
"E3:",0
"E4:",0
"P1:",-200
"P2:",600
"P3:",-62.5
"P4:",62.5
"P5:",0
"P6:",0
"P7:",0
"P8:",0
"PretreatEn:",0
"P10:",20
"P11:",0
"P12:",1
"P13:",0
"P14:",-196.9853
"P15:",0
"P16:",0
"Auto Integ",0
"Auto Write",0
"Peak List",0
"Graph Write",0
"Graph names",0
"Graph numbers",0
"Graph Ret.Time",0
"Automatic Save",0
"SaveFilename",0
"Sufix StartNum",0
"E1",0
"E2",0
"E3",0
"E4",0
"Comentario:",""
7
10,0,0,0,0,0,0,10,1,0,1,1,0,0,0,0,99999,-99999
10,0,0,0,0,0,0,10,1,0,1,1,0,0,0,0,99999,-99999
10,0,0,0,0,0,0,10,1,0,1,1,0,0,0,0,99999,-99999
10,-200,0,5000,0,0,0,50,4,10,1,1,0,0,0,0,99999,-99999
3,-200,600,16000,1,50,0,50,4,10,1,1,0,0,0,0,99999,-99999
3,600,-200,16000,-1,50,0,50,4,2,1,1,0,0,0,0,99999,-99999
3,-200,-200,0,0,50,0,50,4,0,1,1,0,0,0,0,99999,-99999
3,-200,0,0,0,50,0,50,4,0,1,1,0,0,0,0,99999,-99999
10000
1
50
1
0
0
0
0
1
0
10
0
0
4
4
0
0
1
250
8
8
0
254
0
0
0
0
0
0
0
0
0
9000.1,4,4,0,0,1
10000,4,4,0,0,1
10999.9,4,4,0,0,1
11999.8,4,4,0,0,1
12999.7,4,4,0,0,1
13999.6,4,4,0,0,1
14999.5,4,4,0,0,1
15999.4,4,4,0,0,1
16999.3,4,4,0,0,1
17999.2,4,4,0,0,1
18999.1,4,4,0,0,1
-199.5859
-199.3608
-198.8799
-198.1589
-197.1657
-196.1399
-195.1154
-194.0987
-193.1014
-192.1155
-191.1273
-190.1303
-189.1246
-188.143
-187.172
-186.1702
-185.2008
-184.1713
-183.1427
-182.1528
-181.1288
-180.1617
-179.1916
-178.214
-177.2486
-176.2221
-175.191
-174.1706
-173.1423
-172.1568
-171.1777
-170.1713
-169.1744
-168.1804
-167.1958
-166.2109
-165.2176
-164.2141
-163.1843
-162.1839
-161.1748
-160.1794
-159.1931
-158.1729
-157.159
-156.1379
-155.134
-154.1306
-153.1479
-152.1627
-151.1634
-150.167
-149.1574
-148.1754
-147.1844
-146.2098
-145.1983
-144.185
-143.1732
-142.1796
-141.1962
-140.2289
-139.2534
-138.2495
-137.2785
-136.2676
-135.2605
-134.2637
-133.253
-132.2416
-131.2439
-130.2387
-129.2449
-128.2514
-127.2592
-126.261
-125.241
-124.2391
-123.2317
-122.2225
-121.2509
-120.2529
-119.2474
-118.2432
-117.2304
-116.212
-115.217
-114.2354
-113.2541
-112.2483
-111.2436
-110.2207
-109.2074
-108.2111
-107.2026
-106.2041
-105.1711
-104.173
-103.1651
-102.175
-101.1988
-100.1945
-99.21301
-98.20676
-97.20677
-96.22131
-95.22097
-94.2132
-93.19063
-92.19768
-91.18393
-90.20891
-89.23437
-88.23417
-87.23915
-86.22074
-85.20768
-84.20692
-83.20163
-82.22913
-81.23509
-80.20448
-79.22979
-78.22057
-77.22378
-76.24145
-75.24826
-74.23334
-73.23824
-72.24977
-71.24457
-70.26639
-69.28193
-68.26021
-67.24213
-66.2271
-65.20747
-64.225
-63.23509
-62.23821
-61.23836
-60.24797
-59.24038
-58.2344
-57.24062
-56.22424
-55.21701
-54.21587
-53.19989
-52.20163
-51.2207
-50.22569
-49.24038
-48.24384
-47.25148
-46.27391
-45.26892
-44.27542
-43.26042
-42.21161
-41.20818
-40.20511
-39.21606
-38.25434
-37.26894
-36.25629
-35.23511
-34.23265
-33.2281
-32.23636
-31.24373
-30.23762
-29.23382
-28.25086
-27.26511
-26.25776
-25.2767
-24.2695
-23.27318
-22.29095
-21.2656
-20.26824
-19.25436
-18.25339
-17.27183
-16.24591
-15.23301
-14.22926
-13.23382
-12.25541
-11.27808
-10.25523
-9.237006
-8.220133
-7.229791
-6.245344
-5.227859
-4.234843
-3.240705
-2.257165
-1.327318
-.3837505
.5914014
1.5599
2.572745
3.571407
4.583014
5.584137
6.575139
7.581875
8.570499
9.583708
10.59654
11.5776
12.55871
13.53963
14.51116
15.54281
16.56763
17.56997
18.56774
19.53167
20.51062
21.51938
22.53495
23.55719
24.55128
25.52934
26.52311
27.52179
28.54332
29.55135
30.54157
31.5296
32.51451
33.50249
34.51288
35.50571
36.49719
37.50205
38.50234
39.50941
40.53609
41.54686
42.55326
43.55891
44.53111
45.52008
46.51536
47.5193
48.5597
49.56865
50.56596
51.56948
52.55505
53.55214
54.54372
55.5118
56.49575
57.49041
58.49624
59.50319
60.5092
61.50835
62.50105
63.4986
64.47976
65.47343
66.49567
67.50446
68.52927
69.53984
70.52777
71.53004
72.52782
73.51971
74.49294
75.47745
76.43701
77.43983
78.4509
79.4709
80.49352
81.49864
82.51013
83.49396
84.48012
85.47117
86.4559
87.46533
88.48868
89.49711
90.5176
91.51115
92.49216
93.47404
94.44555
95.43919
96.44446
97.44978
98.47471
99.50146
100.5224
101.5388
102.524
103.5061
104.495
105.4875
106.5009
107.4968
108.4911
109.4859
110.4883
111.5013
112.5083
113.4954
114.4787
115.4619
116.4472
117.4525
118.454
119.4597
120.4454
121.4295
122.4175
123.3865
124.4054
125.4254
126.4468
127.4801
128.4823
129.4673
130.4703
131.4667
132.4375
133.4307
134.3894
135.3625
136.3819
137.381
138.4088
139.4301
140.4511
141.4768
142.4697
143.4663
144.4521
145.4186
146.435
147.4207
148.4196
149.4673
150.4671
151.4908
152.47
153.4361
154.4261
155.4311
156.4353
157.4285
158.4185
159.4042
160.4205
161.433
162.4499
163.4265
164.4084
165.3923
166.3629
167.3805
168.384
169.3987
170.4039
171.3911
172.3913
173.3833
174.3684
175.3782
176.3935
177.3864
178.4054
179.3976
180.3949
181.406
182.3914
183.3791
184.3537
185.3334
186.3398
187.3548
188.3748
189.3912
190.4037
191.4191
192.4103
193.4111
194.4054
195.391
196.3817
197.4023
198.4141
199.4389
200.4595
201.4504
202.468
203.4436
204.438
205.4367
206.4182
207.4039
208.3933
209.4165
210.4067
211.4312
212.436
213.404
214.3934
215.3759
216.3707
217.3629
218.3604
219.3689
220.3796
221.384
222.3911
223.3834
224.3635
225.3587
226.3681
227.3759
228.3919
229.3988
230.3673
231.3456
232.3428
233.3253
234.3278
235.3159
236.294
237.2933
238.3108
239.3545
240.3723
241.3675
242.3613
243.3469
244.3378
245.3572
246.3542
247.3421
248.3343
249.3402
250.3467
251.3597
252.3846
253.384
254.3925
255.3941
256.3715
257.3588
258.3428
259.3247
260.3347
261.3261
262.3129
263.3194
264.3004
265.2986
266.3121
267.3104
268.3391
269.3605
270.3576
271.3772
272.3753
273.3441
274.3315
275.2955
276.2984
277.3391
278.3553
279.3927
280.3792
281.3477
282.3547
283.3338
284.3325
285.3275
286.2865
287.2539
288.256
289.2549
290.2921
291.3302
292.3063
293.3155
294.2993
295.2896
296.3
297.2978
298.301
299.2952
300.3088
301.3179
302.3272
303.3592
304.3522
305.3539
306.3492
307.3175
308.327
309.322
310.3197
311.3193
312.3128
313.2924
314.2919
315.2769
316.2704
317.2804
318.2701
319.2939
320.2823
321.254
322.2683
323.2575
324.2737
325.3114
326.3032
327.2936
328.2983
329.2938
330.2957
331.2952
332.2632
333.2311
334.1992
335.2037
336.209
337.2017
338.2308
339.2348
340.2513
341.2859
342.278
343.2518
344.2287
345.2075
346.2069
347.2275
348.2483
349.2583
350.261
351.2669
352.2686
353.2814
354.3036
355.3087
356.3101
357.323
358.3105
359.3238
360.3229
361.3038
362.3163
363.3072
364.3
365.3118
366.2913
367.2868
368.3044
369.2912
370.3056
371.2889
372.2508
373.2467
374.2101
375.206
376.2443
377.2409
378.2705
379.2789
380.2518
381.2614
382.2482
383.2411
384.2401
385.2363
386.2478
387.2481
388.2598
389.2571
390.2429
391.2439
392.2299
393.22
394.2108
395.2161
396.2201
397.2123
398.2335
399.2513
400.2666
401.2855
402.3033
403.2947
404.3009
405.3217
406.3021
407.312
408.3112
409.3119
410.303
411.303
412.3146
413.282
414.276
415.2473
416.217
417.2253
418.2376
419.2476
420.2463
421.2592
422.2432
423.2393
424.2281
425.2072
426.2181
427.2191
428.2364
429.2398
430.2429
431.2578
432.2526
433.2376
434.2416
435.2209
436.2085
437.2299
438.2211
439.2231
440.2425
441.2341
442.2208
443.2197
444.1968
445.2106
446.2014
447.1728
448.1762
449.165
450.2028
451.2385
452.2495
453.2419
454.2176
455.2071
456.2014
457.2061
458.1979
459.1917
460.1897
461.1766
462.1717
463.1884
464.1859
465.1996
466.2083
467.202
468.1933
469.1835
470.1715
471.1367
472.1223
473.1072
474.0943
475.1082
476.131
477.1198
478.1466
479.1372
480.1199
481.1621
482.1593
483.1711
484.1606
485.12
486.1037
487.1022
488.1149
489.131
490.1407
491.1316
492.136
493.1507
494.1593
495.1674
496.1639
497.14
498.1474
499.1556
500.148
501.1735
502.162
503.1547
504.1775
505.1575
506.1534
507.1503
508.1469
509.1795
510.1997
511.2159
512.2057
513.1871
514.1682
515.1527
516.1475
517.1475
518.1636
519.1629
520.1847
521.1802
522.1659
523.1567
524.1442
525.1378
526.131
527.1652
528.1514
529.1318
530.1347
531.1098
532.116
533.1394
534.1347
535.146
536.1528
537.1528
538.1393
539.1228
540.1166
541.0922
542.0884
543.0808
544.0751
545.0789
546.0997
547.1215
548.1257
549.1289
550.1321
551.1185
552.1153
553.109
554.0937
555.0881
556.0728
557.0971
558.1071
559.1349
560.1642
561.1668
562.1621
563.146
564.1481
565.1443
566.1471
567.126
568.1077
569.0847
570.0852
571.0855
572.098
573.1091
574.0999
575.1197
576.0928
577.0871
578.1004
579.1071
580.1147
581.1226
582.1118
583.1016
584.113
585.1053
586.0944
587.0911
588.0937
589.1069
590.1236
591.1332
592.1033
593.0703
594.0549
595.0283
596.0333
597.0594
598.0538
598.6151
598.6733
598.1905
597.2443
596.2294
595.2167
594.2345
593.218
592.2138
591.2261
590.2274
589.2562
588.2784
587.2782
586.2903
585.28
584.2722
583.2565
582.2415
581.2462
580.2301
579.2567
578.2542
577.2341
576.2229
575.2036
574.2078
573.2095
572.2319
571.2167
570.2241
569.2343
568.2291
567.2577
566.2266
565.2244
564.2277
563.2247
562.2742
561.2733
560.2828
559.2817
558.2577
557.2636
556.2577
555.2493
554.2445
553.2494
552.2533
551.2627
550.2734
549.2695
548.2817
547.2834
546.2595
545.2522
544.229
543.23
542.256
541.2722
540.2518
539.2593
538.2576
537.2501
536.3066
535.3042
534.314
533.3246
532.3034
531.2943
530.2863
529.2645
528.2618
527.2696
526.2847
525.3091
524.3219
523.3307
522.3199
521.2922
520.2947
519.2949
518.2793
517.3206
516.3177
515.339
514.3654
513.3619
512.3752
511.3717
510.3558
509.338
508.3252
507.311
506.3311
505.3292
504.3453
503.33
502.313
501.3286
500.3068
499.3182
498.3017
497.2917
496.2779
495.2784
494.2942
493.2977
492.3064
491.3071
490.2887
489.2816
488.2857
487.2686
486.2895
485.3019
484.3076
483.3101
482.3185
481.295
480.2889
479.3008
478.2774
477.2867
476.2999
475.3044
474.3369
473.3464
472.351
471.3306
470.3146
469.3434
468.3172
467.3369
466.3493
465.3332
464.3383
463.3527
462.3479
461.3466
460.3723
459.3699
458.3659
457.3541
456.3517
455.3395
454.3479
453.3632
452.3574
451.3556
450.3556
449.3348
448.3356
447.3428
446.3484
445.3573
444.3572
443.3471
442.3366
441.3263
440.3153
439.3189
438.3223
437.3318
436.3538
435.3669
434.383
433.3895
432.388
431.3713
430.3616
429.3707
428.3738
427.3825
426.4022
425.3871
424.3889
423.3871
422.3397
421.3474
420.323
419.3189
418.3348
417.3192
416.3521
415.3793
414.4011
413.4383
412.4134
411.4063
410.4194
409.4165
408.4602
407.4724
406.4618
405.4619
404.4096
403.4037
402.3964
401.3756
400.3961
399.3904
398.4005
397.4098
396.4326
395.4481
394.4512
393.4402
392.4169
391.3951
390.3851
389.3966
388.4019
387.3989
386.4018
385.4101
384.4203
383.4333
382.4216
381.4146
380.3942
379.3938
378.3829
377.3721
376.3957
375.4084
374.4362
373.4594
372.4564
371.4341
370.425
369.412
368.4032
367.4003
366.399
365.3922
364.3903
363.3901
362.3923
361.3954
360.3998
359.4379
358.4452
357.4714
356.4804
355.444
354.4314
353.4108
352.4076
351.4105
350.4052
349.4016
348.3813
347.3764
346.3918
345.4016
344.4143
343.4278
342.4298
341.4342
340.4345
339.4178
338.4097
337.4147
336.4128
335.4323
334.4529
333.4403
332.4519
331.4431
330.4261
329.4311
328.4341
327.4224
326.4028
325.4089
324.4089
323.4272
322.4446
321.4496
320.4424
319.4385
318.4554
317.4399
316.4424
315.4477
314.4296
313.4457
312.4495
311.4619
310.4848
309.483
308.483
307.4862
306.4981
305.4798
304.49
303.4934
302.4669
301.4875
300.4578
299.4442
298.4366
297.4276
296.4534
295.446
294.4633
293.462
292.4531
291.4503
290.4343
289.4108
288.3896
287.3883
286.3992
285.4277
284.4557
283.476
282.4599
281.4582
280.4525
279.449
278.461
277.4579
276.4542
275.4382
274.4406
273.4446
272.4524
271.4592
270.4564
269.444
268.4415
267.4344
266.4292
265.4293
264.4245
263.4427
262.4472
261.4688
260.4771
259.4665
258.4734
257.4622
256.4771
255.466
254.468
253.4702
252.431
251.4299
250.4202
249.4198
248.4518
247.4553
246.4637
245.4698
244.4771
243.5091
242.5229
241.5128
240.503
239.48
238.4562
237.4632
236.4626
235.494
234.5017
233.4956
232.4955
231.4785
230.483
229.517
228.5202
227.5262
226.5378
225.527
224.5347
223.5379
222.5424
221.5377
220.5138
219.5043
218.4872
217.4844
216.506
215.53
214.521
213.512
212.5037
211.4777
210.5133
209.5289
208.5459
207.5604
206.5526
205.5723
204.5846
203.6039
202.6246
201.6118
200.6157
199.6024
198.5705
197.574
196.5829
195.5841
194.6154
193.6185
192.5868
191.5899
190.5666
189.5482
188.5367
187.5221
186.5223
185.5097
184.5151
183.5119
182.5066
181.5364
180.5251
179.5327
178.5327
177.5404
176.5573
175.56
174.5759
173.5687
172.5632
171.5621
170.5567
169.5355
168.5513
167.5503
166.5563
165.5867
164.5799
163.5814
162.5705
161.5499
160.5457
159.5509
158.5604
157.5641
156.5855
155.5833
154.595
153.6039
152.6028
151.6127
150.5873
149.5875
148.5717
147.5752
146.5935
145.5844
144.5999
143.5864
142.5651
141.5734
140.5709
139.5681
138.5682
137.5608
136.5608
135.5876
134.6076
133.6208
132.618
131.5865
130.5825
129.5771
128.5602
127.5817
126.5954
125.5998
124.6186
123.6215
122.6052
121.6111
120.6204
119.6052
118.6146
117.6044
116.6119
115.6224
114.6376
113.6369
112.6222
111.6175
110.5889
109.594
108.5977
107.6172
106.641
105.6427
104.6396
103.6279
102.6429
101.6623
100.6808
99.68494
98.67093
97.64388
96.63761
95.62373
94.62933
93.64133
92.63996
91.64342
90.63581
89.63927
88.64019
87.66504
86.65556
85.64242
84.62862
83.61615
82.62201
81.63357
80.63319
79.63677
78.65314
77.65596
76.67735
75.69183
74.68517
73.67389
72.68199
71.63469
70.63831
69.65584
68.62828
67.64806
66.66222
65.65155
64.66758
63.67707
62.67617
61.68931
60.66836
59.6677
58.6521
57.62933
56.65115
55.67542
54.69139
53.72784
52.73
51.71113
50.69877
49.68066
48.67022
47.68297
46.68426
45.68714
44.69023
43.68343
42.67288
41.65477
40.65094
39.64658
38.64242
37.66732
36.68114
35.68777
34.69733
33.68825
32.68029
31.69415
30.68266
29.67831
28.67882
27.66854
26.6957
25.72388
24.73635
23.74817
22.75396
21.73549
20.73385
19.73404
18.72664
17.72519
16.72566
15.70691
14.71683
13.73067
12.75768
11.77006
10.7762
9.775871
8.759015
7.742389
6.726852
5.746038
4.740011
3.76542
2.766576
1.756059
.759609
-.2292134
-1.19682
-2.16233
-3.126403
-4.099409
-5.089024
-6.102942
-7.094126
-8.106707
-9.108506
-10.11012
-11.1228
-12.11201
-13.1
-14.10753
-15.10324
-16.1265
-17.13586
-18.12289
-19.12974
-20.10337
-21.09916
-22.09786
-23.12102
-24.1339
-25.12313
-26.09226
-27.05881
-28.05964
-29.08057
-30.13309
-31.15272
-32.14747
-33.14207
-34.11536
-35.09107
-36.09236
-37.09584
-38.09534
-39.09934
-40.12239
-41.1411
-42.13334
-43.15305
-44.12244
-45.08575
-46.10355
-47.08587
-48.1106
-49.12672
-50.12241
-51.11968
-52.10215
-53.1056
-54.10481
-55.09708
-56.10382
-57.1003
-58.08604
-59.08909
-60.08539
-61.10373
-62.12505
-63.12791
-64.11391
-65.08881
-66.08559
-67.10991
-68.11922
-69.15289
-70.16193
-71.13763
-72.14136
-73.11604
-74.07875
-75.09201
-76.08723
-77.06859
-78.09957
-79.09248
-80.09744
-81.10583
-82.10689
-83.10747
-84.09436
-85.07413
-86.07072
-87.06242
-88.0864
-89.11691
-90.09046
-91.09267
-92.07895
-93.07471
-94.08051
-95.09235
-96.07696
-97.06323
-98.07269
-99.0459
-100.0473
-101.0579
-102.0445
-103.0432
-104.0492
-105.0349
-106.034
-107.0456
-108.0607
-109.0773
-110.0932
-111.0978
-112.0848
-113.0935
-114.0931
-115.0915
-116.0949
-117.0794
-118.0813
-119.0905
-120.0795
-121.0799
-122.0737
-123.0676
-124.0711
-125.0705
-126.0677
-127.0667
-128.0672
-129.0661
-130.058
-131.0705
-132.0775
-133.082
-134.084
-135.0631
-136.063
-137.062
-138.0664
-139.0563
-140.0518
-141.0323
-142.0345
-143.0674
-144.0618
-145.0864
-146.0864
-147.0675
-148.0693
-149.0729
-150.0829
-151.0833
-152.0973
-153.0678
-154.0588
-155.0548
-156.0404
-157.061
-158.0529
-159.0612
-160.0606
-161.0585
-162.0702
-163.0717
-164.0424
-165.0278
-166.0232
-167.0054
-168.0379
-169.0621
-170.0703
-171.0943
-172.1031
-173.0775
-174.0723
-175.0479
-176.0165
-177.0312
-178.0028
-178.9787
-179.9953
-180.9819
-181.9995
-183.0065
-183.9993
-185.0019
-185.9938
-186.9951
-188.0066
-189.0105
-190.0262
-191.0352
-192.0068
-192.9992
-193.9729
-194.9772
-195.9891
-196.9853
-.1445218
-.136425
-.1259182
-.1125962
-.097228
-0.089848
-0.084075
-0.080424
-0.077608
-0.073516
-0.070397
-.0666528
-0.062692
-0.059917
-0.056301
-0.052026
-0.049439
-0.046777
-0.044156
-0.042952
-0.041253
-0.039614
-0.038093
-0.036209
-0.034472
-0.030974
-0.028152
-0.026013
-0.023498
-0.023002
-0.021775
-0.020366
-0.020031
-0.019237
-0.018698
-0.017570
-0.014752
-0.012273
-0.009839
-0.008249
-0.007618
-0.006448
-0.005646
-0.004798
-0.004247
-0.004377
-0.004343
-0.003649
-0.002859
-0.001513
0.000625
0.002201
0.004290
0.006674
0.009115
0.010050
0.010320
0.010584
0.010722
0.012070
0.014029
0.015173
0.015305
0.016269
.0168789
0.018645
0.020299
0.020952
0.022127
0.021956
0.022877
0.023764
.0243018
0.025436
0.026849
0.028980
0.030594
.0312422
.0306289
0.030774
0.031596
0.032275
0.033087
0.032250
0.031595
0.032448
0.033807
0.035758
0.037293
.0382008
0.038647
0.040295
0.042246
.0434035
0.044132
0.043790
0.042413
0.042150
0.043135
0.043410
0.044653
0.045581
0.045792
0.047523
0.049863
.050693
.050829
0.050268
0.048926
0.048637
0.048746
0.049198
0.049551
0.050634
0.052550
0.054262
.0561755
0.056962
0.057440
0.057470
0.057067
0.057537
0.057736
0.058383
.0592377
0.060405
0.061639
.0622895
0.063074
0.063756
0.065764
0.067019
0.067938
0.068335
0.067598
.0683879
0.068998
0.069990
0.070817
0.071041
0.071661
0.072931
.0749177
0.076301
0.077344
0.077693
.0775563
0.077503
0.078584
0.078854
0.078362
0.078746
0.079060
0.080331
0.082760
0.084110
0.084502
0.084497
0.084215
0.084467
0.084925
0.086209
0.087190
0.087770
0.089087
0.090209
0.091156
0.092776
0.094086
0.094833
0.095259
0.095847
0.096698
0.097496
0.098636
.100531
.1016736
.1030579
.1047315
.1050936
.1066467
.1074246
.1078534
.1085698
.1088236
.1107415
.1126031
.1144811
.1165255
.1168494
.1178621
.1201178
.1220911
.1242455
.1254608
.1254903
.125861
.1271102
.1284321
.1301256
.1310378
.1316086
.1331228
.1347756
.1381956
.1393945
.1406168
.1418624
.1419707
.1443174
.1465913
.1486183
.1507285
.1524801
.1540073
.1560707
.1575806
.1586642
.1601325
.1602859
.1620469
.1650987
.1680492
.1724861
.1750139
.1781289
.1812465
.1841892
.1877278
.1900572
.193135
.1948164
.197636
.2000217
.2024775
.2056445
.2093477
.2134312
.2172453
.221716
.2258455
.2305293
.2351698
.2392594
.2427997
.2450485
.2484
.2522488
.2567663
.2634087
.2694499
.2757129
.282137
.286781
.29079
.2948796
.2977278
.3015194
.3067871
.3116805
.3198752
.3281687
.336645
.3447583
.3514718
.3583628
.3661764
.3759286
.385654
.3944612
.4033766
.4121569
.4209442
.4326412
.4442039
.4536885
.4647185
.4750788
.4866727
.501697
.5163323
.5305787
.5430544
.555324
.5695323
.5816918
.5976837
.6150676
.630771
.6504721
.6712309
.6897445
.710965
.7315627
.7504218
.7693183
.7894282
.8121024
.8349714
.8627547
.8950728
.9228153
.9520669
.9813947
1.005107
1.032802
1.06329
1.09204
1.124195
1.156763
1.193658
1.231848
1.271194
1.315448
1.353556
1.391479
1.435705
1.476452
1.522023
1.574149
1.623063
1.674345
1.726517
1.777359
1.83251
1.884254
1.94178
1.999583
2.057323
2.12498
2.191562
2.261019
2.335309
2.402678
2.471617
2.540977
2.608571
2.687421
2.770312
2.857669
2.953293
3.042865
3.131725
3.223445
3.311985
3.404916
3.497302
3.592338
3.696313
3.79923
3.918551
4.042721
4.155447
4.2734
4.382987
4.482054
4.596433
4.71189
4.832049
4.960488
5.091537
5.228083
5.360495
5.497226
5.634377
5.757288
5.88615
6.023202
6.151997
6.301391
6.454975
6.59879
6.756918
6.905603
7.050891
7.201723
7.351912
7.514834
7.671511
7.821769
7.977286
8.115993
8.262901
8.425419
8.570342
8.722826
8.882374
9.028815
9.18882
9.352221
9.523006
9.687246
9.839472
9.992014
10.12321
10.25332
10.40015
10.53216
10.66731
10.8161
10.95633
11.10567
11.25702
11.39347
11.51787
11.6223
11.7229
11.82362
11.92393
12.04255
12.15722
12.26696
12.37954
12.47068
12.55985
12.64552
12.7184
12.79935
12.87118
12.93785
13.01698
13.08646
13.15206
13.21419
13.25601
13.29107
13.32208
13.35671
13.3999
13.43339
13.46873
13.49523
13.4961
13.50878
13.51345
13.50049
13.49729
13.48501
13.46858
13.4627
13.46128
13.46256
13.44695
13.42557
13.39164
13.33459
13.29064
13.25266
13.20217
13.1672
13.13346
13.08664
13.04634
13.00183
12.94744
12.88316
12.8139
12.74678
12.67211
12.60938
12.55742
12.49209
12.42922
12.36669
12.28692
12.214
12.14714
12.07714
12.00861
11.93989
11.87027
11.79778
11.72586
11.66034
11.58484
11.50707
11.43509
11.35779
11.28836
11.22885
11.16167
11.09554
11.02503
10.94924
10.87781
10.80452
10.736
10.66882
10.59983
10.53873
10.47756
10.41773
10.3602
10.29747
10.23225
10.16682
10.10008
10.04004
9.981928
9.925859
9.874128
9.81941
9.765146
9.711163
9.654473
9.601738
9.545968
9.490269
9.436831
9.381534
9.331028
9.284599
9.234679
9.188749
9.142444
9.093618
9.050334
9.004974
8.959465
8.915935
8.868427
8.823868
8.779941
8.737464
8.698761
8.658135
8.618402
8.580426
8.541647
8.506278
8.471056
8.434122
8.39731
8.35911
8.321609
8.284479
8.248394
8.215094
8.181437
8.150547
8.12075
8.088621
8.058662
8.027291
7.993917
7.962524
7.931496
7.900301
7.87221
7.845159
7.818746
7.792707
7.765534
7.738744
7.710435
7.684108
7.658731
7.631616
7.606067
7.580336
7.555055
7.531714
7.508935
7.4861
7.462827
7.440061
7.417954
7.395679
7.373013
7.351623
7.328556
7.306121
7.285711
7.264216
7.244148
7.224771
7.204465
7.186096
7.168611
7.150281
7.131741
7.112112
7.092095
7.07314
7.054486
7.036242
7.018707
7.001728
6.986064
6.970966
6.955493
6.939504
6.922503
6.906095
6.889355
6.87317
6.858015
6.842179
6.827894
6.814417
6.800832
6.788222
6.774606
6.760728
6.747484
6.733401
6.71971
6.706167
6.692116
6.679298
6.667329
6.655813
6.64545
6.634214
6.622381
6.611746
6.600576
6.589809
6.579093
6.567013
6.555647
6.544102
6.533318
6.523095
6.512592
6.502944
6.493599
6.484933
6.477057
6.468505
6.459257
6.449181
6.438703
6.429457
6.420204
6.411546
6.403669
6.394973
6.387523
6.38083
6.373215
6.366285
6.359148
6.35102
6.342916
6.335571
6.328401
6.321818
6.315726
6.31039
6.304926
6.299757
6.295409
6.289858
6.284525
6.279181
6.272914
6.267096
6.261549
6.256872
6.252397
6.247584
6.243189
6.238462
6.233817
6.231224
6.228154
6.223987
6.220293
6.214478
6.209412
6.20471
6.200541
6.196178
6.191356
6.187779
6.184207
6.182213
6.180404
6.177089
6.172641
6.169845
6.165182
6.16365
6.161656
6.156745
6.152284
6.145726
6.14066
6.136065
6.132823
6.130141
6.126439
6.123252
6.119622
6.114933
6.111053
6.107511
6.103651
6.100607
6.098453
6.094893
6.092586
6.090044
6.086263
6.083431
6.079644
6.075688
6.072312
6.0693
6.067046
6.064333
6.06106
6.057562
6.053302
6.051335
6.049566
6.046687
6.044094
6.039896
6.035668
6.032387
6.029518
6.026588
6.023443
6.019944
6.017493
6.015743
6.014809
6.013604
6.009568
6.004779
6.000144
5.996335
5.993901
5.99141
5.988566
5.985681
5.98297
5.981003
5.979203
5.977413
5.975432
5.972291
5.968058
5.96397
5.960348
5.957572
5.956627
5.955164
5.95367
5.951752
5.948874
5.946568
5.943959
5.941285
5.938447
5.934978
5.93207
5.929898
5.928207
5.927931
5.926943
5.925208
5.923539
5.920956
5.919019
5.916973
5.913891
5.911006
5.908112
5.905258
5.903568
5.902285
5.900581
5.898787
5.897336
5.895999
5.89476
5.893889
5.892109
5.888745
5.885715
5.883384
5.88089
5.879929
5.879434
5.878232
5.877797
5.877002
5.875354
5.874106
5.871982
5.86996
5.867554
5.864861
5.863398
5.861273
5.860631
5.860983
5.860802
5.842488
5.814324
5.777641
5.734625
5.703956
5.675802
5.649436
5.623494
5.598901
5.57598
5.554093
5.53436
5.51426
5.495265
5.476328
5.456952
5.438761
5.420849
5.404327
5.388953
5.373215
5.357826
5.341791
5.325504
5.310924
5.295593
5.281415
5.267351
5.253677
5.240725
5.227996
5.215191
5.20342
5.190479
5.177605
5.165529
5.1513
5.139381
5.128541
5.116423
5.105875
5.094456
5.081587
5.07065
5.059146
5.048339
5.037835
5.027083
5.016597
5.005516
4.994972
4.984867
4.974443
4.965055
4.956274
4.946744
4.93745
4.92827
4.918864
4.910326
4.901231
4.891813
4.881934
4.871884
4.862908
4.854017
4.844979
4.836528
4.827055
4.817812
4.809524
4.800146
4.792308
4.784787
4.776866
4.769748
4.762025
4.753971
4.745402
4.737169
4.728981
4.721302
4.713967
4.706851
4.69973
4.692554
4.686044
4.678615
4.67135
4.66361
4.655321
4.647553
4.639911
4.633548
4.627199
4.620697
4.61423
4.606712
4.599066
4.592333
4.585172
4.578663
4.573083
4.566161
4.560552
4.554883
4.54899
4.543124
4.536214
4.528876
4.521955
4.515773
4.510839
4.506509
4.500525
4.494671
4.487584
4.480432
4.473917
4.467191
4.460916
4.454907
4.449445
4.444798
4.440171
4.435467
4.430727
4.42523
4.419344
4.413253
4.40824
4.404019
4.399402
4.394997
4.389044
4.381954
4.37578
4.369577
4.364166
4.359304
4.354613
4.349236
4.344371
4.339434
4.334751
4.329917
4.324576
4.319744
4.314023
4.310118
4.306389
4.301783
4.297395
4.292252
4.285924
4.280059
4.274666
4.269463
4.264886
4.260407
4.256454
4.25148
4.247295
4.243499
4.238924
4.235067
4.230724
4.225695
4.220994
4.216686
4.212263
4.207398
4.202432
4.197097
4.192051
4.187562
4.183441
4.178367
4.174215
4.170251
4.16583
4.162039
4.157565
4.15317
4.148852
4.145256
4.140514
4.136608
4.132443
4.127398
4.123931
4.118817
4.114229
4.109784
4.104182
4.10032
4.094486
4.089731
4.086633
4.081681
4.078416
4.0744
4.068912
4.065206
4.061275
4.056902
4.052409
4.046487
4.040722
4.034981
4.029903
4.025378
4.020442
4.016218
4.01225
4.008153
4.004433
4.000152
3.994581
3.989103
3.98365
3.978734
3.974957
3.971206
3.966971
3.961151
3.954528
3.947991
3.941103
3.935439
3.930275
3.92395
3.918418
3.91356
3.908636
3.904411
3.899511
3.894076
3.887561
3.881077
3.875746
3.870723
3.866418
3.86167
3.853902
3.845435
3.836432
3.828037
3.820561
3.813242
3.805922
3.79873
3.79209
3.786265
3.780293
3.773563
3.766969
3.758053
3.74903
3.740963
3.732556
3.725137
3.717739
3.708786
3.699623
3.689554
3.679316
3.669384
3.658321
3.647614
3.635828
3.624228
3.613859
3.603597
3.594231
3.585127
3.573741
3.561785
3.54951
3.536679
3.525197
3.513329
3.499568
3.486142
3.47132
3.456337
3.441886
3.426713
3.410466
3.393396
3.376684
3.360108
3.343187
3.328477
3.313785
3.294519
3.276126
3.254821
3.231543
3.211994
3.191163
3.170269
3.147989
3.125789
3.103813
3.079813
3.057416
3.033856
3.003605
2.974375
2.944429
2.912221
2.885813
2.860901
2.832928
2.804646
2.772789
2.738451
2.702482
2.666975
2.632191
2.592433
2.552299
2.516282
2.473732
2.434454
2.39658
2.348125
2.300048
2.250599
2.197482
2.147413
2.099847
2.051551
2.001242
1.94468
1.887811
1.826716
1.764161
1.709843
1.644139
1.579327
1.517243
1.448698
1.384485
1.318034
1.243903
1.168666
1.08526
1.002538
.919974
.8359348
.7633082
.684884
.5999541
.5194465
.4239354
.3302261
.2375346
.1296422
0.026014
-0.080580
-.1867481
-.2788609
-.3749766
-.4734762
-.5771093
-.6917611
-.8096933
-.9302946
-1.045872
-1.153684
-1.272723
-1.387501
-1.50772
-1.64179
-1.762776
-1.889258
-2.027096
-2.159832
-2.296972
-2.43319
-2.559685
-2.678892
-2.796962
-2.926757
-3.059568
-3.196036
-3.350074
-3.491441
-3.623699
-3.769253
-3.897796
-4.023141
-4.157386
-4.283596
-4.410867
-4.546362
-4.695382
-4.846847
-4.992362
-5.140577
-5.271425
-5.380871
-5.508081
-5.629182
-5.747557
-5.884081
-6.011489
-6.131723
-6.258631
-6.381028
-6.498304
-6.60765
-6.710126
-6.812504
-6.90306
-7.009431
-7.120746
-7.21667
-7.321565
-7.411585
-7.481271
-7.558383
-7.628603
-7.70191
-7.779116
-7.852455
-7.927787
-7.994678
-8.058932
-8.122755
-8.168337
-8.208056
-8.243363
-8.267972
-8.305691
-8.345181
-8.386615
-8.429666
-8.454187
-8.471722
-8.480533
-8.477766
-8.478485
-8.479289
-8.475909
-8.478255
-8.478292
-8.481015
-8.481255
-8.473444
-8.464811
-8.438601
-8.408456
-8.386959
-8.356012
-8.331457
-8.312447
-8.28106
-8.247192
-8.211534
-8.167961
-8.124001
-8.078229
-8.035664
-7.989196
-7.941737
-7.904243
-7.858619
-7.810452
-7.766428
-7.708331
-7.646363
-7.590297
-7.534119
-7.480015
-7.431679
-7.382944
-7.330156
-7.272043
-7.216999
-7.15694
-7.094525
-7.043514
-6.989006
-6.932362
-6.883823
-6.828772
-6.773434
-6.721362
-6.664776
-6.608498
-6.549465
-6.492513
-6.440457
-6.384116
-6.335339
-6.2833
-6.228665
-6.179701
-6.128363
-6.078619
-6.030949
-5.982103
-5.931902
-5.882946
-5.834387
-5.787731
-5.743212
-5.698652
-5.654458
-5.607522
-5.561762
-5.516576
-5.471364
-5.428278
-5.385458
-5.342545
-5.30173
-5.260442
-5.220633
-5.182007
-5.141665
-5.102153
-5.063025
-5.024758
-4.988883
-4.953202
-4.918312
-4.883088
-4.847129
-4.812749
-4.778498
-4.741453
-4.707681
-4.672225
-4.637617
-4.607583
-4.576598
-4.546474
-4.515969
-4.485556
-4.455036
-4.423799
-4.394658
-4.364542
-4.335153
-4.307902
-4.279828
-4.25225
-4.225893
-4.198858
-4.170588
-4.144297
-4.11713
-4.092105
-4.067912
-4.043918
-4.020864
-3.995694
-3.972054
-3.947456
-3.922789
-3.898895
-3.875469
-3.852748
-3.830468
-3.808836
-3.787548
-3.766344
-3.744542
-3.722269
-3.699916
-3.679091
-3.659632
-3.64067
-3.622409
-3.60299
-3.584073
-3.565454
-3.546093
-3.526864
-3.507936
-3.488118
-3.469301
-3.451198
-3.432721
-3.415574
-3.398123
-3.380232
-3.36253
-3.345653
-3.329266
-3.314265
-3.298831
-3.284299
-3.268896
-3.252328
-3.237507
-3.221002
-3.205092
-3.189364
-3.17362
-3.158242
-3.143338
-3.129838
-3.115374
-3.101272
-3.08743
-3.073049
-3.059059
-3.046201
-3.033178
-3.019706
-3.007138
-2.993708
-2.980558
-2.968128
-2.955135
-2.942575
-2.929871
-2.917386
-2.90486
-2.891769
-2.879864
-2.867931
-2.85598
-2.845159
-2.833753
-2.822367
-2.811732
-2.800567
-2.789334
-2.77824
-2.766855
-2.755557
-2.743777
-2.733362
-2.722999
-2.71259
-2.703341
-2.692711
-2.682092
-2.671407
-2.661036
-2.650974
-2.641598
-2.633364
-2.624209
-2.615072
-2.605451
-2.594903
-2.585155
-2.576023
-2.565879
-2.555364
-2.545369
-2.536546
-2.528217
-2.520989
-2.513195
-2.503573
-2.494535
-2.485751
-2.477228
-2.469821
-2.462882
-2.455589
-2.448443
-2.440386
-2.43275
-2.424403
-2.416289
-2.407957
-2.399232
-2.391325
-2.382483
-2.374911
-2.368075
-2.361029
-2.354247
-2.346318
-2.337784
-2.330784
-2.324622
-2.319648
-2.314085
-2.307672
-2.301343
-2.294527
-2.287683
-2.281646
-2.274609
-2.266796
-2.260715
-2.253214
-2.246637
-2.241006
-2.23461
-2.227988
-2.220884
-2.214423
-2.208366
-2.203571
-2.199693
-2.195404
-2.190615
-2.185674
-2.180509
-2.174451
-2.168887
-2.16299
-2.156336
-2.150172
-2.143993
-2.138258
-2.132949
-2.128716
-2.123364
-2.117327
-2.112161
-2.10744
-2.103446
-2.10066
-2.097422
-2.092934
-2.08882
-2.084066
-2.079419
-2.075245
-2.07082
-2.06684
-2.062299
-2.057646
-2.054619
-2.051303
-2.048039
-2.044838
-2.039088
-2.034686
-2.030543
-2.026757
-2.024774
-2.021215
-2.01816
-2.014472
-2.010268
-2.006464
-2.002706
-1.999271
-1.995968
-1.99229
-1.988537
-1.984601
-1.980506
-1.97747
-1.974378
-1.972097
-1.969893
-1.96756
-1.965138
-1.963196
-1.960756
-1.957699
-1.954417
-1.950769
-1.947522
-1.944506
-1.942347
-1.94037
-1.937873
-1.936179
-1.933248
-1.92993
-1.927659
-1.925333
-1.923689
-1.922355
-1.920659
-1.918824
-1.91681
-1.914737
-1.912375
-1.908937
-1.906108
-1.902721
-1.899696
-1.898098
-1.896701
-1.895051
-1.894105
-1.892263
-1.889136
-1.888218
-1.886078
-1.88464
-1.883308
-1.882056
