"Version:",9
"Fecha:","05-18-2016"
"Hora:","17:20:55"
"Operador:",""
"HP:",0
"vitramo(6)",-200
"vitramo(7)",-200
"MaxCh",0
"Método:",0
"Técnica:","2-VC",2
"Vinicial:",-200
"Vfinal:",600
"ScanRate:",50
"Rango:",4
"FiltroHard:",1
"SampleRate:",50
"RampStep:",1
"NumCiclos:",1
"AcqConf:",0
"ScanDir:",-32000
"ICellCond.",2
"SoftFilter:",1
"Loop Ini",4
"CountV:",1600
"CountI:",1600
"CountI2:",0
"Xfreq:",10
"SamplesSec",50
20
1,1,0,0,0
0,0,0,0,0
0,0,0,0,0
0,0,0,0,0
0,0,0,0,0
0,0,0,0,0
0,0,0,0,0
0,0,0,0,0
0,0,0,0,0
0,0,0,0,0
0,0,0,0,0
0,0,0,0,0
0,0,0,0,0
0,0,0,0,0
0,0,0,0,0
0,0,0,0,0
0,0,0,0,0
0,0,0,0,0
0,0,0,0,0
0,0,0,0,0
0,0,0,0,0
"Xaxis:",1
"Yxais:",2
"Ymin:",-500
"Ymax:",500
"Xmin:",-200
"Xmax:",600
"Grilla:",1
"BackColor:",15780518
"Pen Color:",255
"E1:",1
"E2:",1
"E3:",0
"E4:",0
"P1:",-200
"P2:",600
"P3:",-3.90625
"P4:",3.90625
"P5:",0
"P6:",0
"P7:",0
"P8:",0
"PretreatEn:",0
"P10:",20
"P11:",0
"P12:",1
"P13:",0
"P14:",-197.0025
"P15:",0
"P16:",0
"Auto Integ",0
"Auto Write",0
"Peak List",0
"Graph Write",0
"Graph names",0
"Graph numbers",0
"Graph Ret.Time",0
"Automatic Save",0
"SaveFilename",0
"Sufix StartNum",0
"E1",0
"E2",0
"E3",0
"E4",0
"Comentario:",""
7
10,0,0,0,0,0,0,10,1,0,1,1,0,0,0,0,99999,-99999
10,0,0,0,0,0,0,10,1,0,1,1,0,0,0,0,99999,-99999
10,0,0,0,0,0,0,10,1,0,1,1,0,0,0,0,99999,-99999
10,-200,0,5000,0,0,0,50,4,10,1,1,0,0,0,0,99999,-99999
3,-200,600,16000,1,50,0,50,4,10,1,1,0,0,0,0,99999,-99999
3,600,-200,16000,-1,50,0,50,4,2,1,1,0,0,0,0,99999,-99999
3,-200,-200,0,0,50,0,50,4,0,1,1,0,0,0,0,99999,-99999
3,-200,0,0,0,50,0,50,4,0,1,1,0,0,0,0,99999,-99999
10000
1
50
1
0
0
0
0
1
0
10
0
0
4
4
0
0
1
250
8
8
0
254
0
0
0
0
0
0
0
0
0
9000.1,4,4,0,0,1
10000,4,4,0,0,1
10999.9,4,4,0,0,1
11999.8,4,4,0,0,1
12999.7,4,4,0,0,1
13999.6,4,4,0,0,1
14999.5,4,4,0,0,1
15999.4,4,4,0,0,1
16999.3,4,4,0,0,1
17999.2,4,4,0,0,1
18999.1,4,4,0,0,1
-199.58
-199.3408
-198.8591
-198.1303
-197.1267
-196.1462
-195.1476
-194.14
-193.1777
-192.1734
-191.1897
-190.2208
-189.2114
-188.2155
-187.2218
-186.2011
-185.1965
-184.1913
-183.1552
-182.1448
-181.1337
-180.1351
-179.1554
-178.1815
-177.1949
-176.1852
-175.1842
-174.174
-173.1632
-172.1873
-171.1895
-170.1896
-169.2197
-168.2211
-167.2156
-166.2199
-165.1937
-164.1599
-163.1568
-162.1522
-161.1647
-160.1909
-159.2109
-158.2169
-157.2003
-156.1909
-155.1692
-154.1519
-153.1635
-152.1747
-151.1872
-150.2159
-149.228
-148.2309
-147.2398
-146.2247
-145.2344
-144.222
-143.2201
-142.2264
-141.2156
-140.2404
-139.242
-138.2374
-137.2276
-136.1994
-135.2034
-134.2037
-133.2082
-132.2142
-131.2174
-130.2183
-129.2336
-128.2464
-127.2348
-126.2408
-125.2317
-124.2402
-123.2558
-122.2538
-121.2604
-120.2672
-119.2488
-118.2498
-117.2389
-116.2075
-115.2187
-114.2196
-113.2213
-112.2345
-111.2226
-110.2256
-109.2338
-108.2427
-107.2409
-106.2121
-105.1812
-104.1768
-103.1686
-102.2027
-101.2285
-100.2199
-99.23328
-98.22927
-97.21754
-96.23734
-95.25281
-94.26709
-93.27249
-92.26935
-91.2731
-90.25803
-89.29086
-88.31233
-87.3055
-86.30698
-85.30044
-84.2856
-83.28048
-82.28639
-81.29172
-80.27402
-79.287
-78.29189
-77.26872
-76.28246
-75.27261
-74.25964
-73.24429
-72.22198
-71.23546
-70.24336
-69.27566
-68.27713
-67.25406
-66.2496
-65.23756
-64.23933
-63.25431
-62.2586
-61.24449
-60.25703
-59.26184
-58.27407
-57.2907
-56.28446
-55.26057
-54.20415
-53.19276
-52.2029
-51.22647
-50.27204
-49.27143
-48.25319
-47.2397
-46.25114
-45.25307
-44.26274
-43.26118
-42.23101
-41.25073
-40.27184
-39.28152
-38.30605
-37.29881
-36.28665
-35.27373
-34.27742
-33.27584
-32.26725
-31.27318
-30.27199
-29.25377
-28.25982
-27.28064
-26.25558
-25.27354
-24.26808
-23.24604
-22.25532
-21.25864
-20.28853
-19.31117
-18.33509
-17.33036
-16.29947
-15.28348
-14.27406
-13.2748
-12.27171
-11.26833
-10.25883
-9.253154
-8.270093
-7.272438
-6.279636
-5.26339
-4.234794
-3.247722
-2.265157
-1.322282
-.3689242
.6116762
1.602513
2.617818
3.619849
4.6074
5.611594
6.569674
7.558216
8.550224
9.563383
10.59011
11.56472
12.56173
13.5427
14.54717
15.57293
16.57532
17.56933
18.57093
19.56327
20.56067
21.55539
22.54766
23.55521
24.55587
25.56783
26.56949
27.54773
28.54311
29.51175
30.48068
31.49576
32.49591
33.51265
34.54498
35.53066
36.52678
37.53092
38.5179
39.52252
40.54013
41.51913
42.51582
43.51575
44.51626
45.55226
46.56987
47.57862
48.57671
49.53015
50.51098
51.49419
52.48686
53.50806
54.48048
55.46731
56.46201
57.4385
58.44608
59.46009
60.45844
61.47363
62.49113
63.49348
64.49168
65.486
66.48587
67.47131
68.46523
69.45995
70.42924
71.428
72.43424
73.45337
74.47979
75.47216
76.4625
77.44653
78.44376
79.44576
80.44913
81.44632
82.44867
83.44829
84.44446
85.46823
86.46775
87.4807
88.49104
89.46389
90.44989
91.42748
92.42588
93.44178
94.46382
95.4977
96.50105
97.51056
98.50316
99.50142
100.4929
101.4591
102.4533
103.446
104.4626
105.4935
106.4839
107.4727
108.4437
109.4246
110.4174
111.4209
112.4319
113.4391
114.4605
115.4478
116.4517
117.4501
118.4326
119.4442
120.43
121.4288
122.4553
123.4539
124.4762
125.4738
126.4608
127.4468
128.421
129.4047
130.3839
131.3876
132.385
133.3956
134.3962
135.3983
136.3962
137.3881
138.3906
139.3757
140.3865
141.3893
142.3864
143.4199
144.4173
145.4221
146.4324
147.4032
148.405
149.4244
150.4312
151.4367
152.4286
153.4236
154.4147
155.4287
156.4322
157.4144
158.3988
159.3877
160.3921
161.4
162.427
163.4229
164.4239
165.4136
166.4034
167.3936
168.384
169.3742
170.3484
171.3606
172.3837
173.408
174.42
175.4271
176.4234
177.3913
178.3897
179.3783
180.3721
181.3989
182.4065
183.4219
184.4254
185.4133
186.4041
187.392
188.3775
189.3702
190.3664
191.3522
192.3498
193.3626
194.3887
195.4055
196.3981
197.4106
198.4065
199.4119
200.44
201.4293
202.4111
203.3942
204.3773
205.3704
206.3576
207.3738
208.3539
209.3289
210.3583
211.3386
212.3479
213.3778
214.3618
215.346
216.3491
217.2992
218.2868
219.3065
220.3038
221.3414
222.35
223.3468
224.3501
225.3528
226.3745
227.3777
228.3487
229.3484
230.3253
231.33
232.3419
233.325
234.3229
235.3022
236.307
237.3255
238.3283
239.3589
240.3503
241.3348
242.3219
243.29
244.2885
245.2926
246.3003
247.3003
248.3094
249.2972
250.2961
251.3167
252.3298
253.3472
254.336
255.3135
256.2982
257.2986
258.3228
259.325
260.326
261.3144
262.2833
263.2897
264.2938
265.2895
266.2953
267.297
268.2874
269.2968
270.3038
271.3046
272.3025
273.2911
274.2953
275.2698
276.2684
277.2817
278.279
279.2914
280.2928
281.278
282.2649
283.2522
284.2485
285.2238
286.2153
287.2284
288.2376
289.2785
290.3089
291.3068
292.3001
293.2754
294.2478
295.244
296.2501
297.2554
298.2684
299.285
300.2874
301.2951
302.2967
303.3156
304.3289
305.3301
306.3519
307.3479
308.3333
309.3419
310.3312
311.2902
312.2834
313.2724
314.2576
315.2643
316.2784
317.3017
318.2974
319.3192
320.2988
321.2787
322.2773
323.2605
324.2633
325.247
326.2534
327.2779
328.2683
329.2907
330.3049
331.2673
332.2761
333.2483
334.2117
335.2116
336.2044
337.2205
338.2226
339.2372
340.2402
341.2508
342.2553
343.2503
344.2548
345.2259
346.2396
347.2406
348.2325
349.2473
350.2469
351.2463
352.2565
353.2587
354.267
355.2826
356.2879
357.287
358.2649
359.2635
360.2285
361.237
362.2407
363.197
364.226
365.2132
366.2206
367.2483
368.2425
369.2427
370.2429
371.2096
372.1999
373.1998
374.1765
375.199
376.206
377.1998
378.2281
379.2604
380.2704
381.2725
382.2693
383.2438
384.2171
385.2188
386.2178
387.226
388.2299
389.2404
390.2292
391.2067
392.2001
393.1723
394.2053
395.2126
396.2202
397.2209
398.2149
399.2247
400.249
401.2709
402.2547
403.2524
404.2461
405.2545
406.2786
407.2895
408.3131
409.303
410.2913
411.2956
412.2633
413.2561
414.25
415.2289
416.2188
417.2313
418.2273
419.2445
420.2654
421.2604
422.2418
423.2172
424.1937
425.1888
426.1881
427.2057
428.2108
429.2013
430.2273
431.2107
432.2179
433.2155
434.1877
435.1887
436.1818
437.1848
438.1779
439.1695
440.1612
441.1467
442.1474
443.1572
444.1512
445.171
446.158
447.1382
448.1539
449.16
450.1876
451.2128
452.2018
453.1729
454.1485
455.1375
456.1628
457.1733
458.2042
459.2209
460.198
461.1971
462.1734
463.1743
464.1618
465.1537
466.1632
467.139
468.1431
469.144
470.1385
471.1334
472.1356
473.1337
474.1228
475.1357
476.1335
477.1271
478.1416
479.127
480.1392
481.1458
482.1562
483.1471
484.1229
485.1261
486.1001
487.1061
488.1165
489.1074
490.1114
491.1046
492.0954
493.0788
494.0639
495.0958
496.1039
497.1236
498.1439
499.113
500.1064
501.0908
502.0793
503.0978
504.1133
505.1429
506.1724
507.1763
508.1875
509.1892
510.1766
511.1655
512.1411
513.1274
514.1146
515.1047
516.088
517.0638
518.0518
519.0569
520.0635
521.0764
522.0827
523.0687
524.0768
525.0681
526.0616
527.0736
528.0828
529.0994
530.0974
531.0836
532.0592
533.0646
534.0818
535.1108
536.1384
537.1289
538.1348
539.1017
540.0955
541.0787
542.0649
543.0822
544.0594
545.0586
546.0757
547.0842
548.0986
549.1261
550.1182
551.09
552.0811
553.0679
554.0657
555.082
556.0985
557.09
558.0876
559.1012
560.1102
561.1285
562.1211
563.1017
564.0829
565.0892
566.0879
567.0972
568.1045
569.0737
570.078
571.0673
572.0636
573.0806
574.046
575.051
576.0453
577.0413
578.0905
579.0901
580.082
581.0643
582.0316
583.0333
584.048
585.0758
586.0892
587.0995
588.0994
589.0876
590.0746
591.0699
592.0474
593.0371
594.053
595.042
596.073
597.0905
598.0815
598.6257
598.6366
598.149
597.1792
596.1675
595.1687
594.1849
593.185
592.1957
591.1959
590.1905
589.1993
588.2096
587.231
586.2424
585.2491
584.2432
583.2417
582.2328
581.2521
580.2429
579.2329
578.2228
577.199
576.2127
575.21
574.2161
573.2173
572.2089
571.2194
570.2361
569.2299
568.2234
567.2088
566.2121
565.238
564.2311
563.2657
562.2749
561.2742
560.2994
559.2789
558.2674
557.2405
556.2243
555.2186
554.1968
553.2064
552.2211
551.2153
550.2484
549.2724
548.2684
547.2687
546.2584
545.235
544.231
543.2345
542.2281
541.2377
540.246
539.2688
538.2821
537.2852
536.2814
535.2443
534.2285
533.2311
532.225
531.2366
530.2539
529.2396
528.2465
527.2452
526.2187
525.2251
524.2299
523.2418
522.2656
521.2558
520.2421
519.2451
518.2261
517.2317
516.2471
515.2418
514.2646
513.2516
512.2428
511.2668
510.281
509.3428
508.3568
507.3463
506.3326
505.2852
504.2773
503.2681
502.2539
501.2567
500.2489
499.2595
498.2512
497.2531
496.2631
495.2375
494.229
493.209
492.2144
491.2387
490.2699
489.2808
488.2662
487.2538
486.2469
485.2731
484.2776
483.3131
482.3173
481.313
480.3357
479.3275
478.317
477.3084
476.2791
475.2619
474.2713
473.2719
472.2839
471.3016
470.3047
469.3192
468.3224
467.306
466.308
465.2975
464.2845
463.2967
462.3049
461.3192
460.3506
459.3596
458.3702
457.3652
456.3585
455.3489
454.3267
453.3301
452.3338
451.3373
450.3441
449.3297
448.3166
447.3214
446.3016
445.2997
444.2885
443.2757
442.2939
441.291
440.3149
439.3121
438.3232
437.3277
436.3161
435.3367
434.3391
433.368
432.3874
431.3892
430.3996
429.3898
428.3678
427.3593
426.3504
425.3479
424.3597
423.3624
422.3434
421.3651
420.3804
419.3796
418.4007
417.3761
416.356
415.3715
414.3695
413.3899
412.4082
411.3984
410.407
409.4223
408.4248
407.4529
406.4469
405.4301
404.4219
403.4037
402.4143
401.4052
400.4026
399.382
398.3655
397.3609
396.3723
395.4005
394.4075
393.4127
392.4167
391.3855
390.382
389.3962
388.3835
387.4046
386.4139
385.4035
384.4234
383.44
382.4294
381.4371
380.4275
379.4017
378.4022
377.3926
376.381
375.3831
374.3513
373.3553
372.3599
371.3562
370.389
369.3656
368.3687
367.3517
366.3416
365.3494
364.3269
363.3275
362.3386
361.3369
360.3642
359.3815
358.3879
357.4116
356.4052
355.386
354.3735
353.3564
352.3704
351.407
350.4107
349.4178
348.3926
347.361
346.368
345.3688
344.3818
343.3909
342.4061
341.4206
340.403
339.4181
338.4119
337.3882
336.401
335.411
334.4078
333.418
332.4239
331.4107
330.405
329.406
328.3991
327.398
326.4044
325.4155
324.4149
323.4102
322.4244
321.4098
320.4368
319.4545
318.4586
317.4547
316.4472
315.444
314.4175
313.4442
312.4416
311.4466
310.4679
309.4592
308.4776
307.4881
306.5007
305.4882
304.4788
303.4773
302.4524
301.4656
300.4636
299.4547
298.4497
297.4082
296.3778
295.3715
294.3716
293.4228
292.4334
291.4274
290.4252
289.4131
288.4247
287.433
286.4336
285.4462
284.4406
283.4553
282.4692
281.4657
280.4938
279.5002
278.5031
277.4999
276.4675
275.4355
274.413
273.3924
272.415
271.4348
270.4664
269.483
268.4686
267.4641
266.4441
265.4215
264.4288
263.4157
262.3945
261.4292
260.4325
259.4534
258.4873
257.4855
256.4781
255.4805
254.4868
253.4996
252.5242
251.5247
250.5061
249.4976
248.4807
247.4466
246.4585
245.4577
244.4599
243.4778
242.4732
241.4626
240.4575
239.4417
238.4445
237.442
236.447
235.4763
234.4696
233.4686
232.4591
231.4814
230.4912
229.5196
228.55
227.5119
226.5087
225.4869
224.4808
223.4905
222.4894
221.4828
220.4745
219.4907
218.4956
217.5138
216.5277
215.5116
214.5335
213.5487
212.5277
211.5314
210.5343
209.5151
208.5474
207.5598
206.5607
205.5653
204.5604
203.5638
202.5695
201.5624
200.5582
199.5575
198.5583
197.5834
196.6027
195.6034
194.5768
193.5439
192.5376
191.565
190.5854
189.6201
188.5957
187.5735
186.567
185.5408
184.5452
183.5284
182.5136
181.5364
180.5438
179.5552
178.574
177.5592
176.565
175.5583
174.5441
173.5581
172.5398
171.539
170.5493
169.5243
168.544
167.5368
166.5308
165.5417
164.5153
163.5308
162.5567
161.5613
160.5773
159.5871
158.5676
157.5603
156.5823
155.5645
154.5575
153.5846
152.5749
151.5916
150.5997
149.5956
148.5948
147.5914
146.5929
145.5737
144.5539
143.5443
142.539
141.5721
140.5965
139.6166
138.6269
137.596
136.5765
135.5593
134.5613
133.5654
132.5714
131.5837
130.5788
129.5812
128.5921
127.5922
126.5773
125.5924
124.5897
123.5953
122.6189
121.6069
120.6136
119.6057
118.5831
117.5928
116.5865
115.5871
114.6248
113.6113
112.6182
111.6142
110.599
109.6186
108.615
107.6132
106.6258
105.6125
104.622
103.6334
102.6379
101.6785
100.6863
99.68239
98.65082
97.59885
96.57632
95.58301
94.59265
93.59995
92.60106
91.60449
90.59736
89.60614
88.61842
87.60728
86.61222
85.61875
84.60282
83.60248
82.61678
81.62436
80.62396
79.63284
78.63708
77.62652
76.64646
75.64188
74.64002
73.63702
72.63361
71.61903
70.61482
69.61852
68.5974
67.60815
66.60107
65.58869
64.61078
63.60608
62.61072
61.61333
60.61917
59.63892
58.64014
57.66233
56.65096
55.65393
54.64253
53.63174
52.63436
51.63515
50.66129
49.67055
48.67863
47.67522
46.66821
45.65011
44.6444
43.64066
42.64511
41.64375
40.64123
39.6396
38.64201
37.66315
36.66423
35.65083
34.62985
33.61718
32.61115
31.63573
30.64995
29.66216
28.68089
27.68817
26.69746
25.70971
24.71924
23.70709
22.71528
21.6973
20.69017
19.69294
18.69276
17.69477
16.68685
15.69482
14.69484
13.71969
12.72099
11.72616
10.73294
9.716649
8.73813
7.739615
6.735256
5.746995
4.738179
3.731178
2.734233
1.721255
.7264727
-.2570664
-1.207585
-2.156584
-3.11516
-4.098269
-5.114136
-6.128368
-7.126024
-8.12429
-9.123447
-10.11106
-11.11892
-12.12043
-13.11229
-14.11906
-15.13963
-16.13471
-17.13718
-18.13903
-19.11785
-20.11407
-21.10993
-22.09627
-23.09261
-24.08996
-25.10987
-26.11285
-27.11841
-28.10799
-29.10303
-30.1035
-31.08916
-32.10132
-33.10306
-34.10801
-35.1352
-36.13973
-37.13222
-38.12916
-39.10758
-40.09751
-41.09335
-42.10455
-43.13395
-44.14364
-45.14696
-46.13025
-47.13248
-48.12406
-49.10648
-50.10339
-51.05977
-52.04783
-53.06482
-54.07541
-55.10114
-56.12139
-57.12455
-58.10954
-59.09568
-60.09274
-61.11031
-62.12222
-63.14909
-64.13411
-65.1073
-66.09292
-67.06145
-68.088
-69.09996
-70.11863
-71.12626
-72.11965
-73.13002
-74.13449
-75.14025
-76.1367
-77.10152
-78.07971
-79.08302
-80.06096
-81.0919
-82.12201
-83.11975
-84.13801
-85.12842
-86.12688
-87.11276
-88.11937
-89.11262
-90.07857
-91.08917
-92.08359
-93.10491
-94.12148
-95.11873
-96.11089
-97.08253
-98.06001
-99.06315
-100.0657
-101.0612
-102.0692
-103.0413
-104.037
-105.0513
-106.0512
-107.0721
-108.0692
-109.0543
-110.0656
-111.0584
-112.0664
-113.0746
-114.06
-115.0735
-116.071
-117.0707
-118.084
-119.0815
-120.0768
-121.0731
-122.0675
-123.0567
-124.0687
-125.0949
-126.0992
-127.0887
-128.0768
-129.0554
-130.0361
-131.0617
-132.0624
-133.0593
-134.0814
-135.0764
-136.0802
-137.0961
-138.0852
-139.0886
-140.0804
-141.0643
-142.0631
-143.0673
-144.073
-145.076
-146.0818
-147.0676
-148.0526
-149.0558
-150.0578
-151.0482
-152.0748
-153.0648
-154.0374
-155.0547
-156.033
-157.037
-158.0732
-159.0644
-160.0585
-161.0546
-162.059
-163.0648
-164.0864
-165.0763
-166.0687
-167.041
-168.0241
-169.0337
-170.0116
-171.0356
-172.0509
-173.0572
-174.0643
-175.0693
-176.063
-177.0625
-178.0686
-179.0484
-180.0279
-181.0034
-182.0056
-183.0097
-184.0329
-185.0567
-186.0293
-187.0144
-187.9973
-188.9662
-189.9832
-190.9839
-191.9652
-192.9812
-193.9819
-194.9974
-196.0123
-197.0025
-.2147748
-.209229
-.2021206
-.194197
-.1848215
-.1804487
-.1759919
-.1718451
-.1677304
-.1634936
-.159916
-.1561434
-.151794
-.1476447
-.1436261
-.1405449
-.1386331
-.1369716
-.1349333
-.1327235
-.1303898
-.1279323
-.1256263
-.1227833
-.119825
-.1170764
-.1146483
-.112733
-.111198
-.1103205
-.1093313
-.1075788
-.1061434
-.1037795
-.1009312
-0.098668
-0.095671
-0.093315
-0.091795
-0.090086
-0.088805
-0.087641
-0.086805
-0.086172
-0.084968
-0.083528
-0.081533
-0.079424
-0.078083
-0.076693
-0.074977
-0.072719
-0.070806
-0.069207
-0.068559
-0.068899
-0.068629
-0.067416
-0.065803
-0.064332
-0.062872
-0.062335
-0.061616
-0.059738
-0.058361
-.0572098
-.0571613
-0.057309
-0.057333
-0.056905
-0.055407
-.0542992
-0.053434
-0.052221
-0.050920
-0.049695
-0.048120
-0.047267
-.0470816
-0.047081
-0.047380
-0.047119
-0.046196
-0.045558
-0.043979
-0.042557
-0.041962
-0.040584
-0.039807
-0.038507
-0.037056
-0.036363
-0.036539
-0.037490
-.0373614
-0.036545
-0.035250
-0.033729
-0.033402
-0.033700
-0.033176
-0.031945
-0.030817
-0.029969
-0.028659
-0.028996
-0.027580
-0.027055
-0.026266
-0.025993
-0.026144
-.0248614
-0.025302
-0.024246
-0.023389
-0.024552
-0.023843
-0.022733
-0.022742
-0.021046
-.0207649
-0.020840
-0.021156
-0.020627
-0.019530
-0.019011
-0.017727
-0.017038
-0.017587
-0.018034
-0.018331
-0.018598
-0.018042
-0.016680
-0.014970
-0.013282
-0.011922
-0.011020
-0.010939
-0.010331
-0.009421
-0.009427
-0.009380
-0.009946
-0.010553
-0.009777
-0.008775
-0.007484
-0.006337
-0.005868
-0.005124
-0.003570
-0.002251
-0.001226
-0.001269
-0.002497
-0.003183
-0.003233
-0.002311
-0.001305
-0.000594
-0.000153
0.000142
0.001252
0.002609
0.003352
0.003853
0.003559
0.003028
0.003725
0.004349
0.005786
0.006862
0.007310
0.008135
0.008306
0.008731
0.009284
0.009332
.0091658
0.009346
0.009867
.010842
0.012113
0.013437
0.014771
0.015999
.0168122
0.017566
0.018261
0.019088
.0202157
0.020157
0.020167
0.020438
0.020975
0.022723
0.024185
0.024397
0.024833
0.025324
0.026540
0.028416
0.029689
0.030465
0.030016
0.029932
0.030165
0.030543
0.031605
0.032971
0.033954
0.035152
.0368659
0.038349
.0393044
0.039994
0.040099
0.039977
0.040042
0.040838
0.041219
0.042254
0.043824
0.045442
0.047072
0.048229
0.049361
0.049934
0.050430
0.050740
0.050833
0.051299
0.052474
0.054077
0.055854
0.057606
0.058695
.0596509
0.062112
0.063791
0.065022
0.065907
0.065519
0.065847
.0674151
0.069667
0.071942
0.074058
0.075482
0.076430
0.078516
0.080484
0.081726
0.083006
0.083229
0.082529
.0838964
0.084977
0.085581
0.088218
0.089838
0.092490
0.095281
0.097618
.1000684
.1000554
.1011452
.101891
.1027529
.1051022
.1076637
.1101836
.1134988
.1162309
.1198129
.1219681
.1240497
.1268824
.1276464
.1299662
.1321526
.1347834
.1381436
.1433411
.1471544
.1507086
.154909
.1559667
.1589094
.1620981
.1639094
.1670409
.1690783
.1722609
.1762032
.1802798
.185136
.1884494
.1917429
.1971362
.2022011
.2076888
.2130657
.2164735
.219896
.2239362
.2289804
.2343564
.2390333
.2444265
.2490428
.2548467
.2621881
.2689882
.2751888
.2812145
.2861946
.2918399
.2985386
.3047956
.3122748
.3198224
.3278525
.3376923
.347014
.3563912
.3648294
.3721371
.3789917
.3864215
.3953474
.4055587
.4157554
.4281029
.4402729
.4507666
.4637414
.4747159
.4860404
.4990359
.5097696
.5213176
.5322731
.5450113
.5590991
.5722939
.5871735
.6015281
.6132944
.6283818
.6450537
.6594915
.676613
.6920816
.7049593
.7198302
.7351265
.7506073
.764598
.7794317
.7957745
.8116667
.8320314
.8541173
.8717247
.8889761
.9056584
.917921
.9331583
.950628
.9668235
.9854609
1.004537
1.024349
1.043506
1.06254
1.082232
1.09698
1.111389
1.127613
1.140315
1.156359
1.175761
1.192869
1.212354
1.230598
1.245595
1.260731
1.274684
1.289851
1.303589
1.315447
1.329002
1.341577
1.355457
1.372137
1.384246
1.394678
1.404536
1.411994
1.423923
1.436474
1.447504
1.457119
1.462226
1.466289
1.471212
1.476081
1.480603
1.484561
1.487044
1.492403
1.498362
1.502522
1.510889
1.512816
1.516324
1.519116
1.516639
1.517671
1.517621
1.518538
1.52128
1.521814
1.522602
1.520798
1.520038
1.519701
1.513881
1.5114
1.507388
1.501979
1.500244
1.496741
1.490819
1.486374
1.481887
1.479167
1.476303
1.472054
1.468259
1.461083
1.453569
1.446863
1.438789
1.432409
1.427968
1.422457
1.4178
1.412885
1.406193
1.399945
1.392413
1.385024
1.377436
1.36991
1.363584
1.357177
1.352035
1.347481
1.341225
1.334842
1.328462
1.320584
1.314096
1.307564
1.299992
1.29352
1.287565
1.281252
1.275653
1.269275
1.262942
1.256117
1.250303
1.245657
1.239765
1.234977
1.22908
1.22123
1.215242
1.208806
1.201681
1.196007
1.19002
1.18429
1.179953
1.175765
1.171262
1.165974
1.160619
1.155271
1.149319
1.143939
1.138945
1.132971
1.128664
1.124794
1.120568
1.116859
1.112812
1.107975
1.102682
1.097665
1.092906
1.087989
1.083622
1.080174
1.075691
1.07206
1.068694
1.063722
1.060009
1.057283
1.053003
1.049271
1.04506
1.040402
1.037059
1.034076
1.03134
1.027531
1.023404
1.019864
1.016296
1.01378
1.011518
1.00804
1.004224
1.000182
.9958628
.9924047
.9885109
.9849281
.9818113
.9783957
.976878
.9746197
.9715038
.968148
.9634633
.959424
.9562457
.9530345
.9501733
.9472591
.9445236
.9429816
.9412526
.9394959
.9372808
.9338496
.9306696
.9273163
.9244906
.9223641
.9199134
.917953
.9159061
.9131583
.9109581
.9082969
.9065541
.9041797
.9023007
.8996829
.8964666
.8937629
.8920313
.8902382
.888731
.8875425
.8842801
.8821994
.880479
.8787491
.8781341
.8760854
.8733801
.8706402
.8683386
.8675685
.8651915
.86362
.8613591
.8587881
.8583533
.8573753
.8555501
.8536062
.851412
.8493893
.8477435
.8467602
.8455431
.8440377
.8427608
.8414908
.8400546
.8388297
.8378015
.8356723
.8332528
.8313504
.8291502
.8279401
.8276498
.8268927
.8267689
.8261383
.8253422
.8240869
.8235612
.8228162
.8211781
.8194422
.8167065
.8150875
.8137985
.8137128
.8133982
.8126429
.8117732
.8109208
.8108108
.8106151
.8102937
.8089648
.8068677
.804838
.8037111
.8031133
.8028405
.8025711
.8017281
.8010603
.8007346
.800317
.7995998
.798426
.7966276
.7953222
.7938591
.7937301
.7937353
.7936183
.7941259
.7939649
.7937664
.7932727
.7927175
.7920834
.7910603
.7899662
.7890203
.7882329
.7881081
.7888799
.7894794
.7898892
.7900606
.7892594
.7895452
.7889701
.7883402
.7875546
.786114
.7862223
.7864128
.7869205
.7877512
.787863
.7876767
.7881436
.7885144
.7884693
.788549
.7876152
.7862015
.7854262
.7853301
.7855917
.7857666
.78568
.7853976
.7850208
.7859433
.7859771
.7860525
.7861703
.7850979
.7847557
.7844854
.7844751
.7848743
.7854531
.7865454
.7870929
.7876836
.7882813
.7877347
.7871855
.7867325
.7855674
.7853785
.7861373
.7867672
.7879791
.7888219
.7895054
.7897184
.7898553
.7911028
.7908697
.7907831
.790414
.7894629
.7902243
.7915913
.7922384
.7926152
.792461
.7915376
.7926516
.793355
.7938557
.794663
.7938799
.7939319
.7954504
.7952027
.7970495
.7968174
.7961192
.7971847
.79704
.7984901
.799003
.798678
.7986201
.7981834
.7984797
.7989129
.7998086
.8009919
.8015558
.802947
.8043989
.8054011
.8065125
.8070053
.8064865
.805894
.8057502
.8060404
.8066797
.8080648
.8097687
.8112361
.8128231
.8137933
.8134563
.8139146
.8141381
.8140774
.8145711
.8145366
.8151646
.8161937
.8175693
.8189778
.8198536
.8205249
.821813
.8235178
.8245339
.8252443
.8252547
.8250511
.825952
.8273935
.8286495
.8293382
.8298033
.8309962
.832539
.8350373
.8363843
.8369569
.8373432
.8374567
.8387102
.8395071
.8406635
.8415142
.8427235
.8443322
.8460075
.8476161
.8489579
.8398606
.8261201
.8087656
.7885109
.775739
.7649246
.7561399
.7475623
.7402217
.7333654
.7266034
.7206401
.7142117
.7078769
.7019162
.6958203
.6914657
.6865627
.6814215
.6764587
.6702841
.6655674
.6603682
.6556341
.6521041
.6479331
.6448883
.641898
.6380258
.6347254
.6313141
.627519
.6241554
.6204565
.6161469
.6135464
.6118425
.6089354
.6061695
.6021379
.5976654
.5945989
.5915471
.5886859
.5860299
.5833151
.5815038
.5794698
.5775294
.5751429
.5724671
.569935
.5671959
.5657943
.5649887
.5635759
.5622159
.5589042
.5549957
.5521821
.5486833
.5473562
.5456098
.5435967
.542448
.5399792
.5382554
.5369066
.5350901
.5335612
.5319127
.5295149
.5278959
.5268798
.5250416
.5236582
.5217741
.5195573
.5176836
.5155102
.5142282
.5130587
.5122003
.5120167
.511004
.5090428
.5081722
.5057207
.5033446
.5018217
.499702
.4985127
.4980544
.4968131
.4950199
.4929721
.4904678
.4886772
.4869673
.4863661
.4854046
.48467
.4834763
.4819664
.4802677
.4782008
.4774376
.4766285
.4753872
.4745929
.4726819
.470667
.469547
.4677408
.4663791
.4647566
.4628015
.4619854
.4613938
.4606679
.4602114
.4590541
.4572505
.4558792
.4545071
.4530475
.4529305
.4521864
.451153
.4500676
.4481359
.4467212
.4448796
.4434381
.4420929
.4405994
.439864
.4398163
.4393954
.4394517
.439171
.4379886
.4366693
.4350892
.4341615
.4338998
.4340307
.4334442
.4318365
.4294595
.4266866
.4250399
.4235871
.4228231
.4219352
.4209815
.4201516
.4194499
.4191251
.4185317
.4183169
.417189
.4164007
.4163566
.4165826
.4169889
.4166883
.4148752
.4125312
.4100745
.4080648
.407267
.405946
.4053439
.404501
.4034997
.4034182
.403031
.4026421
.402228
.4011166
.39965
.3997141
.3989787
.3990107
.3982155
.3964033
.3950104
.3931263
.3921336
.3912595
.3903993
.389359
.388264
.3871379
.3860473
.385298
.3849012
.3840974
.3828725
.3820166
.3808255
.3801109
.3799558
.3790783
.3780475
.3764744
.3751585
.374249
.3734641
.3730007
.372403
.3709416
.3699056
.3690982
.367662
.3676343
.3671795
.3664033
.3655024
.3642767
.3628829
.3612119
.360447
.3600624
.3596102
.359566
.3591675
.3573562
.3564189
.3559702
.354722
.3543876
.3529773
.3511123
.3503301
.3495357
.3483888
.3468728
.3456462
.3434303
.3420548
.3407528
.3395357
.3382632
.337189
.3362188
.3347583
.3344854
.3335785
.3325884
.3312058
.3289293
.3277911
.3268858
.3267264
.3277235
.3267472
.3247297
.3220184
.318271
.3158238
.3144023
.3125329
.3112127
.3102469
.3087821
.3083255
.3078612
.3065419
.3055691
.303977
.3014908
.3001074
.2988089
.2981072
.2969308
.2948458
.2917438
.2882519
.2856454
.2834087
.2809884
.2788262
.2771249
.2748129
.2736772
.2722869
.2709477
.2697219
.2681029
.2664328
.2639345
.2627789
.2612691
.2584684
.2558489
.2516277
.2476897
.2444811
.2415558
.2391415
.2362006
.2332796
.2304132
.2269898
.2245868
.2228179
.2198978
.2175728
.2144621
.2111426
.208569
.2055665
.202105
.1983957
.1938618
.1902928
.1867152
.182843
.1802018
.1759364
.1712405
.1669993
.1613505
.1566875
.1529279
.1483628
.1443434
.1399792
.1352668
.1307562
.1252313
.1193183
.1129747
.1062024
.1005622
0.095169
0.090068
0.086078
0.079974
.0740298
0.066869
0.058559
0.051728
0.044548
0.037534
0.031143
0.023712
0.015419
0.007265
-0.002085
-0.011447
-0.020761
-0.030786
-0.039462
-0.049130
-0.056985
-0.063847
-0.073135
-0.082243
-0.092642
-.1052815
-.1164025
-.1268503
-.1375424
-.1468044
-.1569473
-.1673536
-.1801637
-.1925918
-.2046509
-.2203742
-.2343832
-.2490159
-.2647739
-.276904
-.2876611
-.3001247
-.3125901
-.3266052
-.3404799
-.355518
-.3700017
-.3820132
-.3999576
-.4152504
-.4291199
-.4466476
-.4612379
-.4739943
-.4918633
-.5086062
-.5238063
-.5417004
-.5547652
-.5686252
-.5801316
-.5941008
-.6103075
-.6249602
-.6441156
-.6605249
-.6742732
-.6904262
-.7053093
-.7196951
-.736101
-.7494431
-.7622272
-.7771838
-.7909165
-.8068573
-.8228197
-.8359261
-.849249
-.8595357
-.8698381
-.8794811
-.8878508
-.8982208
-.9074107
-.9167256
-.9282043
-.9380951
-.9483169
-.9590056
-.9663998
-.9737543
-.980259
-.9870253
-.9942334
-1.001039
-1.008869
-1.01398
-1.018209
-1.023333
-1.025585
-1.027293
-1.030698
-1.031516
-1.033299
-1.037547
-1.039784
-1.042535
-1.044778
-1.045114
-1.044586
-1.043084
-1.042729
-1.041916
-1.041788
-1.042866
-1.042389
-1.041001
-1.040508
-1.037614
-1.03364
-1.030176
-1.025606
-1.022409
-1.019942
-1.018942
-1.017592
-1.014751
-1.011783
-1.006646
-1.000238
-.994922
-.9894031
-.9832857
-.9790947
-.9737794
-.9683749
-.9638895
-.9586911
-.9528396
-.9469872
-.9422999
-.9377677
-.93353
-.9301516
-.9262682
-.9212751
-.9167091
-.9110222
-.9038349
-.8982823
-.8917671
-.8856341
-.8800546
-.8737734
-.8688245
-.8630682
-.8571613
-.8510178
-.8442637
-.8390497
-.8345244
-.8299446
-.826431
-.8220738
-.8173467
-.813834
-.8087751
-.8037621
-.7989042
-.7928638
-.7869949
-.7812405
-.7753863
-.7697523
-.7647843
-.7593477
-.7537439
-.7490098
-.7445288
-.7408611
-.7375849
-.734398
-.7300155
-.7255968
-.7213834
-.7167871
-.7127183
-.7087743
-.7048502
-.7008325
-.6972705
-.6937214
-.6899584
-.6851499
-.6814778
-.6763635
-.6716087
-.6686972
-.6646301
-.6618694
-.6593061
-.6564735
-.6533455
-.6497453
-.6451776
-.6419395
-.6377962
-.6349203
-.6325805
-.6277165
-.6246986
-.6217229
-.6183689
-.6165428
-.6140947
-.611127
-.6087691
-.6065376
-.6036703
-.6006064
-.5969439
-.5936356
-.5901464
-.5869655
-.5841641
-.581108
-.5792446
-.577079
-.5745547
-.5711313
-.5677391
-.5650606
-.5633186
-.5624203
-.5613453
-.5598181
-.5578552
-.5554166
-.5527382
-.5504418
-.5480466
-.5453976
-.543478
-.5410612
-.5385153
-.5367923
-.5340739
-.5311131
-.527785
-.5243165
-.5225719
-.5216658
-.5216485
-.5217273
-.5205631
-.5193018
-.5172228
-.5150875
-.513329
-.5109078
-.5088159
-.5076455
-.5055864
-.5044205
-.5031237
-.5007034
-.498193
-.4951048
-.4929496
-.4912673
-.4910975
-.4915055
-.4914267
-.4904539
-.4890462
-.4870686
-.4852633
-.4840731
-.4822609
-.4806956
-.4789189
-.4770729
-.4755726
-.4739163
-.4726836
-.4704002
-.4681887
-.4669213
-.465745
-.4657311
-.4664986
-.4665558
-.4657917
-.4653838
-.4641095
-.46283
-.4618815
-.4606124
-.4590723
-.4576862
-.4561669
-.4549593
-.4537102
-.4527356
-.4519309
-.4503785
-.4497462
-.449255
-.4492074
-.4493079
-.4489908
-.4475191
-.4458723
-.4445686
-.4437803
-.4430171
-.4424394
-.4422046
-.4411123
-.4404947
-.4394499
-.4383013
-.4372999
-.4367663
-.4367897
-.4365844
-.4366901
-.4364206
-.4359815
-.4356306
-.4344603
-.4331402
-.4321752
-.4310412
-.430447
-.4305995
-.4301265
-.4291805
-.429022
-.4275736
-.4266286
-.4266337
-.4263427
-.4273155
-.4283775
-.4276828
-.4268442
-.425719
-.4243512
-.4246388
-.4238505
-.4227867
-.4215047
-.4193269
-.4202634
-.4206168
-.4205995
-.4216346
-.4198172
-.4185828
-.418342
-.4180951
-.4182736
-.4187379
-.4190315
-.4190012
-.4193027
-.4199731
-.4203266
-.4202001
-.4199731
-.4191173
-.418225
-.4183437
-.4184789
-.4193027
-.419346
-.4182666
-.4170227
-.4161694
-.4168105
-.4187561
-.4206107
-.421904
-.4223831
-.4226698
-.4227512
-.4227347
-.4229331
-.4229504
-.4229097
-.4226066
-.4226499
-.422824
-.4235984
-.4240904
-.4237768
-.4229349
-.4226187
-.4236798
-.4255033
-.4279219
-.4301066
-.4308377
-.4314388
-.4327642
-.4333853
-.4343573
-.4356566
-.4356064
-.4360326
-.4364475
-.4365662
-.4369101
-.4376178
-.4380535
-.4384364
-.4391779
-.440686
-.4431904
-.445492
-.4479963
-.4491511
-.4501906
-.4508923
-.4520166
-.4531514
-.4541909
-.4557528
-.4565687
-.457072
-.4580042
-.4589865
-.4600052
-.4621986
-.463653
-.4647531
-.4668936
-.4687301
-.470939
-.4731913
-.4745366
-.4762101
-.4778526
-.4799117
-.4818875
-.4836062
-.4855787
-.4871734
-.4883983
-.489838
-.4908792
-.4923995
-.4944595
-.4968555
-.4990211
-.5018113
-.5042464
-.5064301
-.5089059
-.5103612
