"Version:",9
"Fecha:","05-18-2016"
"Hora:","17:05:46"
"Operador:",""
"HP:",0
"vitramo(6)",-200
"vitramo(7)",-200
"MaxCh",0
"Método:",0
"Técnica:","2-VC",2
"Vinicial:",-200
"Vfinal:",600
"ScanRate:",50
"Rango:",4
"FiltroHard:",1
"SampleRate:",50
"RampStep:",1
"NumCiclos:",1
"AcqConf:",0
"ScanDir:",-32000
"ICellCond.",2
"SoftFilter:",1
"Loop Ini",4
"CountV:",1600
"CountI:",1600
"CountI2:",0
"Xfreq:",10
"SamplesSec",50
20
1,1,0,0,0
0,0,0,0,0
0,0,0,0,0
0,0,0,0,0
0,0,0,0,0
0,0,0,0,0
0,0,0,0,0
0,0,0,0,0
0,0,0,0,0
0,0,0,0,0
0,0,0,0,0
0,0,0,0,0
0,0,0,0,0
0,0,0,0,0
0,0,0,0,0
0,0,0,0,0
0,0,0,0,0
0,0,0,0,0
0,0,0,0,0
0,0,0,0,0
0,0,0,0,0
"Xaxis:",1
"Yxais:",2
"Ymin:",-500
"Ymax:",500
"Xmin:",-200
"Xmax:",600
"Grilla:",1
"BackColor:",15780518
"Pen Color:",255
"E1:",1
"E2:",1
"E3:",0
"E4:",0
"P1:",-200
"P2:",600
"P3:",-15.625
"P4:",15.625
"P5:",0
"P6:",0
"P7:",0
"P8:",0
"PretreatEn:",0
"P10:",20
"P11:",0
"P12:",1
"P13:",0
"P14:",-197.0243
"P15:",0
"P16:",0
"Auto Integ",0
"Auto Write",0
"Peak List",0
"Graph Write",0
"Graph names",0
"Graph numbers",0
"Graph Ret.Time",0
"Automatic Save",0
"SaveFilename",0
"Sufix StartNum",0
"E1",0
"E2",0
"E3",0
"E4",0
"Comentario:",""
7
10,0,0,0,0,0,0,10,1,0,1,1,0,0,0,0,99999,-99999
10,0,0,0,0,0,0,10,1,0,1,1,0,0,0,0,99999,-99999
10,0,0,0,0,0,0,10,1,0,1,1,0,0,0,0,99999,-99999
10,-200,0,5000,0,0,0,50,4,10,1,1,0,0,0,0,99999,-99999
3,-200,600,16000,1,50,0,50,4,10,1,1,0,0,0,0,99999,-99999
3,600,-200,16000,-1,50,0,50,4,2,1,1,0,0,0,0,99999,-99999
3,-200,-200,0,0,50,0,50,4,0,1,1,0,0,0,0,99999,-99999
3,-200,0,0,0,50,0,50,4,0,1,1,0,0,0,0,99999,-99999
10000
1
50
1
0
0
0
0
1
0
10
0
0
4
4
0
0
1
250
8
8
0
254
0
0
0
0
0
0
0
0
0
9000.1,4,4,0,0,1
10000,4,4,0,0,1
10999.9,4,4,0,0,1
11999.8,4,4,0,0,1
12999.7,4,4,0,0,1
13999.6,4,4,0,0,1
14999.5,4,4,0,0,1
15999.4,4,4,0,0,1
16999.3,4,4,0,0,1
17999.2,4,4,0,0,1
18999.1,4,4,0,0,1
-199.635
-199.3845
-198.8902
-198.1369
-197.1439
-196.1276
-195.1035
-194.0906
-193.0707
-192.0859
-191.1138
-190.1489
-189.1464
-188.1604
-187.1472
-186.1361
-185.1563
-184.1429
-183.1322
-182.1075
-181.0905
-180.1031
-179.1259
-178.1594
-177.1799
-176.1557
-175.1462
-174.1438
-173.1386
-172.166
-171.1927
-170.1769
-169.1707
-168.1841
-167.1724
-166.1852
-165.183
-164.1618
-163.1442
-162.1551
-161.1745
-160.172
-159.2114
-158.2111
-157.1788
-156.1865
-155.1782
-154.1678
-153.1992
-152.2197
-151.2148
-150.2294
-149.2522
-148.2514
-147.2542
-146.2577
-145.2431
-144.2328
-143.2336
-142.2159
-141.1984
-140.2141
-139.2255
-138.2383
-137.2599
-136.2451
-135.2245
-134.2189
-133.2049
-132.2013
-131.1904
-130.1744
-129.1852
-128.1934
-127.2193
-126.2499
-125.2327
-124.2257
-123.2192
-122.1891
-121.2059
-120.2144
-119.2047
-118.2096
-117.1954
-116.1891
-115.2194
-114.2392
-113.2366
-112.2198
-111.1884
-110.1928
-109.2188
-108.2332
-107.2248
-106.2035
-105.1737
-104.1667
-103.1614
-102.1561
-101.1635
-100.1786
-99.19025
-98.21078
-97.23479
-96.22478
-95.22607
-94.20393
-93.19675
-92.20003
-91.2161
-90.25116
-89.2471
-88.26689
-87.2635
-86.26028
-85.2503
-84.21761
-83.20506
-82.2083
-81.21477
-80.22545
-79.2383
-78.22456
-77.22092
-76.23997
-75.24637
-74.24132
-73.25241
-72.25365
-71.24394
-70.26519
-69.26658
-68.24287
-67.23294
-66.20856
-65.21148
-64.22864
-63.24609
-62.25203
-61.22685
-60.19543
-59.1969
-58.21894
-57.23181
-56.24812
-55.23833
-54.20854
-53.19208
-52.19433
-51.19529
-50.22969
-49.25211
-48.23518
-47.23405
-46.2098
-45.21814
-44.25111
-43.26781
-42.27037
-41.25507
-40.24957
-39.23377
-38.24834
-37.26068
-36.24533
-35.23973
-34.21654
-33.20655
-32.2291
-31.22675
-30.23339
-29.20422
-28.20243
-27.21077
-26.21906
-25.24331
-24.23212
-23.24564
-22.24939
-21.28646
-20.30282
-19.28155
-18.27486
-17.24226
-16.22376
-15.23786
-14.22852
-13.22604
-12.22555
-11.22134
-10.2201
-9.22464
-8.240011
-7.245476
-6.259955
-5.253995
-4.23945
-3.235273
-2.260534
-1.298342
-.3495245
.5979065
1.574808
2.581809
3.583262
4.595677
5.584962
6.544925
7.540632
8.53548
9.561913
10.56738
11.56764
12.5621
13.54692
14.55577
15.56816
16.58566
17.60207
18.61906
19.61085
20.59462
21.60768
22.58985
23.5771
24.58552
25.5648
26.55179
27.54408
28.52842
29.51846
30.52267
31.52364
32.52827
33.5492
34.57848
35.58511
36.57842
37.56865
38.50966
39.51744
40.51463
41.50954
42.54552
43.52784
44.55067
45.54786
46.55701
47.57864
48.57719
49.56224
50.53875
51.50909
52.49475
53.49835
54.50855
55.53527
56.5358
57.55359
58.54662
59.53717
60.53127
61.49673
62.50844
63.51885
64.52155
65.54179
66.54357
67.53441
68.5231
69.5034
70.48463
71.47824
72.48512
73.52315
74.53932
75.51775
76.5241
77.49957
78.47088
79.49458
80.47507
81.47084
82.49265
83.4772
84.48891
85.50702
86.50223
87.51732
88.49795
89.47168
90.45041
91.44436
92.4685
93.47701
94.49448
95.4949
96.49298
97.51079
98.52718
99.54516
100.5371
101.5163
102.5117
103.5068
104.5265
105.5307
106.5211
107.4981
108.4743
109.4556
110.4571
111.4606
112.4503
113.4692
114.4664
115.4593
116.4709
117.4738
118.4668
119.4762
120.4796
121.4644
122.4598
123.4664
124.4871
125.485
126.4854
127.4698
128.4129
129.3877
130.378
131.3782
132.3827
133.4151
134.4194
135.427
136.4464
137.4426
138.4415
139.4286
140.428
141.4185
142.4182
143.4306
144.4313
145.451
146.4768
147.468
148.4564
149.4555
150.4327
151.4238
152.3987
153.3904
154.3966
155.3748
156.4157
157.4082
158.3781
159.4089
160.3849
161.3871
162.4126
163.4041
164.3991
165.3964
166.3821
167.3708
168.3949
169.4055
170.4193
171.4279
172.4262
173.4207
174.4126
175.4277
176.4156
177.4026
178.4197
179.4221
180.4268
181.4374
182.4129
183.3865
184.3849
185.3589
186.3509
187.372
188.3767
189.3958
190.4273
191.4227
192.4297
193.4284
194.4265
195.4259
196.4108
197.412
198.399
199.4213
200.4497
201.4802
202.5027
203.4709
204.4425
205.4208
206.3941
207.4067
208.4031
209.3903
210.4042
211.3813
212.3792
213.3967
214.384
215.4001
216.419
217.4113
218.4049
219.3979
220.3782
221.3685
222.379
223.3796
224.3854
225.3779
226.3765
227.3828
228.3701
229.3914
230.3868
231.3772
232.3846
233.3512
234.3237
235.2999
236.2781
237.2844
238.2998
239.3369
240.3541
241.3556
242.3707
243.3514
244.3451
245.3557
246.3313
247.3208
248.3281
249.314
250.3381
251.358
252.3748
253.3759
254.3583
255.35
256.3183
257.3109
258.3305
259.3294
260.3355
261.3372
262.3047
263.2891
264.2842
265.2717
266.2734
267.2807
268.2822
269.2888
270.2975
271.3177
272.317
273.3093
274.2998
275.2682
276.2637
277.2629
278.2758
279.2976
280.3188
281.3218
282.3167
283.3065
284.274
285.2773
286.2591
287.2512
288.2683
289.2715
290.3102
291.3106
292.3104
293.326
294.2898
295.2968
296.3008
297.2859
298.291
299.2744
300.2678
301.2797
302.3069
303.3367
304.3522
305.3505
306.3373
307.3074
308.2946
309.2792
310.2672
311.28
312.2828
313.2772
314.275
315.2559
316.2486
317.2433
318.2502
319.2764
320.2659
321.2838
322.2795
323.273
324.304
325.2912
326.2775
327.2616
328.2637
329.2775
330.2944
331.3112
332.2921
333.2901
334.2838
335.2761
336.2576
337.2476
338.2474
339.239
340.2554
341.2724
342.2944
343.2888
344.2831
345.2592
346.2448
347.2521
348.2498
349.2608
350.2529
351.2778
352.2939
353.2914
354.3144
355.326
356.3101
357.3192
358.3015
359.2763
360.2902
361.295
362.3002
363.277
364.2614
365.2252
366.1937
367.2267
368.2393
369.2541
370.2858
371.2615
372.2612
373.2725
374.2588
375.2699
376.2516
377.2424
378.2504
379.2591
380.2828
381.2984
382.2919
383.2809
384.2593
385.2224
386.2273
387.2192
388.2137
389.2525
390.2473
391.2448
392.2632
393.2563
394.2593
395.2722
396.2613
397.2501
398.2565
399.2712
400.2776
401.2838
402.2834
403.2782
404.2929
405.3093
406.3119
407.3148
408.2999
409.2991
410.2919
411.287
412.2854
413.2693
414.2619
415.2494
416.245
417.2542
418.2548
419.2578
420.2587
421.251
422.2466
423.2167
424.2253
425.211
426.1928
427.2007
428.1974
429.2097
430.2183
431.2596
432.244
433.2235
434.2246
435.1943
436.189
437.2055
438.2035
439.1855
440.1999
441.1971
442.1888
443.2002
444.18
445.1739
446.1727
447.1596
448.1624
449.1572
450.1846
451.2001
452.205
453.2162
454.1941
455.191
456.1978
457.2005
458.196
459.2109
460.207
461.1958
462.1891
463.1697
464.1468
465.1353
466.1597
467.1516
468.1595
469.1579
470.1382
471.1416
472.1425
473.1369
474.1472
475.1448
476.1585
477.16
478.1506
479.158
480.1561
481.185
482.2054
483.2194
484.2123
485.1923
486.1763
487.1677
488.1667
489.1641
490.146
491.1348
492.1245
493.1214
494.1399
495.1507
496.1666
497.1855
498.2067
499.19
500.1786
501.1632
502.1397
503.1667
504.1777
505.1746
506.1809
507.1872
508.1871
509.2089
510.2051
511.1851
512.1882
513.1799
514.2026
515.1926
516.1952
517.1969
518.1592
519.1448
520.1424
521.1248
522.1354
523.1563
524.1511
525.1646
526.1503
527.1626
528.1537
529.149
530.165
531.1556
532.1753
533.1831
534.1755
535.1733
536.1659
537.1351
538.1171
539.0927
540.0675
541.0712
542.078
543.0911
544.1133
545.1263
546.1476
547.1413
548.1233
549.1271
550.1048
551.0816
552.0792
553.0804
554.0967
555.1335
556.1463
557.1422
558.1466
559.1554
560.1687
561.171
562.1641
563.1612
564.1401
565.1464
566.1528
567.1365
568.1477
569.1291
570.1331
571.1202
572.1116
573.1113
574.091
575.0984
576.1
577.1089
578.1013
579.1046
580.09
581.0773
582.0894
583.0935
584.1238
585.1469
586.1488
587.1327
588.1089
589.0825
590.06
591.0854
592.0807
593.09
594.1176
595.0987
596.1078
597.121
598.0851
598.6307
598.681
598.1918
597.2354
596.2388
595.2178
594.223
593.2408
592.2159
591.2157
590.2079
589.2081
588.2416
587.2567
586.2704
585.2701
584.233
583.2214
582.2185
581.2242
580.2333
579.2282
578.229
577.223
576.2449
575.2676
574.2781
573.2712
572.2715
571.2389
570.2359
569.2451
568.235
567.2493
566.257
565.277
564.2938
563.3246
562.3394
561.3135
560.3053
559.2814
558.2693
557.2781
556.2639
555.2395
554.2175
553.2113
552.2158
551.2461
550.2501
549.2644
548.254
547.2395
546.2696
545.2668
544.2863
543.285
542.2603
541.2531
540.2408
539.2263
538.2246
537.2198
536.2363
535.2621
534.2979
533.3097
532.3062
531.3034
530.2765
529.269
528.2585
527.2451
526.235
525.2498
524.2774
523.3161
522.3453
521.337
520.3206
519.3176
518.2964
517.3139
516.3164
515.3221
514.338
513.3231
512.345
511.3317
510.3188
509.3164
508.2933
507.297
506.3024
505.3132
504.3132
503.3123
502.3033
501.3077
500.3077
499.3161
498.3147
497.3037
496.2828
495.2631
494.2623
493.2794
492.2982
491.2869
490.2726
489.2602
488.2665
487.2775
486.2975
485.3266
484.3449
483.3529
482.3492
481.31
480.2988
479.3036
478.3149
477.3132
476.312
475.315
474.325
473.3387
472.3588
471.3411
470.3272
469.3223
468.3029
467.2939
466.3053
465.3239
464.3224
463.3573
462.3694
461.3563
460.3722
459.3771
458.3546
457.3379
456.3067
455.2827
454.2941
453.3284
452.3517
451.3524
450.3443
449.3195
448.3149
447.3239
446.3432
445.3593
444.3557
443.3547
442.3414
441.321
440.3262
439.3079
438.301
437.306
436.3072
435.3222
434.3456
433.3644
432.3607
431.3546
430.3187
429.3212
428.2994
427.3236
426.3476
425.3352
424.3759
423.3702
422.374
421.3917
420.3881
419.3745
418.3873
417.3853
416.3985
415.4333
414.433
413.4417
412.4328
411.4234
410.411
409.4196
408.4294
407.4376
406.4467
405.4371
404.4317
403.4195
402.4144
401.4127
400.3975
399.3916
398.3907
397.3903
396.4051
395.4105
394.4209
393.4145
392.4265
391.4182
390.4037
389.411
388.3775
387.3571
386.3604
385.3562
384.3737
383.416
382.419
381.4159
380.3914
379.3893
378.3921
377.3895
376.4246
375.4124
374.4027
373.4216
372.4145
371.421
370.4475
369.442
368.43
367.4249
366.4083
365.4138
364.4321
363.4429
362.4358
361.4138
360.4223
359.4008
358.4061
357.4184
356.4202
355.4532
354.459
353.4676
352.4337
351.4124
350.4148
349.4125
348.4183
347.4054
346.4044
345.396
344.4023
343.3992
342.3969
341.3928
340.3791
339.3858
338.3777
337.3684
336.384
335.3954
334.4
333.422
332.4469
331.4562
330.4505
329.4315
328.4136
327.3788
326.3813
325.4086
324.3909
323.4305
322.4408
321.4049
320.4276
319.4411
318.4393
317.4642
316.4671
315.4423
314.4475
313.4547
312.4515
311.4283
310.4148
309.4065
308.4151
307.4432
306.4764
305.4981
304.484
303.4948
302.4684
301.4511
300.4595
299.4507
298.4631
297.4713
296.468
295.471
294.4643
293.466
292.4646
291.4662
290.4514
289.4307
288.4108
287.3957
286.4174
285.4113
284.4185
283.4326
282.4264
281.4465
280.4709
279.4677
278.4758
277.4741
276.4636
275.4541
274.431
273.4225
272.4096
271.4138
270.4198
269.4307
268.4534
267.4476
266.4442
265.4366
264.438
263.4442
262.4634
261.4923
260.4855
259.4695
258.472
257.4454
256.4463
255.4981
254.4884
253.5004
252.5047
251.4773
250.4686
249.4682
248.4773
247.4783
246.489
245.5143
244.5075
243.5106
242.525
241.5185
240.5019
239.4885
238.4734
237.4477
236.4471
235.4666
234.4917
233.5052
232.5285
231.5282
230.5135
229.5357
228.5172
227.5135
226.5238
225.4939
224.5152
223.5299
222.5274
221.5445
220.5469
219.5324
218.5313
217.5373
216.5495
215.5681
214.5666
213.5687
212.5592
211.5339
210.5359
209.5159
208.5014
207.5219
206.5199
205.5507
204.5853
203.6171
202.6391
201.6181
200.6021
199.568
198.5629
197.5779
196.578
195.5683
194.565
193.5562
192.5577
191.5681
190.5615
189.5601
188.5452
187.5486
186.5555
185.5432
184.5648
183.5483
182.5482
181.5543
180.5477
179.5578
178.5589
177.5549
176.5726
175.5733
174.5682
173.5865
172.571
171.5829
170.5883
169.5653
168.563
167.5269
166.5311
165.5687
164.5744
163.6262
162.6068
161.5815
160.5713
159.5317
158.5455
157.5344
156.5349
155.5693
154.5673
153.5857
152.5984
151.5974
150.6024
149.6099
148.6015
147.5852
146.5852
145.5822
144.5885
143.5913
142.5928
141.585
140.5642
139.5446
138.5325
137.5123
136.5206
135.5549
134.5655
133.604
132.5944
131.5719
130.5734
129.5671
128.584
127.5954
126.6023
125.5849
124.5791
123.5811
122.5759
121.5752
120.5808
119.5974
118.5746
117.5877
116.6055
115.6014
114.6212
113.615
112.5899
111.5634
110.5693
109.5974
108.5859
107.6139
106.6239
105.6207
104.6676
103.6791
102.6881
101.6844
100.676
99.6514
98.63806
97.63207
96.62779
95.64928
94.64597
93.65233
92.64035
91.63577
90.62398
89.60497
88.6154
87.58838
86.60274
85.61793
84.61931
83.63718
82.64265
81.64066
80.64992
79.66582
78.6599
77.66006
76.65833
75.64647
74.66002
73.67006
72.66064
71.65717
70.63379
69.61533
68.61002
67.59604
66.60551
65.61446
64.62819
63.648
62.66893
61.68027
60.68282
59.6825
58.66233
57.64981
56.65096
55.66557
54.68105
53.69859
52.69332
51.67228
50.67382
49.68295
48.69836
47.70838
46.70324
45.69091
44.67128
43.68247
42.68085
41.6868
40.69319
39.69266
38.69139
37.68877
36.67422
35.66646
34.67445
33.65127
32.6584
31.66837
30.64245
29.64922
28.6482
27.62693
26.658
25.6694
24.69192
23.72832
22.71893
21.73848
20.75162
19.74097
18.76027
17.7623
16.74607
15.75355
14.74592
13.73398
12.72946
11.73412
10.72982
9.717871
8.709781
7.677288
6.684536
5.716335
4.736875
3.755415
2.751882
1.720628
.7344307
-.2475399
-1.202566
-2.123861
-3.099657
-4.073702
-5.077219
-6.118099
-7.105122
-8.107714
-9.119089
-10.09246
-11.12122
-12.09901
-13.07857
-14.08841
-15.06906
-16.08288
-17.10096
-18.10365
-19.12243
-20.13396
-21.14661
-22.17559
-23.16027
-24.16306
-25.14466
-26.11196
-27.12675
-28.13647
-29.13212
-30.12726
-31.11346
-32.10785
-33.11821
-34.1305
-35.13391
-36.12713
-37.14527
-38.13669
-39.14853
-40.14598
-41.12328
-42.12728
-43.12396
-44.15315
-45.13692
-46.12125
-47.11686
-48.08096
-49.10639
-50.1162
-51.11278
-52.11039
-53.08391
-54.07824
-55.07388
-56.09019
-57.09298
-58.09776
-59.09799
-60.11287
-61.12827
-62.12751
-63.13482
-64.09969
-65.10104
-66.10232
-67.095
-68.10755
-69.10656
-70.11508
-71.10682
-72.12212
-73.13398
-74.10802
-75.12041
-76.08668
-77.04763
-78.07577
-79.0703
-80.09451
-81.10644
-82.10763
-83.117
-84.09523
-85.09819
-86.09836
-87.08134
-88.08561
-89.089
-90.05537
-91.07507
-92.08195
-93.06625
-94.09041
-95.05354
-96.03086
-97.03632
-98.01443
-99.02579
-100.0482
-101.0571
-102.0681
-103.05
-104.0248
-105.0162
-106.0187
-107.0271
-108.0431
-109.0494
-110.0534
-111.0915
-112.1013
-113.0957
-114.0959
-115.0677
-116.073
-117.0776
-118.0778
-119.105
-120.1007
-121.1217
-122.1123
-123.0886
-124.0585
-125.0246
-126.0136
-127.013
-128.0324
-129.0307
-130.0425
-131.0532
-132.0618
-133.0848
-134.0891
-135.0741
-136.0666
-137.0495
-138.0438
-139.0481
-140.0591
-141.0347
-142.0367
-143.0322
-144.0164
-145.032
-146.0208
-147.0014
-147.9888
-148.993
-150.0153
-151.0503
-152.062
-153.0533
-154.0241
-155.0126
-156.0035
-157.0193
-158.0576
-159.0606
-160.0538
-161.0338
-162.0016
-163.0032
-164.0114
-165.0175
-166.0233
-167.0204
-168.0232
-169.045
-170.0459
-171.0388
-172.0506
-173.029
-174.0335
-175.0436
-176.0384
-177.0443
-178.0472
-179.0136
-179.9972
-180.9977
-181.9813
-182.988
-183.9997
-184.9994
-186.0049
-187.0303
-188.0271
-189.0097
-190.001
-190.9626
-191.9516
-192.954
-193.9744
-195.0095
-196.0093
-197.0243
-.1374844
-.1313635
-.1227824
-.1124654
-0.099687
-0.092368
-0.086001
-0.080858
-0.077516
-0.074348
-.0722895
-.0701386
-.0670331
-0.064142
-0.060642
-0.056298
-0.052989
-0.049239
-0.045803
-0.043274
-0.040362
-0.038898
-0.037650
-0.036598
-0.035751
-0.033369
-0.031067
-0.028695
-0.026027
-0.024712
-0.022478
-0.019226
-0.016819
-0.014083
-0.012827
-0.013218
-0.013144
-0.012544
-0.011021
-0.009299
-0.007639
-0.005840
-0.004736
-0.002212
-0.001133
-0.000429
-0.000069
0.000567
0.002408
0.003591
0.005587
0.006107
0.006778
0.007578
0.008498
0.009673
0.009469
0.011407
0.011482
0.012116
0.013636
0.013288
0.014788
0.015748
0.016820
0.018586
0.020148
0.021417
0.023170
0.024199
0.025458
0.025632
.0249948
0.024305
0.023580
0.024386
0.025885
0.027721
0.029113
0.030080
0.030359
0.031456
0.033341
0.034506
0.035438
0.034821
0.033851
0.033548
0.033565
0.034633
0.034920
0.035691
0.037153
0.038060
0.039915
.0404054
0.040120
.0400589
0.039322
0.039101
0.039377
0.039470
0.040023
0.040774
0.042193
0.043549
0.044236
0.045455
0.045691
0.045256
0.045288
0.044876
0.044701
0.045632
0.046622
0.047759
0.049011
0.050034
0.050295
.0506878
0.052101
0.052710
0.053086
0.052930
0.052348
0.052839
0.054028
.0560369
.0568659
.0571587
0.057186
0.057407
0.058772
.0599203
.0607649
.0599411
0.058456
0.057697
0.058164
0.059350
.0607008
0.061840
0.062384
.0634754
.064851
0.065584
0.065952
0.065761
0.065249
0.064926
0.065402
0.066060
0.067132
0.068728
.0701438
0.071328
0.071882
0.072104
0.072338
0.072265
0.072368
0.072637
0.072979
0.073941
0.075519
0.076784
0.078134
0.079469
0.080107
0.081033
0.082727
0.083501
0.083922
0.083587
.0825104
0.082996
0.083842
0.085825
0.087337
0.087493
0.088466
0.089270
0.091417
0.093537
0.094533
0.094960
0.094560
0.094742
0.095657
0.096653
0.097094
0.098274
.0988756
.1000043
.1019387
.1018728
.1030371
.1029219
.1027963
.1052469
.1063028
.1081194
.109197
.1095314
.1107155
.1125502
.1142775
.1152677
.1168148
.1178543
.1191649
.1199446
.1206237
.1218243
.1227434
.1249558
.1263228
.1280864
.1302478
.1324576
.1352945
.1368174
.137785
.1386868
.1392204
.140635
.1418997
.1436296
.1454704
.1473181
.1504323
.1534763
.1567567
.1599298
.1617169
.1630492
.1640506
.1653889
.1673354
.1700026
.1720651
.1742879
.1773744
.1800087
.1838219
.1863704
.1890774
.1911192
.1931194
.1961677
.1988306
.2023571
.2062578
.210162
.2143001
.218802
.2225884
.2263652
.2305353
.2337916
.23761
.2420617
.2467836
.2517212
.2575286
.2634849
.2693737
.2757043
.282681
.2884719
.2944777
.3009875
.3056246
.3117394
.318711
.325447
.3337734
.340835
.3487985
.3560776
.3636677
.373989
.3830301
.3934026
.4047453
.4131869
.4227677
.4330925
.4423579
.4527841
.4633715
.4740393
.4863098
.5002546
.515861
.5313643
.5463002
.5613393
.5749099
.5899636
.6059927
.6206948
.6367567
.6538289
.6709234
.6912284
.7134763
.7346284
.7572696
.7782285
.7973467
.8184849
.8412136
.8667654
.8923597
.9217395
.9514977
.9780457
1.009076
1.038581
1.065466
1.09739
1.128613
1.15872
1.194745
1.233483
1.272923
1.312045
1.350527
1.387316
1.420421
1.459995
1.507214
1.5496
1.59887
1.65017
1.693038
1.743609
1.797076
1.847914
1.898906
1.950149
2.001722
2.055369
2.118248
2.187068
2.251258
2.31548
2.381845
2.435174
2.496178
2.563854
2.628953
2.702362
2.776115
2.848406
2.922227
2.997785
3.076971
3.150954
3.225695
3.302236
3.37718
3.459131
3.55136
3.639628
3.726815
3.815578
3.893841
3.9791
4.07296
4.163772
4.2577
4.346519
4.43103
4.511062
4.596763
4.689819
4.774931
4.866615
4.964455
5.048714
5.142252
5.237535
5.314485
5.395347
5.475582
5.550879
5.636858
5.72832
5.827523
5.919303
6.00405
6.086526
6.151494
6.218757
6.29694
6.361684
6.431665
6.509784
6.575959
6.6532
6.728982
6.792023
6.847889
6.88976
6.930875
6.974255
7.020507
7.080966
7.131219
7.175324
7.220618
7.249247
7.280652
7.312966
7.336332
7.364194
7.386744
7.412053
7.440752
7.464513
7.487168
7.498787
7.500069
7.501673
7.500617
7.502192
7.514186
7.516642
7.521094
7.522334
7.507348
7.500308
7.485491
7.465421
7.449914
7.429285
7.410794
7.394092
7.381054
7.371007
7.351589
7.329013
7.302887
7.263198
7.232883
7.20606
7.169884
7.14324
7.117444
7.085098
7.057403
7.028591
6.993106
6.951868
6.910327
6.871936
6.831576
6.797919
6.768565
6.729415
6.691836
6.65584
6.612011
6.572246
6.53473
6.496889
6.45927
6.425202
6.389924
6.352704
6.31437
6.278394
6.237946
6.196389
6.160569
6.120333
6.084804
6.054626
6.020921
5.988964
5.954664
5.918146
5.881258
5.843896
5.8085
5.773597
5.739024
5.707587
5.677791
5.648623
5.621115
5.59076
5.558503
5.526729
5.49301
5.463204
5.433006
5.403143
5.375695
5.346748
5.318466
5.289865
5.261048
5.235555
5.209163
5.183392
5.158223
5.130876
5.104967
5.080256
5.051791
5.026822
5.002935
4.977809
4.956213
4.933424
4.910925
4.889698
4.867285
4.845975
4.823489
4.802766
4.784925
4.762082
4.741426
4.720567
4.697879
4.679911
4.6625
4.643898
4.624785
4.60569
4.585114
4.564822
4.546542
4.528486
4.510702
4.494094
4.479213
4.46317
4.447845
4.432906
4.415146
4.39862
4.38209
4.365589
4.349955
4.334732
4.321522
4.307914
4.29449
4.281877
4.267567
4.254003
4.242348
4.229315
4.215992
4.20223
4.187143
4.173706
4.161065
4.14963
4.137788
4.125267
4.11362
4.102084
4.092194
4.08315
4.072596
4.061119
4.049063
4.036971
4.026238
4.015777
4.00518
3.995024
3.985299
3.976009
3.967989
3.959442
3.950347
3.941326
3.931372
3.921167
3.911419
3.90241
3.894105
3.886301
3.878838
3.871076
3.862653
3.855248
3.847255
3.839172
3.830889
3.821882
3.813223
3.805341
3.798407
3.79197
3.785603
3.778751
3.771679
3.764615
3.758274
3.75175
3.744385
3.736333
3.728305
3.720913
3.713868
3.707741
3.7013
3.694407
3.687741
3.68172
3.676463
3.671452
3.66611
3.659486
3.651721
3.644412
3.637515
3.63138
3.625644
3.620075
3.614785
3.609847
3.604676
3.599609
3.593982
3.588314
3.582197
3.575335
3.569774
3.563634
3.558697
3.554134
3.549392
3.545333
3.540789
3.536547
3.531755
3.526786
3.521474
3.515756
3.51012
3.505087
3.500741
3.496857
3.493528
3.48922
3.484345
3.48018
3.475385
3.471147
3.467909
3.463844
3.459381
3.455472
3.451247
3.446549
3.443863
3.440348
3.435021
3.431889
3.426794
3.421564
3.418723
3.414629
3.411285
3.408688
3.405086
3.402395
3.400042
3.396612
3.393453
3.389503
3.385665
3.383793
3.38161
3.378856
3.375463
3.3711
3.367212
3.363855
3.360637
3.357753
3.354227
3.351291
3.349021
3.347153
3.346046
3.343232
3.339912
3.336342
3.332416
3.329843
3.327451
3.324428
3.322248
3.319738
3.317595
3.316172
3.31415
3.311737
3.309001
3.306509
3.303589
3.301594
3.299899
3.29747
3.2958
3.295243
3.293537
3.291139
3.289109
3.285705
3.282624
3.280967
3.27858
3.276307
3.274843
3.273657
3.272573
3.271326
3.270068
3.268241
3.267164
3.266625
3.266052
3.263881
3.261439
3.259345
3.257143
3.256414
3.255941
3.254856
3.25328
3.252115
3.251293
3.250451
3.250111
3.248652
3.246269
3.243556
3.242102
3.240911
3.239498
3.238885
3.237652
3.237381
3.237551
3.237321
3.236501
3.234508
3.232352
3.230068
3.227787
3.227333
3.227306
3.227029
3.227578
3.227466
3.227366
3.228044
3.227977
3.227449
3.226468
3.224851
3.223762
3.222828
3.222302
3.222844
3.222704
3.22298
3.223405
3.223182
3.224771
3.225644
3.226011
3.226253
3.224309
3.223421
3.223254
3.223218
3.223842
3.224057
3.223018
3.222784
3.223536
3.225239
3.227061
3.22753
3.227709
3.226199
3.226299
3.227631
3.227313
3.214693
3.195228
3.170238
3.142566
3.124564
3.108951
3.09476
3.080413
3.066231
3.053489
3.041227
3.03056
3.020371
3.009363
2.999271
2.989369
2.979587
2.970316
2.960541
2.950784
2.941776
2.933042
2.925207
2.917262
2.908665
2.901757
2.893092
2.884408
2.877232
2.869127
2.86247
2.85595
2.848758
2.841258
2.834414
2.828633
2.822497
2.816504
2.811053
2.803613
2.796897
2.790019
2.782969
2.778151
2.772724
2.767246
2.760626
2.753913
2.747391
2.740708
2.735141
2.729604
2.723942
2.719224
2.714897
2.709576
2.705069
2.70001
2.69422
2.688766
2.682841
2.678641
2.674445
2.671107
2.667037
2.660959
2.654895
2.648883
2.643626
2.638504
2.633814
2.62885
2.624276
2.620276
2.616946
2.613216
2.609499
2.605942
2.601275
2.596856
2.593511
2.589971
2.586655
2.583077
2.577149
2.571064
2.565591
2.560084
2.556615
2.552927
2.548736
2.545029
2.54093
2.53752
2.534536
2.531458
2.528043
2.524399
2.520337
2.517342
2.51398
2.510588
2.506977
2.501742
2.497122
2.49275
2.489012
2.485619
2.482293
2.478472
2.474486
2.470834
2.467189
2.464197
2.461875
2.459521
2.456331
2.453432
2.449569
2.446101
2.443527
2.439993
2.436495
2.432571
2.429044
2.426116
2.423446
2.420966
2.41808
2.414433
2.411266
2.408148
2.404575
2.402249
2.39922
2.396312
2.393416
2.389732
2.386594
2.383134
2.380077
2.377509
2.374487
2.371922
2.369753
2.367039
2.36517
2.363048
2.360147
2.35732
2.353992
2.350704
2.348044
2.346429
2.344056
2.341346
2.338403
2.334435
2.331122
2.327578
2.324668
2.322325
2.319844
2.318187
2.31624
2.314527
2.312941
2.310873
2.308537
2.305194
2.302719
2.300534
2.298389
2.29709
2.293669
2.290691
2.287697
2.28445
2.282219
2.280001
2.276983
2.273986
2.271996
2.269279
2.267355
2.265467
2.26262
2.260249
2.257771
2.25555
2.253939
2.252937
2.251667
2.249146
2.246258
2.242416
2.238674
2.235699
2.233549
2.230021
2.226715
2.223895
2.219982
2.218432
2.217257
2.215853
2.214278
2.211208
2.208323
2.205586
2.203653
2.202282
2.19951
2.196367
2.193208
2.189678
2.187827
2.185303
2.182754
2.179646
2.175391
2.172776
2.169461
2.166945
2.165562
2.162748
2.160002
2.157495
2.153816
2.150854
2.148157
2.144411
2.140826
2.137158
2.133703
2.131326
2.128876
2.126137
2.123268
2.11956
2.11621
2.113037
2.109555
2.107089
2.103719
2.100005
2.09671
2.092421
2.088676
2.084685
2.079986
2.075605
2.07104
2.066798
2.0637
2.060414
2.057082
2.053221
2.048169
2.043183
2.037666
2.03302
2.028622
2.024603
2.021531
2.017294
2.012348
2.007361
2.001084
1.994899
1.988781
1.982514
1.976534
1.970672
1.965988
1.961638
1.955774
1.950442
1.943823
1.935315
1.928987
1.922373
1.915888
1.910746
1.903187
1.895101
1.886253
1.87697
1.869008
1.859786
1.85148
1.843923
1.834951
1.827552
1.821094
1.811409
1.802194
1.792212
1.779339
1.767987
1.75708
1.747232
1.737135
1.726943
1.715664
1.7019
1.688053
1.675242
1.659156
1.643013
1.627892
1.611255
1.597082
1.584599
1.56974
1.554465
1.540403
1.52475
1.507541
1.489129
1.470862
1.449527
1.429408
1.411432
1.387714
1.367921
1.346759
1.321098
1.298813
1.271772
1.245624
1.222206
1.196577
1.171006
1.143418
1.117074
1.091236
1.062286
1.033645
1.002421
.9654782
.932455
.8984096
.8610213
.830013
.7956124
.7578283
.7200199
.6756523
.6272765
.5820746
.5363972
.4927261
.4489778
.407513
.3663583
.3179799
.2732181
.2229582
.1631142
.1065515
0.048840
-0.012594
-0.065165
-.1162699
-.1704903
-.2266424
-.2865012
-.3478604
-.4177703
-.4826525
-.5427989
-.6160871
-.6799489
-.7411191
-.812765
-.8768625
-.9478552
-1.033712
-1.124813
-1.212437
-1.292995
-1.36741
-1.431774
-1.490511
-1.561566
-1.634828
-1.70515
-1.791667
-1.875014
-1.950636
-2.03425
-2.112311
-2.182681
-2.255006
-2.322992
-2.39362
-2.467528
-2.551639
-2.645696
-2.731921
-2.820203
-2.900017
-2.963718
-3.032609
-3.099541
-3.165187
-3.238496
-3.3087
-3.381284
-3.457419
-3.52627
-3.598229
-3.65975
-3.713974
-3.771291
-3.823184
-3.882756
-3.943352
-4.002875
-4.063629
-4.113757
-4.158415
-4.205755
-4.241203
-4.279988
-4.323492
-4.356033
-4.397636
-4.439109
-4.475115
-4.508331
-4.530807
-4.550584
-4.565069
-4.579088
-4.604523
-4.625646
-4.645472
-4.673945
-4.687287
-4.694732
-4.705841
-4.705704
-4.702188
-4.699445
-4.69418
-4.68718
-4.683177
-4.685839
-4.684834
-4.679676
-4.680407
-4.669744
-4.651351
-4.641772
-4.622358
-4.603106
-4.590055
-4.573862
-4.555439
-4.536412
-4.518099
-4.495496
-4.467611
-4.442626
-4.414004
-4.381808
-4.365005
-4.342219
-4.316252
-4.29348
-4.262323
-4.228555
-4.199633
-4.169959
-4.141018
-4.112825
-4.084124
-4.054501
-4.021191
-3.991983
-3.960301
-3.927815
-3.896175
-3.862848
-3.830138
-3.80328
-3.773488
-3.744495
-3.715804
-3.682981
-3.652662
-3.622803
-3.590713
-3.560384
-3.529264
-3.499018
-3.471587
-3.44364
-3.418988
-3.392868
-3.36559
-3.336987
-3.30573
-3.277336
-3.250996
-3.225878
-3.20258
-3.178122
-3.153519
-3.128622
-3.102363
-3.077025
-3.050912
-3.023864
-2.999095
-2.973276
-2.947634
-2.92638
-2.90347
-2.879982
-2.857251
-2.832698
-2.809408
-2.789291
-2.770383
-2.75172
-2.73217
-2.712516
-2.692151
-2.671708
-2.653013
-2.633228
-2.613025
-2.593944
-2.574099
-2.554632
-2.536782
-2.5182
-2.498744
-2.479863
-2.461856
-2.445117
-2.429603
-2.414356
-2.398145
-2.381255
-2.365182
-2.349465
-2.334316
-2.31997
-2.304912
-2.28979
-2.275048
-2.259993
-2.245283
-2.230473
-2.216175
-2.202391
-2.187631
-2.174641
-2.161351
-2.148616
-2.136711
-2.123879
-2.110512
-2.097583
-2.084758
-2.072581
-2.060932
-2.048117
-2.035651
-2.022778
-2.009732
-1.997618
-1.985965
-1.974628
-1.964265
-1.953928
-1.944068
-1.934025
-1.924273
-1.914446
-1.904412
-1.893974
-1.882909
-1.872015
-1.860943
-1.851335
-1.841698
-1.832162
-1.82319
-1.813354
-1.80368
-1.794005
-1.785119
-1.77656
-1.76823
-1.760699
-1.75251
-1.74381
-1.734375
-1.725302
-1.715426
-1.705862
-1.69786
-1.689289
-1.681562
-1.674487
-1.667002
-1.659368
-1.650963
-1.641769
-1.633197
-1.62557
-1.619286
-1.613324
-1.607669
-1.601717
-1.594903
-1.58806
-1.580693
-1.572227
-1.564454
-1.557483
-1.55053
-1.5458
-1.539606
-1.533856
-1.527222
-1.518338
-1.510452
-1.502409
-1.496287
-1.492391
-1.486852
-1.482496
-1.477323
-1.469676
-1.465357
-1.459727
-1.454152
-1.448633
-1.442316
-1.435405
-1.428716
-1.423237
-1.417791
-1.412187
-1.405165
-1.397962
-1.392088
-1.387313
-1.383867
-1.380463
-1.375386
-1.370255
-1.36553
-1.361434
-1.358325
-1.354137
-1.349368
-1.345111
-1.339727
-1.335337
-1.331033
-1.326356
-1.321798
-1.317147
-1.311949
-1.307399
-1.30379
-1.300868
-1.298164
-1.294006
-1.289457
-1.283611
-1.278118
-1.273772
-1.270064
-1.265839
-1.261963
-1.25765
-1.252709
-1.248617
-1.244814
-1.240962
-1.236887
-1.234964
-1.232056
-1.229305
-1.227766
-1.224975
-1.222115
-1.219461
-1.2152
-1.210621
-1.206963
-1.202834
-1.20018
-1.197218
-1.194166
-1.191305
-1.187488
-1.185009
-1.182109
-1.179266
-1.177238
-1.174259
-1.171861
-1.169978
-1.167055
-1.163932
-1.160472
-1.155795
-1.151986
-1.148129
-1.145638
-1.144764
-1.143113
-1.142509
-1.140563
-1.137335
-1.134894
-1.132172
-1.130129
-1.129671
-1.129095
-1.12793
-1.126408
-1.123401
-1.12085
-1.118642
-1.116211
-1.114456
-1.11206
-1.10988
-1.108085
-1.106398
-1.10488
-1.102586
-1.098805
-1.094725
-1.09102
-1.089772
-1.090163
-1.090711
-1.090865
-1.089595
-1.089231
-1.088082
-1.087788
-1.086703
-1.08378
-1.081154
-1.079031
-1.077684
-1.07679
-1.076857
-1.074829
-1.072351
-1.070028
-1.068254
-1.068635
-1.069497
-1.070424
-1.071097
-1.070034
-1.06985
-1.069799
-1.068763
-1.068126
-1.066155
-1.063483
-1.06215
-1.061614
-1.060636
-1.060467
-1.060418
-1.059897
-1.060382
-1.061611
-1.061947
-1.062291
-1.062864
-1.061598
-1.060264
-1.061222
-1.06051
-1.058526
-1.060124
-1.056662
-1.056725
-1.057613
-1.056058
-1.056917
-1.055677
-1.054764
