"Version:",9
"Fecha:","05-18-2016"
"Hora:","16:53:39"
"Operador:",""
"HP:",0
"vitramo(6)",-200
"vitramo(7)",-200
"MaxCh",0
"Método:",0
"Técnica:","2-VC",2
"Vinicial:",-200
"Vfinal:",600
"ScanRate:",50
"Rango:",4
"FiltroHard:",1
"SampleRate:",50
"RampStep:",1
"NumCiclos:",1
"AcqConf:",0
"ScanDir:",-32000
"ICellCond.",2
"SoftFilter:",1
"Loop Ini",4
"CountV:",1600
"CountI:",1600
"CountI2:",0
"Xfreq:",10
"SamplesSec",50
20
1,1,0,0,0
0,0,0,0,0
0,0,0,0,0
0,0,0,0,0
0,0,0,0,0
0,0,0,0,0
0,0,0,0,0
0,0,0,0,0
0,0,0,0,0
0,0,0,0,0
0,0,0,0,0
0,0,0,0,0
0,0,0,0,0
0,0,0,0,0
0,0,0,0,0
0,0,0,0,0
0,0,0,0,0
0,0,0,0,0
0,0,0,0,0
0,0,0,0,0
0,0,0,0,0
"Xaxis:",1
"Yxais:",2
"Ymin:",-500
"Ymax:",500
"Xmin:",-200
"Xmax:",600
"Grilla:",1
"BackColor:",15780518
"Pen Color:",255
"E1:",1
"E2:",1
"E3:",0
"E4:",0
"P1:",-200
"P2:",600
"P3:",-62.5
"P4:",62.5
"P5:",0
"P6:",0
"P7:",0
"P8:",0
"PretreatEn:",0
"P10:",20
"P11:",0
"P12:",1
"P13:",0
"P14:",-197.0224
"P15:",0
"P16:",0
"Auto Integ",0
"Auto Write",0
"Peak List",0
"Graph Write",0
"Graph names",0
"Graph numbers",0
"Graph Ret.Time",0
"Automatic Save",0
"SaveFilename",0
"Sufix StartNum",0
"E1",0
"E2",0
"E3",0
"E4",0
"Comentario:",""
7
10,0,0,0,0,0,0,10,1,0,1,1,0,0,0,0,99999,-99999
10,0,0,0,0,0,0,10,1,0,1,1,0,0,0,0,99999,-99999
10,0,0,0,0,0,0,10,1,0,1,1,0,0,0,0,99999,-99999
10,-200,0,5000,0,0,0,50,4,10,1,1,0,0,0,0,99999,-99999
3,-200,600,16000,1,50,0,50,4,10,1,1,0,0,0,0,99999,-99999
3,600,-200,16000,-1,50,0,50,4,2,1,1,0,0,0,0,99999,-99999
3,-200,-200,0,0,50,0,50,4,0,1,1,0,0,0,0,99999,-99999
3,-200,0,0,0,50,0,50,4,0,1,1,0,0,0,0,99999,-99999
10000
1
50
1
0
0
0
0
1
0
10
0
0
4
4
0
0
1
250
8
8
0
254
0
0
0
0
0
0
0
0
0
9000.1,4,4,0,0,1
10000,4,4,0,0,1
10999.9,4,4,0,0,1
11999.8,4,4,0,0,1
12999.7,4,4,0,0,1
13999.6,4,4,0,0,1
14999.5,4,4,0,0,1
15999.4,4,4,0,0,1
16999.3,4,4,0,0,1
17999.2,4,4,0,0,1
18999.1,4,4,0,0,1
-199.5294
-199.306
-198.8273
-198.1132
-197.1292
-196.1194
-195.1115
-194.1094
-193.1238
-192.1152
-191.1417
-190.1379
-189.123
-188.1476
-187.1563
-186.1547
-185.1812
-184.1875
-183.1747
-182.1753
-181.1586
-180.1576
-179.1481
-178.158
-177.1599
-176.1477
-175.1503
-174.1598
-173.1445
-172.165
-171.1679
-170.1498
-169.1655
-168.1782
-167.1865
-166.2053
-165.2196
-164.2059
-163.2025
-162.1981
-161.2076
-160.1983
-159.2097
-158.2143
-157.1785
-156.1882
-155.175
-154.1585
-153.1807
-152.1711
-151.1845
-150.206
-149.2187
-148.2238
-147.2256
-146.2238
-145.2259
-144.2196
-143.1969
-142.1956
-141.1776
-140.1981
-139.2045
-138.1913
-137.2042
-136.1969
-135.1973
-134.2032
-133.1871
-132.1796
-131.179
-130.1675
-129.1969
-128.2063
-127.2322
-126.2543
-125.2228
-124.2254
-123.2302
-122.2327
-121.2429
-120.2305
-119.2032
-118.1979
-117.1931
-116.2067
-115.2113
-114.1885
-113.1987
-112.1821
-111.1857
-110.1956
-109.1813
-108.1899
-107.1881
-106.1926
-105.1927
-104.194
-103.1838
-102.1862
-101.1816
-100.1739
-99.18246
-98.1792
-97.18974
-96.18365
-95.20351
-94.20714
-93.19913
-92.2049
-91.19221
-90.20184
-89.22284
-88.2521
-87.22935
-86.22253
-85.21835
-84.20689
-83.23151
-82.23454
-81.24222
-80.2235
-79.22555
-78.21797
-77.20932
-76.24063
-75.2502
-74.2476
-73.24586
-72.22536
-71.21762
-70.23824
-69.23532
-68.23243
-67.21927
-66.20644
-65.20522
-64.22771
-63.25797
-62.2796
-61.27797
-60.2714
-59.26754
-58.25484
-57.28109
-56.27536
-55.257
-54.25092
-53.23638
-52.23289
-51.24678
-50.25433
-49.25652
-48.25011
-47.25032
-46.24643
-45.24019
-44.24866
-43.23045
-42.20829
-41.21277
-40.2256
-39.23043
-38.25794
-37.27045
-36.26347
-35.2664
-34.25441
-33.21828
-32.20821
-31.20276
-30.20701
-29.22256
-28.23021
-27.24886
-26.26062
-25.27979
-24.28695
-23.2688
-22.25997
-21.24084
-20.25388
-19.2681
-18.2768
-17.29735
-16.24893
-15.22931
-14.22221
-13.2129
-12.24031
-11.26346
-10.24906
-9.240176
-8.261161
-7.247392
-6.266164
-5.270853
-4.254887
-3.261772
-2.258701
-1.294347
-.3148527
.6621649
1.634196
2.643756
3.636013
4.61544
5.603751
6.58133
7.576427
8.590378
9.602464
10.60927
11.62373
12.61323
13.57955
14.56401
15.54646
16.54286
17.55898
18.56102
19.57004
20.57319
21.59609
22.61889
23.61541
24.60776
25.5915
26.55442
27.54413
28.54073
29.53098
30.54902
31.53313
32.53915
33.52472
34.52718
35.523
36.49807
37.51208
38.4844
39.50439
40.5228
41.53098
42.56274
43.56045
44.54655
45.53614
46.54066
47.55708
48.5772
49.58323
50.57235
51.54365
52.55598
53.55234
54.5452
55.55225
56.51854
57.48938
58.48765
59.48395
60.4859
61.5052
62.49525
63.49429
64.49796
65.50051
66.51227
67.50389
68.50482
69.50632
70.48594
71.49812
72.51851
73.52415
74.5365
75.53426
76.50259
77.4839
78.4864
79.4787
80.49596
81.50799
82.52133
83.50502
84.49166
85.4841
86.47578
87.48412
88.50543
89.51275
90.51105
91.52146
92.51007
93.50401
94.49094
95.48392
96.49966
97.50665
98.53703
99.54839
100.5509
101.5557
102.5266
103.5118
104.4926
105.4802
106.4889
107.4764
108.4827
109.4749
110.4623
111.4891
112.4891
113.5094
114.5093
115.4868
116.4583
117.4326
118.437
119.4535
120.4898
121.4836
122.4752
123.4677
124.4451
125.4611
126.4604
127.4726
128.4364
129.4255
130.4216
131.4136
132.4301
133.4475
134.4512
135.4409
136.4536
137.42
138.4281
139.4081
140.4071
141.406
142.3819
143.4112
144.3876
145.3961
146.4123
147.394
148.4135
149.4247
150.423
151.4221
152.4263
153.4307
154.4314
155.4404
156.4345
157.4229
158.4348
159.4265
160.4372
161.4299
162.4274
163.4189
164.4077
165.4187
166.3983
167.4049
168.3875
169.3788
170.3744
171.3832
172.4064
173.4244
174.4266
175.4392
176.4293
177.4246
178.4349
179.4169
180.41
181.4074
182.4087
183.4071
184.4124
185.4048
186.3959
187.3812
188.3976
189.3973
190.4105
191.4309
192.4242
193.4235
194.4168
195.4004
196.3913
197.3938
198.3699
199.4019
200.4166
201.4377
202.464
203.4499
204.4336
205.3975
206.3736
207.362
208.3495
209.355
210.386
211.3856
212.399
213.4198
214.4095
215.4083
216.3999
217.3691
218.3623
219.3608
220.3663
221.3811
222.3646
223.3593
224.3499
225.3453
226.3701
227.3698
228.3753
229.3779
230.3693
231.3685
232.3672
233.3438
234.3463
235.3386
236.3248
237.3175
238.2831
239.3059
240.3111
241.3434
242.3734
243.3463
244.3473
245.3286
246.2964
247.3093
248.312
249.3133
250.3416
251.3509
252.3731
253.3846
254.3855
255.3775
256.3552
257.3385
258.3497
259.3414
260.3388
261.35
262.3174
263.3273
264.3252
265.3168
266.3258
267.3021
268.3141
269.3127
270.2995
271.2975
272.2928
273.3014
274.3075
275.3295
276.3037
277.3069
278.3191
279.3286
280.3438
281.3324
282.3217
283.2973
284.2841
285.2654
286.2661
287.2646
288.2673
289.2948
290.2996
291.3118
292.3171
293.2864
294.262
295.2324
296.222
297.2312
298.2459
299.2761
300.2914
301.3171
302.3275
303.3401
304.3542
305.3312
306.3323
307.3214
308.3038
309.3118
310.3008
311.2929
312.29
313.2891
314.3268
315.3312
316.3588
317.3672
318.3319
319.3159
320.2917
321.2733
322.2714
323.2833
324.2699
325.2793
326.2767
327.2806
328.2991
329.3027
330.3073
331.2981
332.288
333.2899
334.2752
335.2718
336.2712
337.253
338.2762
339.2868
340.2926
341.3187
342.3148
343.3171
344.3067
345.2831
346.2806
347.2577
348.257
349.2683
350.2603
351.2862
352.313
353.3126
354.3497
355.3371
356.3221
357.3299
358.2908
359.2943
360.2842
361.2862
362.2843
363.279
364.2896
365.2697
366.2618
367.2594
368.2529
369.2491
370.2592
371.2576
372.2726
373.282
374.2799
375.2693
376.2492
377.2379
378.2359
379.253
380.2672
381.2704
382.2739
383.2691
384.2509
385.2414
386.2487
387.2415
388.2557
389.2658
390.2516
391.265
392.2708
393.2861
394.3107
395.299
396.2793
397.2729
398.2249
399.2336
400.2544
401.2658
402.3157
403.3237
404.3158
405.323
406.3172
407.3146
408.3
409.2753
410.2709
411.2581
412.2844
413.2841
414.2678
415.2744
416.25
417.2483
418.2547
419.2547
420.2641
421.2672
422.2611
423.2647
424.2492
425.223
426.2269
427.2045
428.2109
429.2202
430.2242
431.2413
432.2527
433.257
434.2656
435.2418
436.2233
437.2316
438.2006
439.2247
440.213
441.1964
442.2058
443.1942
444.2258
445.2267
446.2151
447.1905
448.1516
449.1629
450.1647
451.1668
452.1706
453.1776
454.1981
455.2104
456.2393
457.2433
458.2415
459.2466
460.2346
461.2155
462.188
463.1648
464.1424
465.1284
466.1425
467.1542
468.1604
469.1693
470.1684
471.1737
472.1901
473.1907
474.1826
475.1889
476.1698
477.1796
478.1803
479.1749
480.1992
481.2078
482.2329
483.2327
484.2213
485.1871
486.1482
487.1385
488.1164
489.1317
490.1449
491.1481
492.1453
493.1399
494.1413
495.1532
496.1743
497.1696
498.1473
499.1378
500.1476
501.1739
502.2177
503.2079
504.1999
505.1703
506.1497
507.1637
508.1712
509.1846
510.2006
511.2061
512.1849
513.1795
514.1666
515.1521
516.1591
517.149
518.1165
519.1107
520.1182
521.1301
522.1661
523.1627
524.1506
525.1359
526.1194
527.1383
528.1299
529.1414
530.1577
531.1481
532.1586
533.1658
534.1502
535.1343
536.1208
537.0992
538.0914
539.0947
540.1043
541.1259
542.1229
543.1239
544.1131
545.0924
546.1224
547.1247
548.1342
549.1415
550.126
551.1031
552.1041
553.1052
554.1063
555.1418
556.123
557.1255
558.1139
559.1294
560.16
561.1642
562.1865
563.1483
564.127
565.1279
566.0899
567.0867
568.0782
569.0623
570.0775
571.0936
572.1152
573.1214
574.1203
575.1141
576.1003
577.0921
578.1036
579.1112
580.1171
581.1251
582.1051
583.1001
584.0919
585.0938
586.0963
587.0911
588.09
589.0888
590.0868
591.0899
592.0899
593.0744
594.0746
595.0582
596.0428
597.0511
598.0559
598.6215
598.6638
598.1827
597.2101
596.182
595.1846
594.1854
593.1964
592.2125
591.2388
590.2529
589.2493
588.2686
587.2576
586.2566
585.2515
584.2194
583.2178
582.2222
581.2396
580.2377
579.2314
578.2438
577.2375
576.2706
575.2856
574.2805
573.2728
572.2542
571.241
570.2328
569.2435
568.2468
567.2682
566.2874
565.2715
564.2673
563.254
562.2598
561.278
560.2943
559.3096
558.3075
557.3057
556.2914
555.2654
554.2606
553.261
552.2648
551.2597
550.2677
549.296
548.2917
547.3148
546.2948
545.2706
544.2767
543.2694
542.2704
541.2595
540.2623
539.2816
538.2781
537.2886
536.2985
535.2857
534.2934
533.3066
532.2854
531.2733
530.2766
529.2486
528.2726
527.2902
526.287
525.3007
524.2928
523.299
522.3157
521.3099
520.3135
519.319
518.3096
517.3412
516.3419
515.3414
514.3446
513.345
512.3411
511.3526
510.3645
509.3562
508.374
507.3515
506.3308
505.3286
504.3192
503.3126
502.2975
501.3001
500.2871
499.2936
498.3171
497.2885
496.3056
495.299
494.2766
493.2831
492.2724
491.2678
490.2909
489.296
488.3092
487.321
486.315
485.3388
484.331
483.3493
482.3414
481.3225
480.3184
479.2939
478.3071
477.3143
476.3191
475.3331
474.334
473.3315
472.3336
471.3257
470.3291
469.3366
468.3218
467.3346
466.3227
465.3088
464.316
463.303
462.3019
461.3216
460.3308
459.3632
458.377
457.3817
456.3756
455.3352
454.322
453.3148
452.3273
451.3434
450.3536
449.344
448.3357
447.3529
446.3526
445.3477
444.3449
443.3232
442.3126
441.3214
440.318
439.3227
438.3284
437.3384
436.3499
435.3583
434.3807
433.3724
432.3752
431.376
430.364
429.3604
428.3615
427.3512
426.357
425.361
424.3524
423.3539
422.3835
421.4184
420.432
419.4509
418.4296
417.3997
416.4197
415.4267
414.4288
413.4608
412.4491
411.441
410.4418
409.4523
408.4698
407.4987
406.4917
405.4729
404.45
403.4326
402.4557
401.4537
400.4525
399.4366
398.4374
397.4388
396.4529
395.4578
394.4474
393.4352
392.4323
391.4308
390.4238
389.4453
388.4376
387.438
386.4272
385.4106
384.4107
383.4158
382.4306
381.4253
380.4147
379.4278
378.4183
377.4303
376.4396
375.4165
374.3913
373.3677
372.3683
371.3779
370.4242
369.4341
368.4395
367.4444
366.4164
365.4135
364.4123
363.4045
362.4201
361.4128
360.4127
359.4121
358.4178
357.4503
356.451
355.4601
354.442
353.4295
352.4209
351.4235
350.4307
349.4389
348.4444
347.4359
346.4492
345.4236
344.4208
343.4185
342.3979
341.4249
340.4109
339.4005
338.4068
337.3896
336.3982
335.4143
334.4151
333.4171
332.4144
331.4266
330.4579
329.4647
328.4955
327.4857
326.4705
325.4824
324.479
323.476
322.4622
321.4496
320.4335
319.4514
318.4675
317.4791
316.4757
315.4555
314.4393
313.4259
312.4501
311.4483
310.4568
309.4767
308.4927
307.498
306.5277
305.5356
304.5304
303.5473
302.5203
301.4907
300.4728
299.4642
298.4699
297.48
296.4878
295.4822
294.4748
293.4799
292.4522
291.4508
290.4433
289.4316
288.4366
287.4278
286.4282
285.4422
284.4547
283.4712
282.473
281.4629
280.4569
279.4435
278.4412
277.4527
276.4485
275.4634
274.4813
273.4804
272.4843
271.4934
270.4842
269.4927
268.5048
267.494
266.5028
265.4846
264.4931
263.4929
262.4905
261.4995
260.478
259.4782
258.4837
257.4752
256.4839
255.5046
254.5207
253.534
252.5477
251.5354
250.5195
249.4943
248.4977
247.4949
246.4814
245.5194
244.5098
243.5057
242.5251
241.5192
240.4999
239.4822
238.4714
237.466
236.4844
235.5224
234.5091
233.5021
232.527
231.5199
230.5353
229.5674
228.5645
227.5477
226.5467
225.5208
224.5152
223.5373
222.562
221.5622
220.5402
219.5285
218.5144
217.5273
216.5411
215.5555
214.5615
213.5638
212.5783
211.5868
210.5954
209.5963
208.5929
207.5967
206.5916
205.6017
204.6097
203.6258
202.6551
201.6594
200.664
199.6384
198.6197
197.6199
196.6077
195.6199
194.5937
193.5825
192.5908
191.5729
190.5938
189.5802
188.5726
187.5517
186.5366
185.541
184.5421
183.546
182.5608
181.5696
180.5537
179.5691
178.5721
177.5556
176.5452
175.5535
174.561
173.5766
172.6006
171.6008
170.5896
169.576
168.5653
167.5641
166.5655
165.6029
164.6187
163.6015
162.609
161.5709
160.5519
159.5737
158.5489
157.5583
156.5816
155.591
154.6013
153.6097
152.6153
151.6109
150.6105
149.6161
148.6161
147.6072
146.5964
145.5905
144.5798
143.5722
142.5834
141.5776
140.5644
139.5663
138.5522
137.5399
136.5346
135.5308
134.5359
133.5388
132.5552
131.5535
130.5643
129.5631
128.5556
127.5587
126.5712
125.5837
124.5965
123.6138
122.6011
121.5905
120.5933
119.5842
118.5969
117.6019
116.6082
115.6213
114.6263
113.6456
112.6428
111.6336
110.6378
109.616
108.6116
107.6154
106.6266
105.6476
104.6805
103.6817
102.674
101.6926
100.6563
99.64765
98.63329
97.60471
96.60733
95.61597
94.62778
93.64539
92.63188
91.63676
90.62865
89.60886
88.60992
87.59451
86.58049
85.60146
84.61894
83.63152
82.63978
81.63191
80.62566
79.62381
78.59348
77.58698
76.60307
75.62005
74.65636
73.6686
72.66676
71.65847
70.6391
69.63748
68.60789
67.59994
66.62524
65.63757
64.66161
63.67831
62.68536
61.67128
60.66262
59.67757
58.66679
57.66233
56.67455
55.64932
54.6532
53.66447
52.68346
51.69071
50.70404
49.70798
48.69301
47.69233
46.6813
45.6759
44.68564
43.68526
42.69231
41.68495
40.6728
39.6766
38.67531
37.68952
36.67916
35.68895
34.68596
33.68046
32.68707
31.68247
30.68454
29.68599
28.70858
27.71447
26.70663
25.71175
24.71034
23.70072
22.7346
21.75048
20.74868
19.76048
18.75337
17.72079
16.70872
15.71037
14.70995
13.74259
12.75745
11.75261
10.7185
9.695764
8.704315
7.703209
6.721569
5.739598
4.743429
3.754854
2.771529
1.776994
.7643805
-.2189275
-1.180293
-2.159441
-3.109745
-4.096454
-5.105138
-6.078127
-7.071275
-8.064869
-9.064242
-10.07996
-11.10494
-12.12299
-13.1335
-14.13684
-15.1315
-16.14481
-17.13406
-18.14516
-19.14944
-20.141
-21.15627
-22.16017
-23.14255
-24.13063
-25.11424
-26.08889
-27.10606
-28.11645
-29.13231
-30.1529
-31.17858
-32.16132
-33.16299
-34.15199
-35.13499
-36.1389
-37.13393
-38.1213
-39.0969
-40.10966
-41.10979
-42.11432
-43.11876
-44.11427
-45.09229
-46.10763
-47.12471
-48.09883
-49.11117
-50.0969
-51.08887
-52.09451
-53.06499
-54.0706
-55.05964
-56.05651
-57.07738
-58.07387
-59.09239
-60.10897
-61.12999
-62.13111
-63.10778
-64.09834
-65.08801
-66.10489
-67.11395
-68.12869
-69.13411
-70.13002
-71.13667
-72.1218
-73.11204
-74.08975
-75.08054
-76.07796
-77.07646
-78.08427
-79.08574
-80.0847
-81.0983
-82.1045
-83.11323
-84.10484
-85.08037
-86.07939
-87.06348
-88.08308
-89.07133
-90.06602
-91.07443
-92.06657
-93.08994
-94.09225
-95.08394
-96.07738
-97.07418
-98.06071
-99.05348
-100.0552
-101.0384
-102.0373
-103.0183
-103.9916
-105.0108
-106
-107.033
-108.0844
-109.0869
-110.1271
-111.1243
-112.098
-113.0964
-114.0647
-115.0486
-116.0478
-117.035
-118.0549
-119.0596
-120.0805
-121.0996
-122.0851
-123.1016
-124.0861
-125.0813
-126.081
-127.0821
-128.0752
-129.05
-130.044
-131.0388
-132.0317
-133.0538
-134.0742
-135.0702
-136.0764
-137.0844
-138.0561
-139.0548
-140.0833
-141.063
-142.0892
-143.1006
-144.0707
-145.0845
-146.0857
-147.0708
-148.0798
-149.0596
-150.0481
-151.0595
-152.0581
-153.0572
-154.0404
-155.005
-155.9897
-156.9875
-158.0047
-159.0098
-160.0209
-161.0306
-162.0352
-163.0671
-164.0626
-165.0477
-166.039
-167.0225
-168.0238
-169.0524
-170.0582
-171.0797
-172.0897
-173.0858
-174.0725
-175.0595
-176.0658
-177.0597
-178.0501
-179.0343
-180.0275
-181.0209
-182.0393
-183.0488
-184.0374
-185.0499
-186.0355
-187.0354
-188.0328
-189.0074
-190.0225
-190.9944
-191.9757
-192.9735
-193.9782
-194.9981
-196.0157
-197.0224
-.9965385
-.988692
-.9787638
-.967027
-.954055
-.9484719
-.9446466
-.9425009
-.93954
-.936444
-.9336114
-.9298623
-.9254748
-.9221353
-.9175832
-.9135023
-.911736
-.9085118
-.906166
-.9034668
-.9010628
-.898128
-.8926334
-.8870833
-.8829756
-.8815792
-.8826048
-.8837665
-.8828984
-.8814795
-.8792793
-.8773242
-.8758654
-.873633
-.8716381
-.8696517
-.8665705
-.8633983
-.85908
-.8555795
-.8524472
-.8483481
-.8468867
-.8431765
-.8404054
-.8397011
-.8372167
-.8351629
-.8333801
-.8282657
-.8253326
-.8246362
-.8225867
-.821794
-.820103
-.8168607
-.8144751
-.8124896
-.8090394
-.8068209
-.8043616
-.8038254
-.8046172
-.8039311
-.803679
-.8013531
-.7991043
-.798322
-.7970331
-.7965488
-.7959052
-.794631
-.7926369
-.7909235
-.7887682
-.7855458
-.7823597
-.7790515
-.7755171
-.7730345
-.771969
-.7705068
-.7699298
-.7700529
-.7692161
-.7682346
-.7663141
-.7636079
-.76081
-.758983
-.7568547
-.7538947
-.7494456
-.7460057
-.7440809
-.7429435
-.7448146
-.7451655
-.744203
-.7436858
-.7415211
-.7397757
-.7379634
-.7352122
-.7314189
-.7263955
-.7224385
-.7209883
-.7222323
-.7251602
-.7276776
-.72706
-.7253344
-.7223112
-.7182493
-.7153456
-.7131878
-.7121119
-.7126524
-.7140411
-.714391
-.713601
-.7124965
-.7105795
-.7084104
-.7070686
-.7048649
-.7022098
-.7004773
-.6984277
-.69761
-.6967437
-.695453
-.6942836
-.6928889
-.6918364
-.6898848
-.6872609
-.684359
-.6814943
-.6790064
-.6768104
-.6744803
-.6724913
-.6718538
-.6713756
-.6711227
-.671127
-.6693624
-.6678378
-.6663582
-.6644447
-.6631566
-.6607683
-.6582285
-.6554098
-.6534321
-.6530215
-.652714
-.6521275
-.6516936
-.6500234
-.6480821
-.646943
-.6447366
-.6425624
-.640557
-.6390298
-.6384304
-.6375736
-.635654
-.6313757
-.625201
-.6210967
-.6189432
-.6185473
-.6196371
-.6194586
-.6174073
-.6158125
-.6133013
-.6113314
-.6094629
-.6073562
-.6055691
-.602286
-.6001915
-.5971154
-.5948908
-.5934243
-.5909131
-.5879635
-.5828863
-.5787959
-.5755318
-.5722921
-.5707129
-.5665809
-.5624082
-.558601
-.5552893
-.5528889
-.5497878
-.5464224
-.5417282
-.5372635
-.5324524
-.5277495
-.5195539
-.5099766
-.5031973
-.5013462
-.5028465
-.5064189
-.5064821
-.5023467
-.4972609
-.4909182
-.4857285
-.4799194
-.4741121
-.4697912
-.4639336
-.4563479
-.4505596
-.441496
-.432565
-.4249471
-.4136859
-.404929
-.39489
-.3854764
-.3784468
-.3714553
-.3646189
-.3571154
-.3491164
-.3424082
-.3351247
-.3265073
-.3168676
-.3032355
-.288271
-.2727755
-.2530249
-.2376837
-.2282571
-.2203881
-.2134763
-.2020955
-.1870799
-.1690168
-.1522141
-.137364
-.119488
-.1018668
-0.085045
-0.065555
-0.046050
-0.026682
-0.002921
0.022417
0.049124
0.075806
.1007536
.1250546
.1492568
.1773441
.2089969
.2385629
.2709529
.3053448
.3387544
.3767585
.414152
.4468607
.4807926
.514948
.5515246
.5916207
.6380605
.6895747
.7416459
.7936382
.8405717
.8786625
.9206133
.9706878
1.02185
1.081579
1.144358
1.204472
1.270585
1.336609
1.403497
1.469543
1.535378
1.608479
1.680556
1.76004
1.852683
1.938479
2.02643
2.115381
2.193745
2.277468
2.367336
2.457459
2.554918
2.654937
2.760714
2.872858
2.986404
3.109283
3.225885
3.338295
3.457032
3.568187
3.688353
3.82032
3.95361
4.097316
4.24334
4.387033
4.537233
4.685356
4.836579
4.990448
5.142017
5.300691
5.462065
5.630494
5.81098
5.984276
6.159763
6.335367
6.502019
6.684524
6.876352
7.072784
7.278916
7.48155
7.684007
7.888857
8.095836
8.312072
8.523865
8.741586
8.970394
9.19379
9.432892
9.68318
9.922855
10.16772
10.40958
10.63588
10.87488
11.11802
11.3662
11.62212
11.88029
12.15429
12.42908
12.70898
13.00042
13.27424
13.5392
13.81191
14.07152
14.34379
14.6344
14.92681
15.22911
15.52956
15.82815
16.12422
16.41139
16.71193
17.00589
17.30002
17.61007
17.91293
18.2244
18.54528
18.85598
19.16549
19.46882
19.76698
20.0771
20.39277
20.72633
21.06613
21.39659
21.72981
22.0506
22.3673
22.69173
23.00636
23.32562
23.65171
23.97685
24.32228
24.67365
25.01793
25.35921
25.67998
25.98724
26.29566
26.60652
26.93242
27.2625
27.59903
27.94294
28.26953
28.60452
28.93774
29.25191
29.573
29.88853
30.19499
30.518
30.84858
31.17998
31.51148
31.83261
32.13301
32.43541
32.73847
33.05542
33.37051
33.67427
33.98102
34.27129
34.57298
34.87801
35.17258
35.46168
35.73836
36.01067
36.28356
36.55846
36.85269
37.13861
37.41457
37.68864
37.93656
38.18032
38.4258
38.65801
38.89323
39.13
39.36435
39.60948
39.85001
40.0875
40.30651
40.50141
40.68577
40.8536
41.02386
41.20466
41.37774
41.55294
41.72227
41.87146
42.02126
42.15831
42.28239
42.40147
42.50293
42.59907
42.6968
42.78905
42.86761
42.94255
43.00896
43.0639
43.10952
43.1427
43.16895
43.17703
43.18865
43.18899
43.16496
43.141
43.10435
43.05004
42.98515
42.90615
42.82189
42.73055
42.64375
42.55893
42.44449
42.31558
42.17491
42.00438
41.84478
41.68639
41.5116
41.34148
41.16228
40.97225
40.78067
40.57755
40.37474
40.15576
39.92489
39.69438
39.44484
39.20425
38.97153
38.72598
38.48602
38.24546
37.99949
37.75854
37.50954
37.26128
37.00555
36.74907
36.50315
36.25576
36.01275
35.77672
35.53238
35.28719
35.04508
34.80029
34.56804
34.34093
34.11479
33.89283
33.66722
33.44275
33.22229
33.00181
32.78767
32.57458
32.36653
32.16647
31.96808
31.77643
31.58743
31.39415
31.20618
31.01814
30.82991
30.65047
30.47372
30.30199
30.13567
29.96999
29.80819
29.64558
29.48628
29.32869
29.1697
29.01602
28.86455
28.7135
28.57072
28.42958
28.28978
28.15378
28.01759
27.88272
27.74977
27.61922
27.49213
27.3646
27.24087
27.11919
26.99704
26.87993
26.76359
26.64625
26.53266
26.42094
26.30989
26.20189
26.09521
25.98798
25.88161
25.77681
25.67406
25.57178
25.47312
25.37659
25.27971
25.1869
25.09514
25.00089
24.90944
24.81839
24.72721
24.63895
24.55042
24.46333
24.3776
24.29359
24.21292
24.131
24.05084
23.97169
23.89086
23.8124
23.73513
23.65742
23.58202
23.50735
23.43356
23.36211
23.2907
23.22046
23.14961
23.07842
23.00985
22.94079
22.87321
22.80725
22.74014
22.67473
22.61004
22.54531
22.48172
22.41929
22.35778
22.29734
22.23737
22.17699
22.1167
22.05639
21.9974
21.93814
21.87971
21.82212
21.76414
21.70911
21.65474
21.60117
21.54856
21.49451
21.44011
21.38635
21.33322
21.28045
21.22975
21.17922
21.12889
21.07987
21.03135
20.9827
20.93292
20.88482
20.83644
20.78778
20.74151
20.69528
20.64848
20.60335
20.55964
20.51449
20.47012
20.42636
20.38048
20.33672
20.29494
20.25345
20.21233
20.17076
20.12921
20.08775
20.04785
20.00817
19.96725
19.92684
19.88781
19.84907
19.81064
19.77185
19.73285
19.69341
19.65503
19.61872
19.58104
19.54434
19.50747
19.47024
19.4351
19.40054
19.36594
19.32982
19.29315
19.25632
19.22017
19.18517
19.15116
19.11664
19.08224
19.04936
19.01628
18.98476
18.95298
18.91994
18.88619
18.85183
18.81866
18.78652
18.75512
18.72488
18.69446
18.66344
18.6335
18.60274
18.57232
18.54345
18.51313
18.48356
18.45409
18.42302
18.39451
18.36609
18.33755
18.31042
18.28223
18.25437
18.22754
18.20151
18.17525
18.14844
18.12173
18.09474
18.06779
18.04275
18.01775
17.99207
17.96729
17.94237
17.91765
17.89471
17.8717
17.8479
17.82383
17.79902
17.77504
17.751
17.72835
17.7067
17.68416
17.66329
17.642
17.61944
17.59746
17.57574
17.5538
17.5338
17.51495
17.49404
17.47245
17.44903
17.42727
17.40756
17.38927
17.37151
17.3499
17.32878
17.30644
17.28311
17.26187
17.2416
17.2225
17.20502
17.18747
17.16895
17.15065
17.13176
17.10856
17.08706
17.06709
17.0482
17.03244
17.01432
16.99567
16.9777
16.96176
16.94529
16.92854
16.91202
16.89597
16.8807
16.86518
16.84873
16.83186
16.81514
16.79876
16.78269
16.76644
16.7513
16.73652
16.72228
16.68457
16.63745
16.58271
16.52251
16.47917
16.44014
16.40302
16.36568
16.33221
16.29898
16.26555
16.23457
16.20108
16.16716
16.13522
16.10203
16.07054
16.04135
16.01034
15.98263
15.95426
15.92518
15.89826
15.86889
15.84052
15.81267
15.78457
15.7573
15.73002
15.70274
15.67644
15.65092
15.62665
15.60209
15.57813
15.55281
15.52749
15.50323
15.47952
15.45621
15.43287
15.40877
15.38404
15.3596
15.33536
15.31157
15.28741
15.26421
15.24155
15.21885
15.19791
15.1769
15.15475
15.13329
15.1119
15.08956
15.06961
15.04983
15.02886
15.00937
14.98753
14.96591
14.94354
14.92151
14.90127
14.87977
14.85962
14.83955
14.81929
14.7998
14.78165
14.76228
14.74321
14.7248
14.7049
14.68657
14.66861
14.65008
14.63186
14.61294
14.59332
14.5737
14.55395
14.53498
14.51596
14.49704
14.4794
14.46087
14.44341
14.42661
14.40969
14.39265
14.37537
14.35816
14.33987
14.32314
14.30632
14.289
14.27161
14.25413
14.23613
14.21877
14.20229
14.18496
14.16855
14.15162
14.13484
14.11859
14.1019
14.08648
14.07111
14.05588
14.04074
14.02542
14.00918
13.99356
13.97703
13.96061
13.94444
13.92768
13.91222
13.89634
13.88118
13.86599
13.85055
13.83498
13.81984
13.80503
13.79063
13.77624
13.76203
13.74807
13.73286
13.71858
13.70367
13.68785
13.67331
13.65855
13.64388
13.62982
13.61671
13.60271
13.58887
13.57426
13.55951
13.54408
13.52927
13.51611
13.50172
13.48956
13.47639
13.46182
13.44758
13.43171
13.41634
13.4022
13.38809
13.37502
13.36209
13.3491
13.33642
13.3234
13.31077
13.2988
13.28392
13.27266
13.25854
13.24392
13.23146
13.21636
13.20262
13.18888
13.17585
13.1618
13.14796
13.1333
13.11951
13.10603
13.09344
13.08123
13.0682
13.05551
13.04316
13.03018
13.01701
13.00376
12.99067
12.9781
12.9653
12.95199
12.9376
12.92302
12.90849
12.89327
12.8791
12.86463
12.84978
12.83645
12.82296
12.80915
12.79702
12.78432
12.77084
12.75832
12.74396
12.72991
12.71621
12.70168
12.68726
12.67209
12.65661
12.64182
12.62568
12.61042
12.59517
12.57817
12.56285
12.54726
12.53039
12.51469
12.49918
12.48237
12.46591
12.44914
12.43179
12.41401
12.39668
12.37973
12.36093
12.34248
12.32542
12.30595
12.28719
12.2688
12.24802
12.22731
12.20677
12.18569
12.16451
12.14468
12.12647
12.10627
12.08505
12.06388
12.03676
12.01003
11.98392
11.95591
11.93004
11.90516
11.87839
11.85155
11.82418
11.79686
11.76905
11.73947
11.71064
11.6779
11.64616
11.61755
11.58523
11.55469
11.52273
11.48605
11.44983
11.41149
11.37225
11.33556
11.29721
11.25963
11.22049
11.17804
11.13617
11.09047
11.04438
10.99808
10.94784
10.8996
10.85168
10.80279
10.75625
10.70722
10.6512
10.59521
10.5331
10.46896
10.40815
10.34561
10.28573
10.22327
10.16209
10.10116
10.03243
9.965868
9.895407
9.811696
9.731717
9.649142
9.561052
9.48341
9.402472
9.317444
9.229194
9.135769
9.040082
8.937599
8.836568
8.737785
8.626809
8.522257
8.416298
8.303497
8.197674
8.087921
7.970817
7.852571
7.727565
7.601726
7.474927
7.345246
7.21575
7.073596
6.925995
6.782417
6.629696
6.482845
6.339358
6.179044
6.030698
5.872571
5.70078
5.536544
5.360891
5.185188
5.011507
4.834031
4.653364
4.466728
4.279065
4.08955
3.881007
3.674524
3.468485
3.252993
3.054682
2.860786
2.653739
2.442474
2.217377
1.978473
1.734053
1.491401
1.254731
1.011195
.7727988
.5431419
.2990454
0.057801
-.1805137
-.4470167
-.7190463
-.9924316
-1.274783
-1.545114
-1.805772
-2.062147
-2.325605
-2.596156
-2.86668
-3.153949
-3.443807
-3.722819
-4.020679
-4.31972
-4.610852
-4.914051
-5.207365
-5.4984
-5.798909
-6.106942
-6.427168
-6.746541
-7.066286
-7.382005
-7.683269
-7.990176
-8.302108
-8.610635
-8.935661
-9.263635
-9.58934
-9.929018
-10.26187
-10.59321
-10.92147
-11.23556
-11.54994
-11.86629
-12.19505
-12.54282
-12.8971
-13.25604
-13.60952
-13.94644
-14.28597
-14.6169
-14.94483
-15.28514
-15.61677
-15.95412
-16.30662
-16.65607
-17.01221
-17.3664
-17.70444
-18.03402
-18.35627
-18.68324
-19.01483
-19.34919
-19.69754
-20.03722
-20.36527
-20.70402
-21.02705
-21.34925
-21.6803
-22.00166
-22.32425
-22.65256
-22.98663
-23.3216
-23.64856
-23.97081
-24.27583
-24.56127
-24.86198
-25.16067
-25.46031
-25.78035
-26.08949
-26.38925
-26.68908
-26.97643
-27.25278
-27.52234
-27.78698
-28.04729
-28.30299
-28.5759
-28.8553
-29.12565
-29.40296
-29.6603
-29.89169
-30.12476
-30.34709
-30.56541
-30.78852
-31.0081
-31.22982
-31.44551
-31.65909
-31.86439
-32.04627
-32.22056
-32.38456
-32.53392
-32.68895
-32.84128
-32.98145
-33.12221
-33.24297
-33.34742
-33.44802
-33.53636
-33.62494
-33.70812
-33.78105
-33.8496
-33.90224
-33.94723
-33.97977
-33.99083
-33.99615
-33.98322
-33.95711
-33.93797
-33.90868
-33.8811
-33.85192
-33.79906
-33.73298
-33.64811
-33.54586
-33.43549
-33.3109
-33.18125
-33.04374
-32.89233
-32.75591
-32.60825
-32.45135
-32.29556
-32.10949
-31.90482
-31.69854
-31.48386
-31.26629
-31.05145
-30.83517
-30.60879
-30.37299
-30.14024
-29.89551
-29.63959
-29.39099
-29.1333
-28.87135
-28.62635
-28.37715
-28.12629
-27.87762
-27.62221
-27.3624
-27.10268
-26.8484
-26.60063
-26.35271
-26.11469
-25.8786
-25.63637
-25.40497
-25.17029
-24.93167
-24.70043
-24.46698
-24.23809
-24.01819
-23.8052
-23.59755
-23.39105
-23.18526
-22.98063
-22.7736
-22.57301
-22.37578
-22.18045
-21.99341
-21.80798
-21.62618
-21.45126
-21.27526
-21.10213
-20.93025
-20.75888
-20.59176
-20.42909
-20.2699
-20.11638
-19.96214
-19.81079
-19.66043
-19.50908
-19.36452
-19.21944
-19.0789
-18.94109
-18.803
-18.66945
-18.53749
-18.40789
-18.27984
-18.15314
-18.0267
-17.904
-17.78321
-17.6665
-17.55175
-17.43778
-17.32653
-17.21432
-17.1038
-16.99574
-16.88737
-16.78014
-16.67558
-16.57151
-16.46952
-16.37031
-16.27162
-16.175
-16.0787
-15.98426
-15.89119
-15.79895
-15.70974
-15.62046
-15.5324
-15.44596
-15.35983
-15.27498
-15.1896
-15.10622
-15.02337
-14.94155
-14.86277
-14.78364
-14.70524
-14.62936
-14.5524
-14.47582
-14.40191
-14.32764
-14.25536
-14.18415
-14.11383
-14.04389
-13.97406
-13.90671
-13.83852
-13.77041
-13.7047
-13.63866
-13.57264
-13.5089
-13.44431
-13.37987
-13.31773
-13.25531
-13.19464
-13.13483
-13.07481
-13.01606
-12.95729
-12.89864
-12.84137
-12.78335
-12.72677
-12.67136
-12.61579
-12.56221
-12.50851
-12.45444
-12.40075
-12.34715
-12.29483
-12.24388
-12.19356
-12.14386
-12.09361
-12.04376
-11.99462
-11.94508
-11.89629
-11.84778
-11.79873
-11.7507
-11.70283
-11.65598
-11.61095
-11.56549
-11.52031
-11.47466
-11.42847
-11.38456
-11.34163
-11.29936
-11.2573
-11.21497
-11.17256
-11.13107
-11.08942
-11.0483
-11.00676
-10.96474
-10.92382
-10.88244
-10.84214
-10.80331
-10.76393
-10.72474
-10.68592
-10.6463
-10.60833
-10.57162
-10.53629
-10.50124
-10.4658
-10.43045
-10.39388
-10.35793
-10.32251
-10.28602
-10.24994
-10.21387
-10.1776
-10.1418
-10.10688
-10.07188
-10.03746
-10.00346
-9.969846
-9.936859
-9.904629
-9.874853
-9.844311
-9.813882
-9.783006
-9.75071
-9.718791
-9.687626
-9.656434
-9.624968
-9.593428
-9.561203
-9.52949
-9.498325
-9.468023
-9.438645
-9.408542
-9.379077
-9.349776
-9.320772
-9.293661
-9.266224
-9.238736
-9.211577
-9.183812
-9.156486
-9.129327
-9.101118
-9.073256
-9.04455
-9.01615
-8.988724
-8.961349
-8.935316
-8.909336
-8.883306
-8.857626
-8.831997
-8.806582
-8.782049
-8.757616
-8.733059
-8.709397
-8.68478
-8.660166
-8.635606
-8.610819
-8.586161
-8.560953
-8.536295
-8.510639
-8.485828
-8.462503
-8.43887
-8.41626
-8.39452
-8.370793
-8.348063
-8.326233
-8.303444
-8.281846
-8.259347
-8.23667
-8.214846
-8.192249
-8.170677
-8.148985
-8.126307
-8.105637
-8.083909
-8.062021
-8.041173
-8.019833
-7.998434
-7.977738
-7.956462
-7.935297
-7.916799
-7.897241
-7.877044
-7.857854
-7.836876
-7.8166
-7.798039
-7.778753
-7.758977
-7.739287
-7.719509
-7.698761
-7.67874
-7.659654
-7.639934
-7.621402
-7.602702
-7.584451
