"Version:",9
"Fecha:","05-18-2016"
"Hora:","17:13:12"
"Operador:",""
"HP:",0
"vitramo(6)",-200
"vitramo(7)",-200
"MaxCh",0
"Método:",0
"Técnica:","2-VC",2
"Vinicial:",-200
"Vfinal:",600
"ScanRate:",50
"Rango:",4
"FiltroHard:",1
"SampleRate:",50
"RampStep:",1
"NumCiclos:",1
"AcqConf:",0
"ScanDir:",-32000
"ICellCond.",2
"SoftFilter:",1
"Loop Ini",4
"CountV:",1600
"CountI:",1600
"CountI2:",0
"Xfreq:",10
"SamplesSec",50
20
1,1,0,0,0
0,0,0,0,0
0,0,0,0,0
0,0,0,0,0
0,0,0,0,0
0,0,0,0,0
0,0,0,0,0
0,0,0,0,0
0,0,0,0,0
0,0,0,0,0
0,0,0,0,0
0,0,0,0,0
0,0,0,0,0
0,0,0,0,0
0,0,0,0,0
0,0,0,0,0
0,0,0,0,0
0,0,0,0,0
0,0,0,0,0
0,0,0,0,0
0,0,0,0,0
"Xaxis:",1
"Yxais:",2
"Ymin:",-500
"Ymax:",500
"Xmin:",-200
"Xmax:",600
"Grilla:",1
"BackColor:",15780518
"Pen Color:",255
"E1:",1
"E2:",1
"E3:",0
"E4:",0
"P1:",-200
"P2:",600
"P3:",-15.625
"P4:",15.625
"P5:",0
"P6:",0
"P7:",0
"P8:",0
"PretreatEn:",0
"P10:",20
"P11:",0
"P12:",1
"P13:",0
"P14:",-197.0165
"P15:",0
"P16:",0
"Auto Integ",0
"Auto Write",0
"Peak List",0
"Graph Write",0
"Graph names",0
"Graph numbers",0
"Graph Ret.Time",0
"Automatic Save",0
"SaveFilename",0
"Sufix StartNum",0
"E1",0
"E2",0
"E3",0
"E4",0
"Comentario:",""
7
10,0,0,0,0,0,0,10,1,0,1,1,0,0,0,0,99999,-99999
10,0,0,0,0,0,0,10,1,0,1,1,0,0,0,0,99999,-99999
10,0,0,0,0,0,0,10,1,0,1,1,0,0,0,0,99999,-99999
10,-200,0,5000,0,0,0,50,4,10,1,1,0,0,0,0,99999,-99999
3,-200,600,16000,1,50,0,50,4,10,1,1,0,0,0,0,99999,-99999
3,600,-200,16000,-1,50,0,50,4,2,1,1,0,0,0,0,99999,-99999
3,-200,-200,0,0,50,0,50,4,0,1,1,0,0,0,0,99999,-99999
3,-200,0,0,0,50,0,50,4,0,1,1,0,0,0,0,99999,-99999
10000
1
50
1
0
0
0
0
1
0
10
0
0
4
4
0
0
1
250
8
8
0
254
0
0
0
0
0
0
0
0
0
9000.1,4,4,0,0,1
10000,4,4,0,0,1
10999.9,4,4,0,0,1
11999.8,4,4,0,0,1
12999.7,4,4,0,0,1
13999.6,4,4,0,0,1
14999.5,4,4,0,0,1
15999.4,4,4,0,0,1
16999.3,4,4,0,0,1
17999.2,4,4,0,0,1
18999.1,4,4,0,0,1
-199.5408
-199.3279
-198.8724
-198.1375
-197.1569
-196.127
-195.1003
-194.127
-193.1262
-192.1522
-191.1746
-190.1867
-189.1897
-188.1951
-187.1854
-186.1674
-185.1649
-184.1689
-183.1591
-182.1463
-181.155
-180.1636
-179.1768
-178.192
-177.2068
-176.175
-175.1892
-174.195
-173.1721
-172.1992
-171.1954
-170.1711
-169.1714
-168.1716
-167.1708
-166.1903
-165.2144
-164.2208
-163.1981
-162.2003
-161.1732
-160.1565
-159.1661
-158.1352
-157.1426
-156.1339
-155.135
-154.1539
-153.1589
-152.1745
-151.1809
-150.1997
-149.2029
-148.2076
-147.2222
-146.2309
-145.2358
-144.2176
-143.2044
-142.1983
-141.1998
-140.2191
-139.2333
-138.232
-137.2248
-136.235
-135.221
-134.2272
-133.2203
-132.2137
-131.2129
-130.2113
-129.2467
-128.2445
-127.2515
-126.2563
-125.2346
-124.2403
-123.2543
-122.2507
-121.2689
-120.2766
-119.2719
-118.2656
-117.2284
-116.2339
-115.2343
-114.2252
-113.2609
-112.232
-111.231
-110.2459
-109.2201
-108.2306
-107.2126
-106.1875
-105.1732
-104.1653
-103.1625
-102.1928
-101.2086
-100.2165
-99.2274
-98.20684
-97.218
-96.20181
-95.20626
-94.2159
-93.19535
-92.20338
-91.19969
-90.20906
-89.23806
-88.25388
-87.25672
-86.23897
-85.22902
-84.2205
-83.21627
-82.23019
-81.22346
-80.21541
-79.22033
-78.22845
-77.22295
-76.24072
-75.25647
-74.2483
-73.29027
-72.29903
-71.28873
-70.29608
-69.30123
-68.28545
-67.28715
-66.27193
-65.2382
-64.25597
-63.25591
-62.28953
-61.29015
-60.2715
-59.26958
-58.2336
-57.2394
-56.23293
-55.21673
-54.21275
-53.20334
-52.22162
-51.24363
-50.2574
-49.2863
-48.27772
-47.2818
-46.30228
-45.28692
-44.29583
-43.29575
-42.2858
-41.28518
-40.28274
-39.28573
-38.27816
-37.27615
-36.27589
-35.25703
-34.24516
-33.2644
-32.25778
-31.29532
-30.30582
-29.26998
-28.29483
-27.25629
-26.25401
-25.26984
-24.24629
-23.25398
-22.24607
-21.25736
-20.2835
-19.30222
-18.31211
-17.31203
-16.28267
-15.24257
-14.2465
-13.21559
-12.21543
-11.25717
-10.22388
-9.244569
-8.257858
-7.221239
-6.248151
-5.235405
-4.199858
-3.232582
-2.265569
-1.304864
-.3561122
.6064754
1.59297
2.572464
3.547632
4.538931
5.54897
6.564803
7.576493
8.60281
9.59231
10.59138
11.56583
12.55881
13.57081
14.55853
15.57955
16.57464
17.56102
18.56188
19.55384
20.54763
21.55394
22.54342
23.54903
24.53591
25.50596
26.50924
27.49623
28.50987
29.49973
30.48927
31.47591
32.45372
33.47083
34.49165
35.49284
36.51785
37.52214
38.49371
39.49886
40.47449
41.46069
42.47487
43.49176
44.51516
45.54218
46.56413
47.58291
48.58549
49.56442
50.54208
51.50674
52.50667
53.53277
54.54639
55.55049
56.53728
57.51762
58.49774
59.48492
60.48523
61.49107
62.48821
63.50322
64.49677
65.483
66.5062
67.49757
68.49603
69.50986
70.4884
71.50517
72.52466
73.5125
74.53606
75.51824
76.51306
77.49065
78.45714
79.46886
80.45245
81.46138
82.47255
83.46335
84.48356
85.5092
86.50368
87.49892
88.48661
89.4736
90.46855
91.46909
92.47044
93.4677
94.473
95.4697
96.47368
97.4707
98.49536
99.50992
100.5065
101.5166
102.4958
103.4863
104.481
105.4901
106.4831
107.4672
108.4561
109.4293
110.4215
111.4423
112.4521
113.4677
114.492
115.4978
116.4934
117.4666
118.4348
119.3997
120.4016
121.4121
122.4168
123.4387
124.44
125.4439
126.4496
127.4533
128.4328
129.4205
130.4268
131.3968
132.4093
133.4204
134.4114
135.4424
136.4345
137.4181
138.3976
139.3747
140.3884
141.3876
142.3971
143.4227
144.4088
145.4353
146.4491
147.4254
148.4325
149.4344
150.4312
151.4364
152.4475
153.4291
154.4418
155.4341
156.4182
157.4187
158.3943
159.3936
160.3859
161.3792
162.3931
163.4104
164.4116
165.4104
166.3973
167.3873
168.3883
169.3831
170.3885
171.3867
172.3965
173.414
174.4215
175.4353
176.4198
177.4099
178.3999
179.3777
180.369
181.3584
182.3415
183.335
184.3448
185.3331
186.3504
187.3422
188.3436
189.3648
190.3667
191.3715
192.36
193.3487
194.3316
195.3552
196.3681
197.3893
198.408
199.4064
200.428
201.4407
202.4369
203.4259
204.4133
205.3979
206.3829
207.4013
208.3963
209.3876
210.4044
211.3842
212.3591
213.3483
214.3496
215.3478
216.3713
217.3694
218.3586
219.3578
220.3489
221.3639
222.3612
223.3469
224.3522
225.3445
226.3723
227.391
228.3927
229.3884
230.3668
231.3603
232.3329
233.3228
234.3192
235.3146
236.3106
237.3194
238.3074
239.3182
240.3596
241.3767
242.3983
243.3703
244.3368
245.3235
246.3019
247.3171
248.3216
249.3272
250.3637
251.3898
252.4097
253.3954
254.3609
255.3362
256.3123
257.3138
258.3105
259.3256
260.3293
261.3328
262.3204
263.2928
264.3145
265.3207
266.3345
267.3407
268.3054
269.3033
270.3104
271.3083
272.3177
273.2905
274.2767
275.2744
276.2831
277.3244
278.3279
279.3351
280.3208
281.2917
282.2823
283.2701
284.2815
285.2747
286.2592
287.2608
288.2451
289.2538
290.2945
291.3007
292.3104
293.3153
294.2858
295.2617
296.2727
297.2648
298.2814
299.308
300.294
301.295
302.2897
303.292
304.3186
305.3162
306.319
307.3026
308.2747
309.2813
310.2675
311.2667
312.2684
313.2456
314.2479
315.2675
316.287
317.3006
318.2947
319.295
320.2636
321.2543
322.2803
323.2569
324.2626
325.2671
326.2567
327.2762
328.2877
329.3016
330.2996
331.2621
332.2397
333.2131
334.1849
335.2183
336.2048
337.2072
338.2146
339.1699
340.1861
341.1898
342.1779
343.2036
344.1966
345.1771
346.1938
347.2065
348.2185
349.2484
350.2548
351.2634
352.2722
353.2692
354.2843
355.2664
356.252
357.2609
358.2503
359.2574
360.2639
361.2433
362.2286
363.2241
364.2227
365.2403
366.2407
367.2526
368.2517
369.2382
370.2316
371.222
372.208
373.222
374.2333
375.2415
376.2586
377.2384
378.2461
379.2359
380.2526
381.264
382.2523
383.2404
384.2063
385.1862
386.1925
387.199
388.2233
389.249
390.2467
391.2394
392.2343
393.2204
394.223
395.2222
396.211
397.2429
398.246
399.2695
400.2866
401.2643
402.2592
403.2516
404.2614
405.2856
406.3115
407.316
408.313
409.3029
410.3063
411.3041
412.2946
413.2701
414.2421
415.2449
416.2394
417.2576
418.2527
419.2411
420.2354
421.2208
422.2177
423.2195
424.2239
425.223
426.2233
427.2041
428.1955
429.2105
430.2032
431.232
432.2397
433.2126
434.2403
435.2004
436.2017
437.2011
438.1673
439.1847
440.1722
441.166
442.1532
443.1509
444.1537
445.1608
446.171
447.1833
448.1851
449.1825
450.1966
451.1801
452.1671
453.1673
454.1518
455.164
456.1944
457.2227
458.2342
459.2419
460.2199
461.1864
462.1834
463.1651
464.1502
465.1599
466.1429
467.144
468.1537
469.1527
470.1653
471.1637
472.1567
473.1423
474.1443
475.1443
476.1443
477.1613
478.1488
479.1506
480.1482
481.1368
482.1569
483.1402
484.136
485.1233
486.0891
487.0852
488.0933
489.1064
490.1166
491.1105
492.0885
493.0717
494.0846
495.1127
496.1321
497.1534
498.1491
499.1375
500.1261
501.1124
502.1129
503.124
504.1282
505.1408
506.1644
507.1561
508.1925
509.205
510.1815
511.1937
512.1559
513.1246
514.1456
515.1285
516.138
517.1461
518.1132
519.1002
520.099
521.1171
522.1332
523.1375
524.1357
525.1231
526.1364
527.1522
528.16
529.1575
530.1501
531.1276
532.1319
533.1413
534.1338
535.1298
536.1101
537.1017
538.1041
539.1243
540.1177
541.1057
542.0785
543.0554
544.0572
545.0467
546.0574
547.0684
548.0793
549.0975
550.0909
551.1002
552.095
553.0898
554.0982
555.0908
556.1
557.1169
558.1193
559.1353
560.1345
561.1192
562.1237
563.1035
564.1055
565.1042
566.0824
567.0863
568.0787
569.0805
570.1047
571.1112
572.1113
573.094
574.0709
575.0752
576.0878
577.1019
578.1152
579.0994
580.0778
581.0695
582.0549
583.0654
584.0668
585.0913
586.1011
587.0986
588.1021
589.0883
590.0758
591.0681
592.0425
593.0209
594.0391
595.0322
596.0621
597.0815
598.0859
598.6365
598.6688
598.2054
597.2287
596.2234
595.2041
594.2102
593.2213
592.233
591.2511
590.2456
589.2335
588.2325
587.2319
586.2343
585.2393
584.2267
583.2311
582.2115
581.2256
580.233
579.2211
578.2385
577.2366
576.2339
575.2721
574.2733
573.2771
572.2806
571.2508
570.248
569.2272
568.228
567.2309
566.2048
565.2135
564.2207
563.2245
562.2666
561.2852
560.2767
559.272
558.2562
557.2158
556.2206
555.2128
554.187
553.1959
552.1778
551.181
550.1966
549.2184
548.2157
547.2068
546.2068
545.1846
544.1902
543.2093
542.2261
541.2383
540.2358
539.2321
538.2477
537.271
536.299
535.3149
534.3039
533.2866
532.2769
531.2719
530.267
529.2551
528.2448
527.2446
526.2604
525.2946
524.3198
523.3306
522.3325
521.3163
520.2981
519.27
518.2698
517.28
516.281
515.2988
514.3065
513.2897
512.3187
511.3257
510.3146
509.3307
508.3148
507.3184
506.3302
505.3365
504.3317
503.3184
502.3013
501.2886
500.2819
499.2931
498.3095
497.3147
496.316
495.2987
494.2703
493.2573
492.264
491.2553
490.2393
489.2332
488.2389
487.2538
486.3032
485.3299
484.3217
483.3246
482.3043
481.2892
480.2834
479.293
478.3056
477.3052
476.3196
475.3011
474.2988
473.3002
472.3146
471.3345
470.3063
469.3109
468.3005
467.2885
466.3292
465.3329
464.3356
463.3422
462.3129
461.3256
460.3385
459.3566
458.3723
457.3579
456.3449
455.3389
454.3372
453.3596
452.3602
451.3441
450.3332
449.3107
448.3079
447.3193
446.343
445.363
444.3607
443.3519
442.348
441.3238
440.3365
439.3371
438.3297
437.3543
436.3551
435.3854
434.4164
433.4299
432.4194
431.3962
430.3694
429.3547
428.3633
427.3953
426.3975
425.3796
424.3696
423.3466
422.3623
421.3899
420.3946
419.3618
418.3378
417.3152
416.3269
415.3708
414.4013
413.423
412.444
411.4377
410.4485
409.4503
408.454
407.4598
406.4367
405.4303
404.3951
403.37
402.3831
401.3835
400.3859
399.4213
398.4107
397.4018
396.3957
395.3677
394.3413
393.3263
392.318
391.3107
390.3329
389.3608
388.3786
387.3826
386.3673
385.3546
384.3623
383.3949
382.4215
381.4333
380.4251
379.4213
378.4081
377.4016
376.4159
375.4078
374.3971
373.3945
372.3927
371.3872
370.4166
369.4299
368.4089
367.4072
366.3893
365.38
364.3843
363.3881
362.3919
361.387
360.403
359.3967
358.4013
357.4158
356.4081
355.4141
354.4063
353.3843
352.3812
351.3984
350.4022
349.4189
348.437
347.4036
346.3933
345.3945
344.3849
343.3983
342.4125
341.4134
340.4
339.3778
338.3825
337.3583
336.3791
335.4031
334.3872
333.4114
332.4019
331.4354
330.4573
329.4412
328.4485
327.4243
326.3984
325.4235
324.4379
323.427
322.4331
321.4289
320.4263
319.4358
318.4513
317.4381
316.4138
315.4005
314.3937
313.3995
312.4378
311.4621
310.4827
309.4983
308.4675
307.4595
306.4557
305.4635
304.4823
303.4952
302.4821
301.4445
300.433
299.425
298.4372
297.4466
296.4516
295.4473
294.4312
293.4443
292.4604
291.4515
290.4437
289.4304
288.4058
287.3989
286.4227
285.4394
284.4386
283.4623
282.4532
281.465
280.4733
279.4573
278.4636
277.4381
276.4489
275.4431
274.4454
273.4449
272.4375
271.4457
270.436
269.4642
268.4756
267.4877
266.4804
265.4741
264.4628
263.4631
262.476
261.4864
260.4851
259.4925
258.5075
257.4667
256.4694
255.4565
254.4566
253.4731
252.4633
251.4661
250.4484
249.4582
248.4658
247.4561
246.4581
245.4501
244.4391
243.4458
242.4752
241.487
240.4966
239.5016
238.4644
237.461
236.4551
235.4686
234.4881
233.4812
232.4965
231.4962
230.5091
229.5405
228.5426
227.5439
226.5325
225.5064
224.5116
223.5019
222.4981
221.5119
220.5008
219.4941
218.4938
217.5076
216.5381
215.5555
214.5486
213.5498
212.5173
211.5106
210.528
209.5223
208.5435
207.5539
206.5739
205.5638
204.5856
203.591
202.5705
201.5765
200.5716
199.5541
198.5508
197.5683
196.5454
195.5558
194.5639
193.5432
192.5358
191.528
190.5199
189.5127
188.4921
187.5168
186.5121
185.5169
184.5457
183.5405
182.5456
181.5602
180.5515
179.5333
178.5245
177.5313
176.5486
175.5697
174.5895
173.5811
172.5859
171.5745
170.5732
169.5584
168.5456
167.5534
166.5706
165.6153
164.6209
163.6153
162.6013
161.5429
160.5251
159.5251
158.5107
157.5511
156.5635
155.5612
154.5637
153.5767
152.5958
151.5846
150.5977
149.582
148.578
147.5901
146.5852
145.5762
144.5482
143.5476
142.5411
141.5334
140.5481
139.5518
138.5418
137.5353
136.5371
135.5269
134.5305
133.555
132.5454
131.5301
130.5459
129.5361
128.5642
127.6095
126.6293
125.6277
124.6343
123.6386
122.6098
121.6188
120.6134
119.5939
118.6099
117.6286
116.6168
115.6246
114.6464
113.6242
112.6379
111.6289
110.5982
109.5978
108.6063
107.6153
106.6308
105.6536
104.6546
103.6515
102.6645
101.6555
100.6385
99.63181
98.61466
97.61402
96.60306
95.59132
94.5881
93.59018
92.58958
91.59581
90.58984
89.59825
88.59796
87.59259
86.59364
85.58015
84.57533
83.58975
82.59143
81.5895
80.60723
79.61095
78.6446
77.65799
76.66423
75.67764
74.66474
73.65036
72.64841
71.63499
70.6048
69.59967
68.58227
67.59601
66.59824
65.60448
64.63733
63.64315
62.68814
61.68934
60.66218
59.65272
58.63773
57.63119
56.65444
55.64633
54.65384
53.69299
52.69538
51.69532
50.70172
49.67364
48.66677
47.68341
46.68054
45.67516
44.68531
43.70846
42.68819
41.70379
40.68823
39.66991
38.69634
37.70678
36.71853
35.71282
34.68103
33.66542
32.67526
31.6758
30.69479
29.70367
28.70016
27.70367
26.70924
25.71252
24.73225
23.73503
22.71634
21.72281
20.69905
19.69149
18.72568
17.71196
16.72459
15.73509
14.73633
13.75429
12.75883
11.77016
10.75139
9.738063
8.727513
7.71934
6.71939
5.751057
4.746764
3.767353
2.779388
1.757232
.7705885
-.2363624
-1.200353
-2.170635
-3.142402
-4.110075
-5.11861
-6.10674
-7.11478
-8.115011
-9.120856
-10.13012
-11.11674
-12.13065
-13.11298
-14.10601
-15.10722
-16.11679
-17.12503
-18.1333
-19.14407
-20.13715
-21.14556
-22.14907
-23.13061
-24.11262
-25.07707
-26.03589
-27.04141
-28.05143
-29.07157
-30.11126
-31.11755
-32.10643
-33.11375
-34.12384
-35.13395
-36.12946
-37.13119
-38.10421
-39.08693
-40.11278
-41.10271
-42.10948
-43.12133
-44.09759
-45.09436
-46.09642
-47.09863
-48.12255
-49.1388
-50.14672
-51.1177
-52.08628
-53.08315
-54.10431
-55.11871
-56.14257
-57.14567
-58.10565
-59.1268
-60.11858
-61.10484
-62.11721
-63.09602
-64.09226
-65.11433
-66.11797
-67.1293
-68.16367
-69.15302
-70.1582
-71.16423
-72.13055
-73.12249
-74.10791
-75.08055
-76.07346
-77.07375
-78.07857
-79.09566
-80.09834
-81.09596
-82.08492
-83.07069
-84.07973
-85.07756
-86.09766
-87.10854
-88.1135
-89.12038
-90.10755
-91.09761
-92.08767
-93.07697
-94.08717
-95.08542
-96.06967
-97.05704
-98.03561
-99.03796
-100.0512
-101.0666
-102.0594
-103.0373
-104.0249
-105.017
-106.0228
-107.0487
-108.0692
-109.0724
-110.1033
-111.0944
-112.092
-113.1016
-114.0744
-115.0712
-116.0702
-117.081
-118.089
-119.1033
-120.1168
-121.1244
-122.1095
-123.1136
-124.0992
-125.1038
-126.1327
-127.1333
-128.1166
-129.0874
-130.0669
-131.0635
-132.0653
-133.0528
-134.0387
-135.0341
-136.0446
-137.0534
-138.069
-139.0604
-140.0547
-141.0539
-142.0455
-143.0501
-144.0411
-145.0609
-146.0715
-147.0706
-148.0731
-149.0543
-150.0743
-151.0612
-152.0667
-153.0511
-154.0045
-155.0218
-156.0047
-157.0194
-158.0376
-159.0291
-160.0437
-161.0467
-162.031
-163.0225
-164.0229
-165.0225
-166.0318
-167.0392
-168.0462
-169.0435
-170.0515
-171.0698
-172.0622
-173.0345
-174.0375
-175.0138
-176.0297
-177.0506
-178.0255
-179.0178
-180.0122
-181.0186
-182.0346
-183.028
-184.0236
-185.022
-186.0126
-187.0292
-188.0353
-189.026
-190.0323
-191.0216
-191.9745
-192.9503
-193.9492
-194.9579
-195.9848
-197.0165
-.5838947
-.5741805
-.5595825
-.5406956
-.5192299
-.5091702
-.5036625
-.5012127
-.4997167
-.4953881
-.4900467
-.4845071
-.4785897
-.4739761
-.4680076
-.4620582
-.4582458
-.4535889
-.4506887
-.4489414
-.4458342
-.4423579
-.4394854
-.4354253
-.4311383
-.4262691
-.4211339
-.4170452
-.4126871
-.4099931
-.4057173
-.4017888
-.3993443
-.3966892
-.3946595
-.3925043
-.3888877
-.3849437
-.3822306
-.3785473
-.3747237
-.3707051
-.3667793
-.3636841
-.3616537
-.3613409
-.3604652
-.3585906
-.3565835
-.3523025
-.3474255
-.3439285
-.3419326
-.3408533
-.341166
-.3417022
-.3416779
-.3414189
-.3411937
-.339806
-.3373571
-.3358827
-.3332883
-.3307926
-.3282848
-.3250529
-.3217048
-.3189787
-.3165965
-.315214
-.314041
-.31329
-.3126334
-.3094603
-.3075208
-.3027486
-.2983489
-.2954678
-.2927945
-.292137
-.2908645
-.2900615
-.2897029
-.2883351
-.2856038
-.2850806
-.2824116
-.2799861
-.2815809
-.2787847
-.2767299
-.2755137
-.2705657
-.2689986
-.2679305
-.2676741
-.2690818
-.2690792
-.2682389
-.2676689
-.2660248
-.2645478
-.262953
-.2596985
-.2573675
-.2554279
-.2543027
-.2531376
-.251891
-.2518252
-.2504981
-.2498207
-.2493954
-.2471171
-.2451585
-.2434009
-.241354
-.2397644
-.2391563
-.2387639
-.2385837
-.2381098
-.2370582
-.2356202
-.2326655
-.230583
-.2285352
-.2261703
-.2254262
-.2232996
-.2212353
-.2204782
-.2195885
-.2196249
-.2192568
-.2182987
-.2171249
-.2146188
-.212688
-.2110291
-.2083723
-.2066121
-.2044135
-.2025104
-.2028041
-.2032588
-.203679
-.2035066
-.2022808
-.2015029
-.2007095
-.1997652
-.1983524
-.1951351
-.1932095
-.1916727
-.1903257
-.1916372
-.1912257
-.1912985
-.1916407
-.1898441
-.1887725
-.1868572
-.1835482
-.1807199
-.1784676
-.1759572
-.1748571
-.1741658
-.173549
-.1732424
-.1718676
-.171127
-.1684944
-.1662102
-.1653552
-.1633073
-.1623138
-.1603682
-.1581748
-.1564388
-.1559416
-.1560101
-.1549316
-.1531627
-.1512855
-.1490878
-.1469231
-.1466112
-.1440497
-.1407268
-.1386357
-.1359979
-.1351767
-.1354271
-.1349342
-.1334979
-.1323527
-.131276
-.1303673
-.1292957
-.1272782
-.1233368
-.1200442
-.1184399
-.1167048
-.1162543
-.1159286
-.1138124
-.1115662
-.1091641
-.1059615
-.1037439
-.1006228
-0.098122
-0.095947
-0.093105
-0.092471
-0.091485
-0.089589
-0.088654
-0.086052
-0.083028
-0.082313
-0.078890
-0.076337
-0.071929
-0.064866
-0.061136
-0.056284
-0.054181
-0.051598
-0.045930
-0.043979
-0.040731
-0.036753
-0.035360
-0.031597
-0.026723
-0.023315
-0.017182
-0.009606
-0.004578
0.001099
0.004689
0.008157
.0131289
.0182034
0.026665
0.036307
0.044169
0.050410
0.052681
0.054892
0.058264
0.061996
.0671639
0.072168
0.076213
0.083730
0.091717
0.099745
.1090774
.118044
.1265688
.1356185
.1455631
.1551542
.1632294
.172345
.1818096
.1911244
.203232
.217843
.2305761
.2442316
.2583948
.2709078
.2842854
.2967187
.3086495
.3185282
.330117
.3470322
.363018
.3845946
.4106297
.426787
.4388098
.4506904
.4597843
.4768642
.5002469
.5226698
.542746
.5619534
.5840471
.6046093
.6264501
.6539631
.6771873
.7025251
.7322731
.7602244
.7901672
.8213713
.8506176
.8792464
.906522
.9371881
.9700442
1.005435
1.047948
1.088177
1.125993
1.166181
1.200767
1.238817
1.279582
1.319579
1.365205
1.415411
1.464867
1.519283
1.569299
1.61606
1.6647
1.709716
1.758594
1.808468
1.864235
1.926078
1.984593
2.051621
2.117777
2.179858
2.252101
2.321112
2.384439
2.455083
2.522853
2.591587
2.669632
2.749538
2.834023
2.914104
2.995115
3.081184
3.155982
3.241329
3.33129
3.412768
3.506487
3.601624
3.690245
3.78564
3.884591
3.979141
4.065048
4.148964
4.236219
4.322431
4.425926
4.549531
4.656531
4.766233
4.876535
4.963136
5.058285
5.160301
5.257523
5.364106
5.474358
5.588711
5.704962
5.815736
5.93003
6.024226
6.115947
6.21941
6.31257
6.420524
6.534725
6.639861
6.746067
6.851296
6.947454
7.047556
7.147277
7.248251
7.350044
7.442856
7.5376
7.618085
7.700193
7.791811
7.873446
7.965088
8.062438
8.142263
8.22994
8.311253
8.37582
8.438189
8.493118
8.544519
8.598768
8.65856
8.728891
8.787804
8.842847
8.898294
8.929806
8.965493
9.008511
9.038399
9.07756
9.115252
9.142798
9.173223
9.200655
9.223279
9.236953
9.242879
9.250795
9.255659
9.267513
9.28966
9.297466
9.306023
9.305944
9.285095
9.269465
9.249889
9.229358
9.217188
9.202219
9.190673
9.182252
9.169696
9.162612
9.139688
9.107824
9.080178
9.040491
9.009678
8.98664
8.959101
8.93533
8.908623
8.879517
8.847682
8.81517
8.784559
8.747871
8.707283
8.671334
8.634322
8.598268
8.569306
8.530775
8.492496
8.452824
8.407914
8.375276
8.341321
8.31139
8.282852
8.248455
8.209227
8.170594
8.131585
8.089591
8.051535
8.012481
7.976735
7.94242
7.914583
7.884829
7.849041
7.818746
7.780952
7.742741
7.71122
7.674899
7.644064
7.616918
7.585738
7.561294
7.534379
7.501824
7.474999
7.442782
7.40943
7.382836
7.354116
7.326267
7.301553
7.279907
7.255975
7.232539
7.208245
7.181574
7.15584
7.131423
7.108831
7.0831
7.057238
7.034387
7.014843
6.99265
6.970607
6.954801
6.926947
6.906422
6.892316
6.86797
6.84937
6.834448
6.814212
6.788679
6.773145
6.755301
6.73395
6.722346
6.708102
6.691101
6.673931
6.664022
6.645192
6.626359
6.617208
6.596337
6.582451
6.571101
6.553952
6.544112
6.53335
6.515893
6.507205
6.494922
6.47721
6.469802
6.455672
6.441141
6.431103
6.423301
6.413356
6.401073
6.398293
6.386046
6.370878
6.365785
6.353697
6.343345
6.336867
6.328285
6.314215
6.303736
6.297888
6.289573
6.28068
6.274665
6.269679
6.25898
6.255281
6.252439
6.238439
6.231426
6.226972
6.210101
6.207005
6.200996
6.190437
6.187609
6.178708
6.175644
6.170376
6.167569
6.157705
6.151981
6.146504
6.134751
6.135973
6.126337
6.119316
6.108949
6.111275
6.109064
6.094812
6.10751
6.090106
6.07812
6.086888
6.081024
6.071955
6.069248
6.072345
6.056216
6.05951
6.062332
6.051555
6.048488
6.046845
6.047466
6.037039
6.03998
6.039716
6.032284
6.029251
6.028236
6.025965
6.015252
6.021078
6.018659
6.012347
6.013614
6.013527
6.005795
6.00309
6.00984
6.002992
6.002239
5.999743
5.998087
5.994016
5.995871
5.998338
5.99151
5.993414
5.988933
5.987094
5.990171
5.986325
5.986394
5.986875
5.985269
5.984996
5.987356
5.986153
5.981555
5.980842
5.982753
5.979657
5.976701
5.980707
5.977868
5.97586
5.982741
5.983526
5.982971
5.985157
5.987063
5.98503
5.982643
5.984621
5.981641
5.980941
5.98194
5.982375
5.984425
5.981584
5.985225
5.986864
5.983978
5.98729
5.987292
5.984036
5.983697
5.984848
5.980768
5.980216
5.981153
5.981185
5.980298
5.982971
5.986623
5.984678
5.98718
5.984604
5.984347
5.982909
5.982451
5.987689
5.981142
5.984001
5.985823
5.982204
5.982394
5.984201
5.98465
5.98275
5.988226
5.98689
5.988894
5.988364
5.993592
5.992598
5.993376
6.001394
5.999226
6.005278
6.001137
6.007565
6.007382
6.005176
6.010752
6.009727
6.010645
6.010215
6.020992
6.015234
6.016672
6.02643
6.022728
6.024292
6.028759
6.031844
6.022656
6.031449
6.02736
6.021909
6.019681
6.028746
6.035241
6.024318
6.038856
6.035645
6.041229
6.043936
6.036873
6.030249
6.019443
6.037556
6.044722
6.033294
6.03527
6.045249
6.048389
6.05813
6.06783
6.048643
6.047175
6.067436
6.065373
6.055876
6.059784
6.064593
6.06232
6.075064
6.085702
6.068272
6.06757
6.089861
6.08968
6.079273
6.088799
6.091062
6.082665
6.09714
6.104252
6.096452
6.095886
6.104963
6.114537
6.104251
6.112508
6.115886
6.106941
6.117628
6.122351
6.121425
6.119271
6.128932
6.125373
6.130464
6.139238
6.13725
6.147034
6.144597
6.147219
6.145124
6.150555
6.152256
6.14917
6.161939
6.158933
6.165592
6.173222
6.176809
6.175953
6.182896
6.187168
6.179379
6.187757
6.186424
6.190119
6.195262
6.199937
6.204567
6.181794
6.15647
6.120032
6.073565
6.037785
6.017242
5.991725
5.959942
5.94331
5.913313
5.886161
5.870653
5.851288
5.825512
5.805426
5.789427
5.766823
5.747922
5.731885
5.713942
5.693144
5.680216
5.662214
5.641063
5.628424
5.612122
5.59451
5.581666
5.558963
5.54144
5.530327
5.51183
5.499035
5.486678
5.471334
5.45032
5.440754
5.430832
5.407954
5.398471
5.38651
5.364141
5.347241
5.339715
5.322508
5.3059
5.293825
5.278324
5.25974
5.243582
5.242955
5.225535
5.207747
5.201423
5.186571
5.164155
5.15845
5.15369
5.131392
5.127184
5.12117
5.102007
5.088965
5.080469
5.061605
5.043289
5.035681
5.023671
5.010928
5.001677
4.992557
4.974956
4.961581
4.949686
4.93489
4.92003
4.907896
4.899087
4.883408
4.873098
4.86465
4.848323
4.832558
4.823923
4.811059
4.795088
4.790121
4.777347
4.763466
4.752862
4.744189
4.732128
4.721892
4.718928
4.701462
4.685158
4.676098
4.661034
4.652369
4.648011
4.633669
4.617822
4.601549
4.590373
4.575941
4.562759
4.555511
4.540244
4.528372
4.518888
4.508689
4.494823
4.48576
4.47845
4.464058
4.454883
4.44464
4.433846
4.418964
4.411173
4.398387
4.38162
4.37973
4.370034
4.359206
4.351758
4.340253
4.321921
4.314819
4.310303
4.296053
4.291945
4.284215
4.267178
4.248794
4.236717
4.220539
4.205189
4.200273
4.188309
4.173718
4.162808
4.154895
4.139469
4.128087
4.122366
4.108088
4.098427
4.089321
4.082049
4.072094
4.063299
4.058378
4.046604
4.036299
4.026745
4.01404
3.997915
3.986866
3.977517
3.967526
3.962938
3.95915
3.944618
3.930308
3.917988
3.897842
3.894685
3.887335
3.874887
3.867856
3.850722
3.837441
3.826329
3.818294
3.803348
3.797756
3.788584
3.771954
3.765422
3.753279
3.742065
3.732886
3.729831
3.717424
3.706265
3.702126
3.691116
3.683785
3.67481
3.663638
3.64517
3.629982
3.615652
3.596326
3.578405
3.565354
3.556934
3.55361
3.560847
3.566582
3.560885
3.544171
3.527659
3.507974
3.491331
3.482104
3.469473
3.451901
3.438247
3.429471
3.418029
3.409823
3.401834
3.391292
3.380887
3.370563
3.362303
3.354215
3.344704
3.331891
3.323655
3.312568
3.300379
3.297045
3.288362
3.27703
3.270086
3.266
3.257179
3.248708
3.23589
3.212981
3.192095
3.178505
3.166714
3.154477
3.149018
3.136761
3.126122
3.119188
3.105418
3.096731
3.086288
3.075408
3.064427
3.052908
3.041512
3.030641
3.025256
3.017968
3.011344
2.99983
2.985209
2.970179
2.953902
2.945662
2.939151
2.938746
2.929873
2.914916
2.894551
2.866405
2.848706
2.830281
2.817872
2.805537
2.794448
2.781334
2.766719
2.754997
2.737396
2.727723
2.715501
2.702254
2.694037
2.685675
2.678444
2.667207
2.65646
2.638823
2.618594
2.600217
2.582724
2.566342
2.554092
2.545179
2.522461
2.501405
2.477201
2.453759
2.435482
2.418311
2.404788
2.384617
2.36932
2.354727
2.335865
2.315537
2.297031
2.278272
2.255126
2.238191
2.217828
2.194691
2.173492
2.151703
2.130088
2.103374
2.083066
2.059191
2.036178
2.0133
1.98668
1.961499
1.933372
1.907638
1.880931
1.853048
1.824287
1.796874
1.764294
1.72929
1.698157
1.660591
1.628957
1.598794
1.565173
1.534767
1.500957
1.464696
1.428566
1.388707
1.347201
1.304682
1.260329
1.217973
1.173147
1.129775
1.088608
1.039764
.9943677
.9447462
.8853794
.8330449
.7809997
.7261928
.6762612
.6195617
.5581453
.5009226
.4414648
.3819811
.3157103
.2487136
.1851083
.11465
0.053944
-0.008919
-0.085323
-.1555613
-.2323744
-.3142758
-.3871977
-.4609823
-.534974
-.6130899
-.6948112
-.7846379
-.8757952
-.9628128
-1.043322
-1.13227
-1.219445
-1.311214
-1.414549
-1.508618
-1.606411
-1.715124
-1.817157
-1.922738
-2.028056
-2.123464
-2.214804
-2.307077
-2.410282
-2.515468
-2.625003
-2.747312
-2.857845
-2.962966
-3.079624
-3.183464
-3.284757
-3.396036
-3.499252
-3.604091
-3.717374
-3.842496
-3.96953
-4.091216
-4.217381
-4.326336
-4.419376
-4.529039
-4.634096
-4.736948
-4.858246
-4.971408
-5.076835
-5.191604
-5.300256
-5.406059
-5.504769
-5.599837
-5.69509
-5.781134
-5.884257
-5.989789
-6.083619
-6.184519
-6.273528
-6.34452
-6.422734
-6.497173
-6.574095
-6.656701
-6.734545
-6.816504
-6.889278
-6.960448
-7.032446
-7.086133
-7.135718
-7.181202
-7.218454
-7.267212
-7.319848
-7.3745
-7.429814
-7.468417
-7.500912
-7.524566
-7.537838
-7.557328
-7.573534
-7.587801
-7.607543
-7.623813
-7.644299
-7.661807
-7.672569
-7.680126
-7.672283
-7.658442
-7.653089
-7.639441
-7.633112
-7.634705
-7.620999
-7.606527
-7.588878
-7.56316
-7.536718
-7.509714
-7.48601
-7.455567
-7.428129
-7.409869
-7.380084
-7.349574
-7.324381
-7.280697
-7.234337
-7.197495
-7.155653
-7.120472
-7.091308
-7.060436
-7.024705
-6.982572
-6.94521
-6.900556
-6.853989
-6.816154
-6.776494
-6.731874
-6.698565
-6.663976
-6.625506
-6.589118
-6.550035
-6.507736
-6.458402
-6.417974
-6.379625
-6.337307
-6.306016
-6.26971
-6.228411
-6.189802
-6.154456
-6.1173
-6.081376
-6.047584
-6.010754
-5.976001
-5.942051
-5.909673
-5.873901
-5.838844
-5.805445
-5.770676
-5.738163
-5.706694
-5.676739
-5.643728
-5.614329
-5.582949
-5.552112
-5.52049
-5.491719
-5.46502
-5.432594
-5.408791
-5.381343
-5.352222
-5.330181
-5.304869
-5.278849
-5.255491
-5.231726
-5.206518
-5.182048
-5.155985
-5.132406
-5.108506
-5.08602
-5.066167
-5.046658
-5.027281
-5.00504
-4.986883
-4.964921
-4.941038
-4.923531
-4.901912
-4.878831
-4.863375
-4.84647
-4.827251
-4.814049
-4.795876
-4.773518
-4.756629
-4.740041
-4.723354
-4.712341
-4.69698
-4.679762
-4.664561
-4.650668
-4.635526
-4.62115
-4.609143
-4.589458
-4.576608
-4.564365
-4.549427
-4.538136
-4.524846
-4.512446
-4.495146
-4.484574
-4.472222
-4.460198
-4.45221
-4.439431
-4.430032
-4.418133
-4.407984
-4.397969
-4.387482
-4.374071
-4.361036
-4.350907
-4.338027
-4.329807
-4.322549
-4.310046
-4.29899
-4.288342
-4.278289
-4.271991
-4.263974
-4.257256
-4.250667
-4.240618
-4.234638
-4.230775
-4.219907
-4.209843
-4.202251
-4.188365
-4.179496
-4.175301
-4.166129
-4.156149
-4.149173
-4.142051
-4.130672
-4.123834
-4.119896
-4.111061
-4.103793
-4.101364
-4.09296
-4.084786
-4.08324
-4.077434
-4.069341
-4.062316
-4.057465
-4.04888
-4.041305
-4.037175
-4.029472
-4.019439
-4.014929
-4.010927
-4.000772
-3.996383
-3.99247
-3.984583
-3.977718
-3.975443
-3.969786
-3.95805
-3.956396
-3.950501
-3.939406
-3.938268
-3.933958
-3.922174
-3.917931
-3.915094
-3.90494
-3.902094
-3.899587
-3.890446
-3.885861
-3.883407
-3.875226
-3.870036
-3.867431
-3.860318
-3.855172
-3.850732
-3.844537
-3.839249
-3.835585
-3.832242
-3.827599
-3.820434
-3.818648
-3.812774
-3.806413
-3.807062
-3.800274
-3.79515
-3.794207
-3.791106
-3.784222
-3.779106
-3.775424
-3.768003
-3.765253
-3.765416
-3.760428
-3.754859
-3.75263
-3.749546
-3.7417
-3.739848
-3.738331
-3.733026
-3.733318
-3.733219
-3.728592
-3.727451
-3.726676
-3.720491
-3.719777
-3.71533
-3.708829
-3.707911
-3.703398
-3.698615
-3.698045
-3.69586
-3.690513
-3.686451
-3.683385
-3.67796
-3.673995
-3.67603
-3.675701
-3.672554
-3.674381
-3.67258
-3.666311
-3.665341
-3.663352
-3.658512
-3.652612
-3.651002
-3.648372
-3.641552
-3.642114
-3.640495
-3.633085
-3.630276
-3.631271
-3.626571
-3.623645
-3.629181
-3.624999
-3.616871
-3.61834
-3.614382
-3.606699
-3.606957
-3.606025
-3.595812
-3.592593
-3.591085
-3.584263
-3.57935
-3.577945
-3.574262
-3.566317
-3.565042
-3.564141
-3.561323
-3.557912
-3.557549
-3.553846
-3.545736
-3.546589
-3.543772
-3.536336
-3.531796
-3.525908
-3.515289
-3.506961
-3.501635
-3.492059
-3.482704
-3.473085
-3.463575
-3.45152
-3.445148
-3.437348
-3.426688
-3.421284
-3.411608
-3.4026
-3.396064
-3.388274
-3.379702
-3.374135
-3.365319
-3.355231
-3.348261
-3.337662
-3.329357
-3.321687
-3.314099
-3.305361
-3.297484
-3.287369
-3.274775
-3.268641
-3.256928
-3.244872
-3.236773
-3.221718
-3.209563
-3.202015
-3.188681
-3.176201
-3.167315
-3.151903
-3.138021
-3.127902
-3.115464
-3.103513
-3.09514
-3.084746
