Potencial	Intensidad
mv	uA
-199.540800	-0.583895
-199.327900	-0.574181
-198.872400	-0.559582
-198.137500	-0.540696
-197.156900	-0.519230
-196.127000	-0.509170
-195.100300	-0.503663
-194.127000	-0.501213
-193.126200	-0.499717
-192.152200	-0.495388
-191.174600	-0.490047
-190.186700	-0.484507
-189.189700	-0.478590
-188.195100	-0.473976
-187.185400	-0.468008
-186.167400	-0.462058
-185.164900	-0.458246
-184.168900	-0.453589
-183.159100	-0.450689
-182.146300	-0.448941
-181.155000	-0.445834
-180.163600	-0.442358
-179.176800	-0.439485
-178.192000	-0.435425
-177.206800	-0.431138
-176.175000	-0.426269
-175.189200	-0.421134
-174.195000	-0.417045
-173.172100	-0.412687
-172.199200	-0.409993
-171.195400	-0.405717
-170.171100	-0.401789
-169.171400	-0.399344
-168.171600	-0.396689
-167.170800	-0.394660
-166.190300	-0.392504
-165.214400	-0.388888
-164.220800	-0.384944
-163.198100	-0.382231
-162.200300	-0.378547
-161.173200	-0.374724
-160.156500	-0.370705
-159.166100	-0.366779
-158.135200	-0.363684
-157.142600	-0.361654
-156.133900	-0.361341
-155.135000	-0.360465
-154.153900	-0.358591
-153.158900	-0.356583
-152.174500	-0.352302
-151.180900	-0.347426
-150.199700	-0.343929
-149.202900	-0.341933
-148.207600	-0.340853
-147.222200	-0.341166
-146.230900	-0.341702
-145.235800	-0.341678
-144.217600	-0.341419
-143.204400	-0.341194
-142.198300	-0.339806
-141.199800	-0.337357
-140.219100	-0.335883
-139.233300	-0.333288
-138.232000	-0.330793
-137.224800	-0.328285
-136.235000	-0.325053
-135.221000	-0.321705
-134.227200	-0.318979
-133.220300	-0.316596
-132.213700	-0.315214
-131.212900	-0.314041
-130.211300	-0.313290
-129.246700	-0.312633
-128.244500	-0.309460
-127.251500	-0.307521
-126.256300	-0.302749
-125.234600	-0.298349
-124.240300	-0.295468
-123.254300	-0.292794
-122.250700	-0.292137
-121.268900	-0.290864
-120.276600	-0.290061
-119.271900	-0.289703
-118.265600	-0.288335
-117.228400	-0.285604
-116.233900	-0.285081
-115.234300	-0.282412
-114.225200	-0.279986
-113.260900	-0.281581
-112.232000	-0.278785
-111.231000	-0.276730
-110.245900	-0.275514
-109.220100	-0.270566
-108.230600	-0.268999
-107.212600	-0.267931
-106.187500	-0.267674
-105.173200	-0.269082
-104.165300	-0.269079
-103.162500	-0.268239
-102.192800	-0.267669
-101.208600	-0.266025
-100.216500	-0.264548
-99.227400	-0.262953
-98.206840	-0.259699
-97.218000	-0.257367
-96.201810	-0.255428
-95.206260	-0.254303
-94.215900	-0.253138
-93.195350	-0.251891
-92.203380	-0.251825
-91.199690	-0.250498
-90.209060	-0.249821
-89.238060	-0.249395
-88.253880	-0.247117
-87.256720	-0.245158
-86.238970	-0.243401
-85.229020	-0.241354
-84.220500	-0.239764
-83.216270	-0.239156
-82.230190	-0.238764
-81.223460	-0.238584
-80.215410	-0.238110
-79.220330	-0.237058
-78.228450	-0.235620
-77.222950	-0.232665
-76.240720	-0.230583
-75.256470	-0.228535
-74.248300	-0.226170
-73.290270	-0.225426
-72.299030	-0.223300
-71.288730	-0.221235
-70.296080	-0.220478
-69.301230	-0.219588
-68.285450	-0.219625
-67.287150	-0.219257
-66.271930	-0.218299
-65.238200	-0.217125
-64.255970	-0.214619
-63.255910	-0.212688
-62.289530	-0.211029
-61.290150	-0.208372
-60.271500	-0.206612
-59.269580	-0.204413
-58.233600	-0.202510
-57.239400	-0.202804
-56.232930	-0.203259
-55.216730	-0.203679
-54.212750	-0.203507
-53.203340	-0.202281
-52.221620	-0.201503
-51.243630	-0.200709
-50.257400	-0.199765
-49.286300	-0.198352
-48.277720	-0.195135
-47.281800	-0.193210
-46.302280	-0.191673
-45.286920	-0.190326
-44.295830	-0.191637
-43.295750	-0.191226
-42.285800	-0.191298
-41.285180	-0.191641
-40.282740	-0.189844
-39.285730	-0.188773
-38.278160	-0.186857
-37.276150	-0.183548
-36.275890	-0.180720
-35.257030	-0.178468
-34.245160	-0.175957
-33.264400	-0.174857
-32.257780	-0.174166
-31.295320	-0.173549
-30.305820	-0.173242
-29.269980	-0.171868
-28.294830	-0.171127
-27.256290	-0.168494
-26.254010	-0.166210
-25.269840	-0.165355
-24.246290	-0.163307
-23.253980	-0.162314
-22.246070	-0.160368
-21.257360	-0.158175
-20.283500	-0.156439
-19.302220	-0.155942
-18.312110	-0.156010
-17.312030	-0.154932
-16.282670	-0.153163
-15.242570	-0.151285
-14.246500	-0.149088
-13.215590	-0.146923
-12.215430	-0.146611
-11.257170	-0.144050
-10.223880	-0.140727
-9.244569	-0.138636
-8.257858	-0.135998
-7.221239	-0.135177
-6.248151	-0.135427
-5.235405	-0.134934
-4.199858	-0.133498
-3.232582	-0.132353
-2.265569	-0.131276
-1.304864	-0.130367
-0.356112	-0.129296
0.606475	-0.127278
1.592970	-0.123337
2.572464	-0.120044
3.547632	-0.118440
4.538931	-0.116705
5.548970	-0.116254
6.564803	-0.115929
7.576493	-0.113812
8.602810	-0.111566
9.592310	-0.109164
10.591380	-0.105961
11.565830	-0.103744
12.558810	-0.100623
13.570810	-0.098122
14.558530	-0.095947
15.579550	-0.093105
16.574640	-0.092471
17.561020	-0.091485
18.561880	-0.089589
19.553840	-0.088654
20.547630	-0.086052
21.553940	-0.083028
22.543420	-0.082313
23.549030	-0.078890
24.535910	-0.076337
25.505960	-0.071929
26.509240	-0.064866
27.496230	-0.061136
28.509870	-0.056284
29.499730	-0.054181
30.489270	-0.051598
31.475910	-0.045930
32.453720	-0.043979
33.470830	-0.040731
34.491650	-0.036753
35.492840	-0.035360
36.517850	-0.031597
37.522140	-0.026723
38.493710	-0.023315
39.498860	-0.017182
40.474490	-0.009606
41.460690	-0.004578
42.474870	0.001099
43.491760	0.004689
44.515160	0.008157
45.542180	0.013129
46.564130	0.018203
47.582910	0.026665
48.585490	0.036307
49.564420	0.044169
50.542080	0.050410
51.506740	0.052681
52.506670	0.054892
53.532770	0.058264
54.546390	0.061996
55.550490	0.067164
56.537280	0.072168
57.517620	0.076213
58.497740	0.083730
59.484920	0.091717
60.485230	0.099745
61.491070	0.109077
62.488210	0.118044
63.503220	0.126569
64.496770	0.135618
65.483000	0.145563
66.506200	0.155154
67.497570	0.163229
68.496030	0.172345
69.509860	0.181810
70.488400	0.191124
71.505170	0.203232
72.524660	0.217843
73.512500	0.230576
74.536060	0.244232
75.518240	0.258395
76.513060	0.270908
77.490650	0.284285
78.457140	0.296719
79.468860	0.308649
80.452450	0.318528
81.461380	0.330117
82.472550	0.347032
83.463350	0.363018
84.483560	0.384595
85.509200	0.410630
86.503680	0.426787
87.498920	0.438810
88.486610	0.450690
89.473600	0.459784
90.468550	0.476864
91.469090	0.500247
92.470440	0.522670
93.467700	0.542746
94.473000	0.561953
95.469700	0.584047
96.473680	0.604609
97.470700	0.626450
98.495360	0.653963
99.509920	0.677187
100.506500	0.702525
101.516600	0.732273
102.495800	0.760224
103.486300	0.790167
104.481000	0.821371
105.490100	0.850618
106.483100	0.879246
107.467200	0.906522
108.456100	0.937188
109.429300	0.970044
110.421500	1.005435
111.442300	1.047948
112.452100	1.088177
113.467700	1.125993
114.492000	1.166181
115.497800	1.200767
116.493400	1.238817
117.466600	1.279582
118.434800	1.319579
119.399700	1.365205
120.401600	1.415411
121.412100	1.464867
122.416800	1.519283
123.438700	1.569299
124.440000	1.616060
125.443900	1.664700
126.449600	1.709716
127.453300	1.758594
128.432800	1.808468
129.420500	1.864235
130.426800	1.926078
131.396800	1.984593
132.409300	2.051621
133.420400	2.117777
134.411400	2.179858
135.442400	2.252101
136.434500	2.321112
137.418100	2.384439
138.397600	2.455083
139.374700	2.522853
140.388400	2.591587
141.387600	2.669632
142.397100	2.749538
143.422700	2.834023
144.408800	2.914104
145.435300	2.995115
146.449100	3.081184
147.425400	3.155982
148.432500	3.241329
149.434400	3.331290
150.431200	3.412768
151.436400	3.506487
152.447500	3.601624
153.429100	3.690245
154.441800	3.785640
155.434100	3.884591
156.418200	3.979141
157.418700	4.065048
158.394300	4.148964
159.393600	4.236219
160.385900	4.322431
161.379200	4.425926
162.393100	4.549531
163.410400	4.656531
164.411600	4.766233
165.410400	4.876535
166.397300	4.963136
167.387300	5.058285
168.388300	5.160301
169.383100	5.257523
170.388500	5.364106
171.386700	5.474358
172.396500	5.588711
173.414000	5.704962
174.421500	5.815736
175.435300	5.930030
176.419800	6.024226
177.409900	6.115947
178.399900	6.219410
179.377700	6.312570
180.369000	6.420524
181.358400	6.534725
182.341500	6.639861
183.335000	6.746067
184.344800	6.851296
185.333100	6.947454
186.350400	7.047556
187.342200	7.147277
188.343600	7.248251
189.364800	7.350044
190.366700	7.442856
191.371500	7.537600
192.360000	7.618085
193.348700	7.700193
194.331600	7.791811
195.355200	7.873446
196.368100	7.965088
197.389300	8.062438
198.408000	8.142263
199.406400	8.229940
200.428000	8.311253
201.440700	8.375820
202.436900	8.438189
203.425900	8.493118
204.413300	8.544519
205.397900	8.598768
206.382900	8.658560
207.401300	8.728891
208.396300	8.787804
209.387600	8.842847
210.404400	8.898294
211.384200	8.929806
212.359100	8.965493
213.348300	9.008511
214.349600	9.038399
215.347800	9.077560
216.371300	9.115252
217.369400	9.142798
218.358600	9.173223
219.357800	9.200655
220.348900	9.223279
221.363900	9.236953
222.361200	9.242879
223.346900	9.250795
224.352200	9.255659
225.344500	9.267513
226.372300	9.289660
227.391000	9.297466
228.392700	9.306023
229.388400	9.305944
230.366800	9.285095
231.360300	9.269465
232.332900	9.249889
233.322800	9.229358
234.319200	9.217188
235.314600	9.202219
236.310600	9.190673
237.319400	9.182252
238.307400	9.169696
239.318200	9.162612
240.359600	9.139688
241.376700	9.107824
242.398300	9.080178
243.370300	9.040491
244.336800	9.009678
245.323500	8.986640
246.301900	8.959101
247.317100	8.935330
248.321600	8.908623
249.327200	8.879517
250.363700	8.847682
251.389800	8.815170
252.409700	8.784559
253.395400	8.747871
254.360900	8.707283
255.336200	8.671334
256.312300	8.634322
257.313800	8.598268
258.310500	8.569306
259.325600	8.530775
260.329300	8.492496
261.332800	8.452824
262.320400	8.407914
263.292800	8.375276
264.314500	8.341321
265.320700	8.311390
266.334500	8.282852
267.340700	8.248455
268.305400	8.209227
269.303300	8.170594
270.310400	8.131585
271.308300	8.089591
272.317700	8.051535
273.290500	8.012481
274.276700	7.976735
275.274400	7.942420
276.283100	7.914583
277.324400	7.884829
278.327900	7.849041
279.335100	7.818746
280.320800	7.780952
281.291700	7.742741
282.282300	7.711220
283.270100	7.674899
284.281500	7.644064
285.274700	7.616918
286.259200	7.585738
287.260800	7.561294
288.245100	7.534379
289.253800	7.501824
290.294500	7.474999
291.300700	7.442782
292.310400	7.409430
293.315300	7.382836
294.285800	7.354116
295.261700	7.326267
296.272700	7.301553
297.264800	7.279907
298.281400	7.255975
299.308000	7.232539
300.294000	7.208245
301.295000	7.181574
302.289700	7.155840
303.292000	7.131423
304.318600	7.108831
305.316200	7.083100
306.319000	7.057238
307.302600	7.034387
308.274700	7.014843
309.281300	6.992650
310.267500	6.970607
311.266700	6.954801
312.268400	6.926947
313.245600	6.906422
314.247900	6.892316
315.267500	6.867970
316.287000	6.849370
317.300600	6.834448
318.294700	6.814212
319.295000	6.788679
320.263600	6.773145
321.254300	6.755301
322.280300	6.733950
323.256900	6.722346
324.262600	6.708102
325.267100	6.691101
326.256700	6.673931
327.276200	6.664022
328.287700	6.645192
329.301600	6.626359
330.299600	6.617208
331.262100	6.596337
332.239700	6.582451
333.213100	6.571101
334.184900	6.553952
335.218300	6.544112
336.204800	6.533350
337.207200	6.515893
338.214600	6.507205
339.169900	6.494922
340.186100	6.477210
341.189800	6.469802
342.177900	6.455672
343.203600	6.441141
344.196600	6.431103
345.177100	6.423301
346.193800	6.413356
347.206500	6.401073
348.218500	6.398293
349.248400	6.386046
350.254800	6.370878
351.263400	6.365785
352.272200	6.353697
353.269200	6.343345
354.284300	6.336867
355.266400	6.328285
356.252000	6.314215
357.260900	6.303736
358.250300	6.297888
359.257400	6.289573
360.263900	6.280680
361.243300	6.274665
362.228600	6.269679
363.224100	6.258980
364.222700	6.255281
365.240300	6.252439
366.240700	6.238439
367.252600	6.231426
368.251700	6.226972
369.238200	6.210101
370.231600	6.207005
371.222000	6.200996
372.208000	6.190437
373.222000	6.187609
374.233300	6.178708
375.241500	6.175644
376.258600	6.170376
377.238400	6.167569
378.246100	6.157705
379.235900	6.151981
380.252600	6.146504
381.264000	6.134751
382.252300	6.135973
383.240400	6.126337
384.206300	6.119316
385.186200	6.108949
386.192500	6.111275
387.199000	6.109064
388.223300	6.094812
389.249000	6.107510
390.246700	6.090106
391.239400	6.078120
392.234300	6.086888
393.220400	6.081024
394.223000	6.071955
395.222200	6.069248
396.211000	6.072345
397.242900	6.056216
398.246000	6.059510
399.269500	6.062332
400.286600	6.051555
401.264300	6.048488
402.259200	6.046845
403.251600	6.047466
404.261400	6.037039
405.285600	6.039980
406.311500	6.039716
407.316000	6.032284
408.313000	6.029251
409.302900	6.028236
410.306300	6.025965
411.304100	6.015252
412.294600	6.021078
413.270100	6.018659
414.242100	6.012347
415.244900	6.013614
416.239400	6.013527
417.257600	6.005795
418.252700	6.003090
419.241100	6.009840
420.235400	6.002992
421.220800	6.002239
422.217700	5.999743
423.219500	5.998087
424.223900	5.994016
425.223000	5.995871
426.223300	5.998338
427.204100	5.991510
428.195500	5.993414
429.210500	5.988933
430.203200	5.987094
431.232000	5.990171
432.239700	5.986325
433.212600	5.986394
434.240300	5.986875
435.200400	5.985269
436.201700	5.984996
437.201100	5.987356
438.167300	5.986153
439.184700	5.981555
440.172200	5.980842
441.166000	5.982753
442.153200	5.979657
443.150900	5.976701
444.153700	5.980707
445.160800	5.977868
446.171000	5.975860
447.183300	5.982741
448.185100	5.983526
449.182500	5.982971
450.196600	5.985157
451.180100	5.987063
452.167100	5.985030
453.167300	5.982643
454.151800	5.984621
455.164000	5.981641
456.194400	5.980941
457.222700	5.981940
458.234200	5.982375
459.241900	5.984425
460.219900	5.981584
461.186400	5.985225
462.183400	5.986864
463.165100	5.983978
464.150200	5.987290
465.159900	5.987292
466.142900	5.984036
467.144000	5.983697
468.153700	5.984848
469.152700	5.980768
470.165300	5.980216
471.163700	5.981153
472.156700	5.981185
473.142300	5.980298
474.144300	5.982971
475.144300	5.986623
476.144300	5.984678
477.161300	5.987180
478.148800	5.984604
479.150600	5.984347
480.148200	5.982909
481.136800	5.982451
482.156900	5.987689
483.140200	5.981142
484.136000	5.984001
485.123300	5.985823
486.089100	5.982204
487.085200	5.982394
488.093300	5.984201
489.106400	5.984650
490.116600	5.982750
491.110500	5.988226
492.088500	5.986890
493.071700	5.988894
494.084600	5.988364
495.112700	5.993592
496.132100	5.992598
497.153400	5.993376
498.149100	6.001394
499.137500	5.999226
500.126100	6.005278
501.112400	6.001137
502.112900	6.007565
503.124000	6.007382
504.128200	6.005176
505.140800	6.010752
506.164400	6.009727
507.156100	6.010645
508.192500	6.010215
509.205000	6.020992
510.181500	6.015234
511.193700	6.016672
512.155900	6.026430
513.124600	6.022728
514.145600	6.024292
515.128500	6.028759
516.138000	6.031844
517.146100	6.022656
518.113200	6.031449
519.100200	6.027360
520.099000	6.021909
521.117100	6.019681
522.133200	6.028746
523.137500	6.035241
524.135700	6.024318
525.123100	6.038856
526.136400	6.035645
527.152200	6.041229
528.160000	6.043936
529.157500	6.036873
530.150100	6.030249
531.127600	6.019443
532.131900	6.037556
533.141300	6.044722
534.133800	6.033294
535.129800	6.035270
536.110100	6.045249
537.101700	6.048389
538.104100	6.058130
539.124300	6.067830
540.117700	6.048643
541.105700	6.047175
542.078500	6.067436
543.055400	6.065373
544.057200	6.055876
545.046700	6.059784
546.057400	6.064593
547.068400	6.062320
548.079300	6.075064
549.097500	6.085702
550.090900	6.068272
551.100200	6.067570
552.095000	6.089861
553.089800	6.089680
554.098200	6.079273
555.090800	6.088799
556.100000	6.091062
557.116900	6.082665
558.119300	6.097140
559.135300	6.104252
560.134500	6.096452
561.119200	6.095886
562.123700	6.104963
563.103500	6.114537
564.105500	6.104251
565.104200	6.112508
566.082400	6.115886
567.086300	6.106941
568.078700	6.117628
569.080500	6.122351
570.104700	6.121425
571.111200	6.119271
572.111300	6.128932
573.094000	6.125373
574.070900	6.130464
575.075200	6.139238
576.087800	6.137250
577.101900	6.147034
578.115200	6.144597
579.099400	6.147219
580.077800	6.145124
581.069500	6.150555
582.054900	6.152256
583.065400	6.149170
584.066800	6.161939
585.091300	6.158933
586.101100	6.165592
587.098600	6.173222
588.102100	6.176809
589.088300	6.175953
590.075800	6.182896
591.068100	6.187168
592.042500	6.179379
593.020900	6.187757
594.039100	6.186424
595.032200	6.190119
596.062100	6.195262
597.081500	6.199937
598.085900	6.204567
598.636500	6.181794
598.668800	6.156470
598.205400	6.120032
597.228700	6.073565
596.223400	6.037785
595.204100	6.017242
594.210200	5.991725
593.221300	5.959942
592.233000	5.943310
591.251100	5.913313
590.245600	5.886161
589.233500	5.870653
588.232500	5.851288
587.231900	5.825512
586.234300	5.805426
585.239300	5.789427
584.226700	5.766823
583.231100	5.747922
582.211500	5.731885
581.225600	5.713942
580.233000	5.693144
579.221100	5.680216
578.238500	5.662214
577.236600	5.641063
576.233900	5.628424
575.272100	5.612122
574.273300	5.594510
573.277100	5.581666
572.280600	5.558963
571.250800	5.541440
570.248000	5.530327
569.227200	5.511830
568.228000	5.499035
567.230900	5.486678
566.204800	5.471334
565.213500	5.450320
564.220700	5.440754
563.224500	5.430832
562.266600	5.407954
561.285200	5.398471
560.276700	5.386510
559.272000	5.364141
558.256200	5.347241
557.215800	5.339715
556.220600	5.322508
555.212800	5.305900
554.187000	5.293825
553.195900	5.278324
552.177800	5.259740
551.181000	5.243582
550.196600	5.242955
549.218400	5.225535
548.215700	5.207747
547.206800	5.201423
546.206800	5.186571
545.184600	5.164155
544.190200	5.158450
543.209300	5.153690
542.226100	5.131392
541.238300	5.127184
540.235800	5.121170
539.232100	5.102007
538.247700	5.088965
537.271000	5.080469
536.299000	5.061605
535.314900	5.043289
534.303900	5.035681
533.286600	5.023671
532.276900	5.010928
531.271900	5.001677
530.267000	4.992557
529.255100	4.974956
528.244800	4.961581
527.244600	4.949686
526.260400	4.934890
525.294600	4.920030
524.319800	4.907896
523.330600	4.899087
522.332500	4.883408
521.316300	4.873098
520.298100	4.864650
519.270000	4.848323
518.269800	4.832558
517.280000	4.823923
516.281000	4.811059
515.298800	4.795088
514.306500	4.790121
513.289700	4.777347
512.318700	4.763466
511.325700	4.752862
510.314600	4.744189
509.330700	4.732128
508.314800	4.721892
507.318400	4.718928
506.330200	4.701462
505.336500	4.685158
504.331700	4.676098
503.318400	4.661034
502.301300	4.652369
501.288600	4.648011
500.281900	4.633669
499.293100	4.617822
498.309500	4.601549
497.314700	4.590373
496.316000	4.575941
495.298700	4.562759
494.270300	4.555511
493.257300	4.540244
492.264000	4.528372
491.255300	4.518888
490.239300	4.508689
489.233200	4.494823
488.238900	4.485760
487.253800	4.478450
486.303200	4.464058
485.329900	4.454883
484.321700	4.444640
483.324600	4.433846
482.304300	4.418964
481.289200	4.411173
480.283400	4.398387
479.293000	4.381620
478.305600	4.379730
477.305200	4.370034
476.319600	4.359206
475.301100	4.351758
474.298800	4.340253
473.300200	4.321921
472.314600	4.314819
471.334500	4.310303
470.306300	4.296053
469.310900	4.291945
468.300500	4.284215
467.288500	4.267178
466.329200	4.248794
465.332900	4.236717
464.335600	4.220539
463.342200	4.205189
462.312900	4.200273
461.325600	4.188309
460.338500	4.173718
459.356600	4.162808
458.372300	4.154895
457.357900	4.139469
456.344900	4.128087
455.338900	4.122366
454.337200	4.108088
453.359600	4.098427
452.360200	4.089321
451.344100	4.082049
450.333200	4.072094
449.310700	4.063299
448.307900	4.058378
447.319300	4.046604
446.343000	4.036299
445.363000	4.026745
444.360700	4.014040
443.351900	3.997915
442.348000	3.986866
441.323800	3.977517
440.336500	3.967526
439.337100	3.962938
438.329700	3.959150
437.354300	3.944618
436.355100	3.930308
435.385400	3.917988
434.416400	3.897842
433.429900	3.894685
432.419400	3.887335
431.396200	3.874887
430.369400	3.867856
429.354700	3.850722
428.363300	3.837441
427.395300	3.826329
426.397500	3.818294
425.379600	3.803348
424.369600	3.797756
423.346600	3.788584
422.362300	3.771954
421.389900	3.765422
420.394600	3.753279
419.361800	3.742065
418.337800	3.732886
417.315200	3.729831
416.326900	3.717424
415.370800	3.706265
414.401300	3.702126
413.423000	3.691116
412.444000	3.683785
411.437700	3.674810
410.448500	3.663638
409.450300	3.645170
408.454000	3.629982
407.459800	3.615652
406.436700	3.596326
405.430300	3.578405
404.395100	3.565354
403.370000	3.556934
402.383100	3.553610
401.383500	3.560847
400.385900	3.566582
399.421300	3.560885
398.410700	3.544171
397.401800	3.527659
396.395700	3.507974
395.367700	3.491331
394.341300	3.482104
393.326300	3.469473
392.318000	3.451901
391.310700	3.438247
390.332900	3.429471
389.360800	3.418029
388.378600	3.409823
387.382600	3.401834
386.367300	3.391292
385.354600	3.380887
384.362300	3.370563
383.394900	3.362303
382.421500	3.354215
381.433300	3.344704
380.425100	3.331891
379.421300	3.323655
378.408100	3.312568
377.401600	3.300379
376.415900	3.297045
375.407800	3.288362
374.397100	3.277030
373.394500	3.270086
372.392700	3.266000
371.387200	3.257179
370.416600	3.248708
369.429900	3.235890
368.408900	3.212981
367.407200	3.192095
366.389300	3.178505
365.380000	3.166714
364.384300	3.154477
363.388100	3.149018
362.391900	3.136761
361.387000	3.126122
360.403000	3.119188
359.396700	3.105418
358.401300	3.096731
357.415800	3.086288
356.408100	3.075408
355.414100	3.064427
354.406300	3.052908
353.384300	3.041512
352.381200	3.030641
351.398400	3.025256
350.402200	3.017968
349.418900	3.011344
348.437000	2.999830
347.403600	2.985209
346.393300	2.970179
345.394500	2.953902
344.384900	2.945662
343.398300	2.939151
342.412500	2.938746
341.413400	2.929873
340.400000	2.914916
339.377800	2.894551
338.382500	2.866405
337.358300	2.848706
336.379100	2.830281
335.403100	2.817872
334.387200	2.805537
333.411400	2.794448
332.401900	2.781334
331.435400	2.766719
330.457300	2.754997
329.441200	2.737396
328.448500	2.727723
327.424300	2.715501
326.398400	2.702254
325.423500	2.694037
324.437900	2.685675
323.427000	2.678444
322.433100	2.667207
321.428900	2.656460
320.426300	2.638823
319.435800	2.618594
318.451300	2.600217
317.438100	2.582724
316.413800	2.566342
315.400500	2.554092
314.393700	2.545179
313.399500	2.522461
312.437800	2.501405
311.462100	2.477201
310.482700	2.453759
309.498300	2.435482
308.467500	2.418311
307.459500	2.404788
306.455700	2.384617
305.463500	2.369320
304.482300	2.354727
303.495200	2.335865
302.482100	2.315537
301.444500	2.297031
300.433000	2.278272
299.425000	2.255126
298.437200	2.238191
297.446600	2.217828
296.451600	2.194691
295.447300	2.173492
294.431200	2.151703
293.444300	2.130088
292.460400	2.103374
291.451500	2.083066
290.443700	2.059191
289.430400	2.036178
288.405800	2.013300
287.398900	1.986680
286.422700	1.961499
285.439400	1.933372
284.438600	1.907638
283.462300	1.880931
282.453200	1.853048
281.465000	1.824287
280.473300	1.796874
279.457300	1.764294
278.463600	1.729290
277.438100	1.698157
276.448900	1.660591
275.443100	1.628957
274.445400	1.598794
273.444900	1.565173
272.437500	1.534767
271.445700	1.500957
270.436000	1.464696
269.464200	1.428566
268.475600	1.388707
267.487700	1.347201
266.480400	1.304682
265.474100	1.260329
264.462800	1.217973
263.463100	1.173147
262.476000	1.129775
261.486400	1.088608
260.485100	1.039764
259.492500	0.994368
258.507500	0.944746
257.466700	0.885379
256.469400	0.833045
255.456500	0.781000
254.456600	0.726193
253.473100	0.676261
252.463300	0.619562
251.466100	0.558145
250.448400	0.500923
249.458200	0.441465
248.465800	0.381981
247.456100	0.315710
246.458100	0.248714
245.450100	0.185108
244.439100	0.114650
243.445800	0.053944
242.475200	-0.008919
241.487000	-0.085323
240.496600	-0.155561
239.501600	-0.232374
238.464400	-0.314276
237.461000	-0.387198
236.455100	-0.460982
235.468600	-0.534974
234.488100	-0.613090
233.481200	-0.694811
232.496500	-0.784638
231.496200	-0.875795
230.509100	-0.962813
229.540500	-1.043322
228.542600	-1.132270
227.543900	-1.219445
226.532500	-1.311214
225.506400	-1.414549
224.511600	-1.508618
223.501900	-1.606411
222.498100	-1.715124
221.511900	-1.817157
220.500800	-1.922738
219.494100	-2.028056
218.493800	-2.123464
217.507600	-2.214804
216.538100	-2.307077
215.555500	-2.410282
214.548600	-2.515468
213.549800	-2.625003
212.517300	-2.747312
211.510600	-2.857845
210.528000	-2.962966
209.522300	-3.079624
208.543500	-3.183464
207.553900	-3.284757
206.573900	-3.396036
205.563800	-3.499252
204.585600	-3.604091
203.591000	-3.717374
202.570500	-3.842496
201.576500	-3.969530
200.571600	-4.091216
199.554100	-4.217381
198.550800	-4.326336
197.568300	-4.419376
196.545400	-4.529039
195.555800	-4.634096
194.563900	-4.736948
193.543200	-4.858246
192.535800	-4.971408
191.528000	-5.076835
190.519900	-5.191604
189.512700	-5.300256
188.492100	-5.406059
187.516800	-5.504769
186.512100	-5.599837
185.516900	-5.695090
184.545700	-5.781134
183.540500	-5.884257
182.545600	-5.989789
181.560200	-6.083619
180.551500	-6.184519
179.533300	-6.273528
178.524500	-6.344520
177.531300	-6.422734
176.548600	-6.497173
175.569700	-6.574095
174.589500	-6.656701
173.581100	-6.734545
172.585900	-6.816504
171.574500	-6.889278
170.573200	-6.960448
169.558400	-7.032446
168.545600	-7.086133
167.553400	-7.135718
166.570600	-7.181202
165.615300	-7.218454
164.620900	-7.267212
163.615300	-7.319848
162.601300	-7.374500
161.542900	-7.429814
160.525100	-7.468417
159.525100	-7.500912
158.510700	-7.524566
157.551100	-7.537838
156.563500	-7.557328
155.561200	-7.573534
154.563700	-7.587801
153.576700	-7.607543
152.595800	-7.623813
151.584600	-7.644299
150.597700	-7.661807
149.582000	-7.672569
148.578000	-7.680126
147.590100	-7.672283
146.585200	-7.658442
145.576200	-7.653089
144.548200	-7.639441
143.547600	-7.633112
142.541100	-7.634705
141.533400	-7.620999
140.548100	-7.606527
139.551800	-7.588878
138.541800	-7.563160
137.535300	-7.536718
136.537100	-7.509714
135.526900	-7.486010
134.530500	-7.455567
133.555000	-7.428129
132.545400	-7.409869
131.530100	-7.380084
130.545900	-7.349574
129.536100	-7.324381
128.564200	-7.280697
127.609500	-7.234337
126.629300	-7.197495
125.627700	-7.155653
124.634300	-7.120472
123.638600	-7.091308
122.609800	-7.060436
121.618800	-7.024705
120.613400	-6.982572
119.593900	-6.945210
118.609900	-6.900556
117.628600	-6.853989
116.616800	-6.816154
115.624600	-6.776494
114.646400	-6.731874
113.624200	-6.698565
112.637900	-6.663976
111.628900	-6.625506
110.598200	-6.589118
109.597800	-6.550035
108.606300	-6.507736
107.615300	-6.458402
106.630800	-6.417974
105.653600	-6.379625
104.654600	-6.337307
103.651500	-6.306016
102.664500	-6.269710
101.655500	-6.228411
100.638500	-6.189802
99.631810	-6.154456
98.614660	-6.117300
97.614020	-6.081376
96.603060	-6.047584
95.591320	-6.010754
94.588100	-5.976001
93.590180	-5.942051
92.589580	-5.909673
91.595810	-5.873901
90.589840	-5.838844
89.598250	-5.805445
88.597960	-5.770676
87.592590	-5.738163
86.593640	-5.706694
85.580150	-5.676739
84.575330	-5.643728
83.589750	-5.614329
82.591430	-5.582949
81.589500	-5.552112
80.607230	-5.520490
79.610950	-5.491719
78.644600	-5.465020
77.657990	-5.432594
76.664230	-5.408791
75.677640	-5.381343
74.664740	-5.352222
73.650360	-5.330181
72.648410	-5.304869
71.634990	-5.278849
70.604800	-5.255491
69.599670	-5.231726
68.582270	-5.206518
67.596010	-5.182048
66.598240	-5.155985
65.604480	-5.132406
64.637330	-5.108506
63.643150	-5.086020
62.688140	-5.066167
61.689340	-5.046658
60.662180	-5.027281
59.652720	-5.005040
58.637730	-4.986883
57.631190	-4.964921
56.654440	-4.941038
55.646330	-4.923531
54.653840	-4.901912
53.692990	-4.878831
52.695380	-4.863375
51.695320	-4.846470
50.701720	-4.827251
49.673640	-4.814049
48.666770	-4.795876
47.683410	-4.773518
46.680540	-4.756629
45.675160	-4.740041
44.685310	-4.723354
43.708460	-4.712341
42.688190	-4.696980
41.703790	-4.679762
40.688230	-4.664561
39.669910	-4.650668
38.696340	-4.635526
37.706780	-4.621150
36.718530	-4.609143
35.712820	-4.589458
34.681030	-4.576608
33.665420	-4.564365
32.675260	-4.549427
31.675800	-4.538136
30.694790	-4.524846
29.703670	-4.512446
28.700160	-4.495146
27.703670	-4.484574
26.709240	-4.472222
25.712520	-4.460198
24.732250	-4.452210
23.735030	-4.439431
22.716340	-4.430032
21.722810	-4.418133
20.699050	-4.407984
19.691490	-4.397969
18.725680	-4.387482
17.711960	-4.374071
16.724590	-4.361036
15.735090	-4.350907
14.736330	-4.338027
13.754290	-4.329807
12.758830	-4.322549
11.770160	-4.310046
10.751390	-4.298990
9.738063	-4.288342
8.727513	-4.278289
7.719340	-4.271991
6.719390	-4.263974
5.751057	-4.257256
4.746764	-4.250667
3.767353	-4.240618
2.779388	-4.234638
1.757232	-4.230775
0.770588	-4.219907
-0.236362	-4.209843
-1.200353	-4.202251
-2.170635	-4.188365
-3.142402	-4.179496
-4.110075	-4.175301
-5.118610	-4.166129
-6.106740	-4.156149
-7.114780	-4.149173
-8.115011	-4.142051
-9.120856	-4.130672
-10.130120	-4.123834
-11.116740	-4.119896
-12.130650	-4.111061
-13.112980	-4.103793
-14.106010	-4.101364
-15.107220	-4.092960
-16.116790	-4.084786
-17.125030	-4.083240
-18.133300	-4.077434
-19.144070	-4.069341
-20.137150	-4.062316
-21.145560	-4.057465
-22.149070	-4.048880
-23.130610	-4.041305
-24.112620	-4.037175
-25.077070	-4.029472
-26.035890	-4.019439
-27.041410	-4.014929
-28.051430	-4.010927
-29.071570	-4.000772
-30.111260	-3.996383
-31.117550	-3.992470
-32.106430	-3.984583
-33.113750	-3.977718
-34.123840	-3.975443
-35.133950	-3.969786
-36.129460	-3.958050
-37.131190	-3.956396
-38.104210	-3.950501
-39.086930	-3.939406
-40.112780	-3.938268
-41.102710	-3.933958
-42.109480	-3.922174
-43.121330	-3.917931
-44.097590	-3.915094
-45.094360	-3.904940
-46.096420	-3.902094
-47.098630	-3.899587
-48.122550	-3.890446
-49.138800	-3.885861
-50.146720	-3.883407
-51.117700	-3.875226
-52.086280	-3.870036
-53.083150	-3.867431
-54.104310	-3.860318
-55.118710	-3.855172
-56.142570	-3.850732
-57.145670	-3.844537
-58.105650	-3.839249
-59.126800	-3.835585
-60.118580	-3.832242
-61.104840	-3.827599
-62.117210	-3.820434
-63.096020	-3.818648
-64.092260	-3.812774
-65.114330	-3.806413
-66.117970	-3.807062
-67.129300	-3.800274
-68.163670	-3.795150
-69.153020	-3.794207
-70.158200	-3.791106
-71.164230	-3.784222
-72.130550	-3.779106
-73.122490	-3.775424
-74.107910	-3.768003
-75.080550	-3.765253
-76.073460	-3.765416
-77.073750	-3.760428
-78.078570	-3.754859
-79.095660	-3.752630
-80.098340	-3.749546
-81.095960	-3.741700
-82.084920	-3.739848
-83.070690	-3.738331
-84.079730	-3.733026
-85.077560	-3.733318
-86.097660	-3.733219
-87.108540	-3.728592
-88.113500	-3.727451
-89.120380	-3.726676
-90.107550	-3.720491
-91.097610	-3.719777
-92.087670	-3.715330
-93.076970	-3.708829
-94.087170	-3.707911
-95.085420	-3.703398
-96.069670	-3.698615
-97.057040	-3.698045
-98.035610	-3.695860
-99.037960	-3.690513
-100.051200	-3.686451
-101.066600	-3.683385
-102.059400	-3.677960
-103.037300	-3.673995
-104.024900	-3.676030
-105.017000	-3.675701
-106.022800	-3.672554
-107.048700	-3.674381
-108.069200	-3.672580
-109.072400	-3.666311
-110.103300	-3.665341
-111.094400	-3.663352
-112.092000	-3.658512
-113.101600	-3.652612
-114.074400	-3.651002
-115.071200	-3.648372
-116.070200	-3.641552
-117.081000	-3.642114
-118.089000	-3.640495
-119.103300	-3.633085
-120.116800	-3.630276
-121.124400	-3.631271
-122.109500	-3.626571
-123.113600	-3.623645
-124.099200	-3.629181
-125.103800	-3.624999
-126.132700	-3.616871
-127.133300	-3.618340
-128.116600	-3.614382
-129.087400	-3.606699
-130.066900	-3.606957
-131.063500	-3.606025
-132.065300	-3.595812
-133.052800	-3.592593
-134.038700	-3.591085
-135.034100	-3.584263
-136.044600	-3.579350
-137.053400	-3.577945
-138.069000	-3.574262
-139.060400	-3.566317
-140.054700	-3.565042
-141.053900	-3.564141
-142.045500	-3.561323
-143.050100	-3.557912
-144.041100	-3.557549
-145.060900	-3.553846
-146.071500	-3.545736
-147.070600	-3.546589
-148.073100	-3.543772
-149.054300	-3.536336
-150.074300	-3.531796
-151.061200	-3.525908
-152.066700	-3.515289
-153.051100	-3.506961
-154.004500	-3.501635
-155.021800	-3.492059
-156.004700	-3.482704
-157.019400	-3.473085
-158.037600	-3.463575
-159.029100	-3.451520
-160.043700	-3.445148
-161.046700	-3.437348
-162.031000	-3.426688
-163.022500	-3.421284
-164.022900	-3.411608
-165.022500	-3.402600
-166.031800	-3.396064
-167.039200	-3.388274
-168.046200	-3.379702
-169.043500	-3.374135
-170.051500	-3.365319
-171.069800	-3.355231
-172.062200	-3.348261
-173.034500	-3.337662
-174.037500	-3.329357
-175.013800	-3.321687
-176.029700	-3.314099
-177.050600	-3.305361
-178.025500	-3.297484
-179.017800	-3.287369
-180.012200	-3.274775
-181.018600	-3.268641
-182.034600	-3.256928
-183.028000	-3.244872
-184.023600	-3.236773
-185.022000	-3.221718
-186.012600	-3.209563
-187.029200	-3.202015
-188.035300	-3.188681
-189.026000	-3.176201
-190.032300	-3.167315
-191.021600	-3.151903
-191.974500	-3.138021
-192.950300	-3.127902
-193.949200	-3.115464
-194.957900	-3.103513
-195.984800	-3.095140
-197.016500	-3.084746
