"Version:",9
"Fecha:","05-18-2016"
"Hora:","16:51:21"
"Operador:",""
"HP:",0
"vitramo(6)",-200
"vitramo(7)",-200
"MaxCh",0
"Método:",0
"Técnica:","2-VC",2
"Vinicial:",-200
"Vfinal:",400
"ScanRate:",50
"Rango:",4
"FiltroHard:",1
"SampleRate:",50
"RampStep:",1
"NumCiclos:",1
"AcqConf:",0
"ScanDir:",-32000
"ICellCond.",2
"SoftFilter:",1
"Loop Ini",4
"CountV:",1200
"CountI:",1200
"CountI2:",0
"Xfreq:",10
"SamplesSec",50
20
1,1,0,0,0
0,0,0,0,0
0,0,0,0,0
0,0,0,0,0
0,0,0,0,0
0,0,0,0,0
0,0,0,0,0
0,0,0,0,0
0,0,0,0,0
0,0,0,0,0
0,0,0,0,0
0,0,0,0,0
0,0,0,0,0
0,0,0,0,0
0,0,0,0,0
0,0,0,0,0
0,0,0,0,0
0,0,0,0,0
0,0,0,0,0
0,0,0,0,0
0,0,0,0,0
"Xaxis:",1
"Yxais:",2
"Ymin:",-500
"Ymax:",500
"Xmin:",-200
"Xmax:",400
"Grilla:",1
"BackColor:",15780518
"Pen Color:",255
"E1:",1
"E2:",1
"E3:",0
"E4:",0
"P1:",-200
"P2:",400
"P3:",-62.5
"P4:",62.5
"P5:",0
"P6:",0
"P7:",0
"P8:",0
"PretreatEn:",0
"P10:",20
"P11:",0
"P12:",1
"P13:",0
"P14:",-196.9408
"P15:",0
"P16:",0
"Auto Integ",0
"Auto Write",0
"Peak List",0
"Graph Write",0
"Graph names",0
"Graph numbers",0
"Graph Ret.Time",0
"Automatic Save",0
"SaveFilename",0
"Sufix StartNum",0
"E1",0
"E2",0
"E3",0
"E4",0
"Comentario:",""
7
10,0,0,0,0,0,0,10,1,0,1,1,0,0,0,0,99999,-99999
10,0,0,0,0,0,0,10,1,0,1,1,0,0,0,0,99999,-99999
10,0,0,0,0,0,0,10,1,0,1,1,0,0,0,0,99999,-99999
10,-200,0,5000,0,0,0,50,4,10,1,1,0,0,0,0,99999,-99999
3,-200,400,12000,1,50,0,50,4,10,1,1,0,0,0,0,99999,-99999
3,400,-200,12000,-1,50,0,50,4,2,1,1,0,0,0,0,99999,-99999
3,-200,-200,0,0,50,0,50,4,0,1,1,0,0,0,0,99999,-99999
3,-200,0,0,0,50,0,50,4,0,1,1,0,0,0,0,99999,-99999
10000
1
50
1
0
0
0
0
1
0
10
0
0
4
4
0
0
1
250
8
8
0
254
0
0
0
0
0
0
0
0
0
9000.1,4,4,0,0,1
10000,4,4,0,0,1
10999.9,4,4,0,0,1
11999.8,4,4,0,0,1
12999.7,4,4,0,0,1
13999.6,4,4,0,0,1
14999.5,4,4,0,0,1
15999.4,4,4,0,0,1
16999.3,4,4,0,0,1
17999.2,4,4,0,0,1
18999.1,4,4,0,0,1
-199.5502
-199.339
-198.8524
-198.1256
-197.1436
-196.1372
-195.1523
-194.154
-193.1669
-192.1635
-191.1447
-190.1494
-189.1182
-188.1243
-187.1331
-186.1396
-185.1603
-184.1497
-183.1785
-182.1572
-181.1409
-180.1412
-179.1194
-178.1292
-177.16
-176.1537
-175.1749
-174.1896
-173.1811
-172.2001
-171.2009
-170.1885
-169.1799
-168.1703
-167.151
-166.1735
-165.1992
-164.2182
-163.2335
-162.2318
-161.222
-160.2068
-159.1861
-158.1682
-157.1552
-156.1498
-155.1447
-154.1446
-153.1665
-152.1733
-151.171
-150.1646
-149.14
-148.1502
-147.1792
-146.1933
-145.2184
-144.213
-143.2253
-142.2357
-141.208
-140.2234
-139.2216
-138.2061
-137.2124
-136.2156
-135.1938
-134.208
-133.2157
-132.1977
-131.1804
-130.1714
-129.1788
-128.1799
-127.2238
-126.2226
-125.2283
-124.247
-123.2235
-122.2238
-121.2218
-120.2116
-119.224
-118.2227
-117.2193
-116.2251
-115.2057
-114.2222
-113.2346
-112.2239
-111.2419
-110.2173
-109.1962
-108.2156
-107.2113
-106.2125
-105.2148
-104.1905
-103.1822
-102.2069
-101.2046
-100.2082
-99.20947
-98.20332
-97.22646
-96.23983
-95.25989
-94.27649
-93.26273
-92.25736
-91.23849
-90.21886
-89.22445
-88.22076
-87.23002
-86.23796
-85.2292
-84.22426
-83.22424
-82.20341
-81.1888
-80.16852
-79.148
-78.1809
-77.20656
-76.24524
-75.27663
-74.27488
-73.27234
-72.26483
-71.27531
-70.2697
-69.26475
-68.24275
-67.229
-66.22342
-65.2439
-64.28208
-63.28033
-62.28097
-61.2464
-60.22594
-59.23131
-58.22243
-57.2546
-56.25936
-55.24502
-54.26461
-53.23907
-52.24398
-51.24747
-50.23333
-49.26253
-48.24382
-47.26055
-46.25451
-45.25423
-44.28637
-43.27464
-42.27236
-41.25865
-40.22449
-39.2145
-38.21985
-37.20603
-36.21075
-35.21698
-34.2427
-33.26813
-32.27394
-31.2696
-30.23544
-29.20136
-28.19515
-27.21061
-26.23217
-25.27856
-24.30253
-23.30647
-22.29724
-21.28391
-20.27264
-19.27932
-18.28522
-17.27277
-16.25282
-15.23919
-14.25003
-13.24886
-12.26712
-11.25621
-10.23471
-9.224178
-8.217144
-7.238756
-6.261211
-5.254177
-4.255498
-3.274155
-2.292943
-1.348666
-.3671081
.6312574
1.638753
2.662957
3.643987
4.632892
5.613327
6.584715
7.577071
8.571539
9.577054
10.56948
11.5726
12.57408
13.56269
14.5441
15.53796
16.55306
17.54682
18.57395
19.57499
20.57834
21.59779
22.59175
23.57861
24.56366
25.54451
26.53749
27.54877
28.55188
29.56442
30.55739
31.55358
32.55717
33.5261
34.53763
35.52525
36.50086
37.52412
38.51382
39.51859
40.53218
41.53629
42.54131
43.53084
44.53923
45.51691
46.51301
47.53329
48.52464
49.53109
50.52679
51.49899
52.49258
53.48527
54.48316
55.47768
56.46721
57.46741
58.47044
59.49112
60.51499
61.51418
62.50583
63.51001
64.48887
65.4958
66.50962
67.48509
68.47294
69.48851
70.46938
71.48986
72.51563
73.51575
74.51208
75.502
76.49052
77.47659
78.47363
79.46287
80.44164
81.42489
82.43395
83.43644
84.45986
85.48746
86.50972
87.52688
88.53152
89.50642
90.47555
91.47179
92.45075
93.4543
94.46475
95.45668
96.46507
97.47701
98.49901
99.49093
100.5033
101.5115
102.4917
103.5092
104.5065
105.5025
106.5004
107.5005
108.4832
109.4611
110.4392
111.4307
112.4456
113.4467
114.47
115.4672
116.4695
117.4634
118.4519
119.4416
120.4223
121.4239
122.4272
123.4428
124.4461
125.4629
126.4489
127.4339
128.4086
129.3828
130.3988
131.3902
132.4075
133.4136
134.3999
135.4122
136.4206
137.4288
138.4284
139.4224
140.4022
141.3833
142.3956
143.4037
144.412
145.4348
146.4384
147.4369
148.4356
149.428
150.4379
151.4314
152.4597
153.4504
154.4382
155.4502
156.4406
157.4463
158.4311
159.4107
160.38
161.3645
162.3887
163.4057
164.4428
165.4472
166.4334
167.4263
168.4179
169.4364
170.4217
171.4122
172.4063
173.4217
174.4296
175.4477
176.4523
177.4238
178.4303
179.4066
180.3791
181.3688
182.3408
183.3539
184.3719
185.3972
186.4165
187.3926
188.4022
189.392
190.3837
191.3824
192.3626
193.363
194.3706
195.3841
196.3838
197.385
198.38
199.3947
200.4117
201.4156
202.4243
203.4186
204.4112
205.386
206.3823
207.3999
208.3851
209.4023
210.3994
211.3613
212.3781
213.3793
214.3699
215.3773
216.3695
217.3519
218.3474
219.3583
220.3473
221.3659
222.3686
223.3611
224.3422
225.3295
226.3401
227.3262
228.3657
229.3571
230.3441
231.3452
232.3253
233.3353
234.3307
235.3232
236.2868
237.2885
238.3168
239.343
240.3827
241.3591
242.3388
243.326
244.3129
245.317
246.334
247.3324
248.3436
249.351
250.3329
251.3477
252.3486
253.3622
254.3574
255.3451
256.3327
257.3264
258.3449
259.3488
260.3639
261.3688
262.3476
263.344
264.3484
265.3509
266.3553
267.3487
268.3232
269.3123
270.3236
271.3353
272.3346
273.3282
274.3031
275.2822
276.2865
277.3016
278.3132
279.3309
280.3386
281.3195
282.3133
283.3127
284.3177
285.3146
286.3007
287.3047
288.2975
289.29
290.3214
291.3044
292.2978
293.3082
294.2795
295.2672
296.2672
297.2809
298.2997
299.3192
300.3499
301.3586
302.3602
303.3692
304.3502
305.3348
306.3425
307.3349
308.3359
309.343
310.3426
311.3317
312.3093
313.2808
314.2834
315.2948
316.3154
317.3402
318.324
319.3265
320.306
321.2758
322.2898
323.2617
324.2653
325.2847
326.2367
327.2694
328.2953
329.3022
330.3489
331.3357
332.316
333.3135
334.2957
335.2874
336.2791
337.2675
338.2662
339.2628
340.2656
341.2778
342.281
343.2886
344.2837
345.2639
346.2464
347.238
348.2522
349.2419
350.2618
351.2774
352.257
353.2889
354.3131
355.3188
356.334
357.3411
358.3132
359.2999
360.2798
361.2768
362.2548
363.2601
364.2737
365.2592
366.2775
367.2906
368.3045
369.2897
370.2748
371.2418
372.2422
373.2558
374.2826
375.2836
376.2788
377.2976
378.2823
379.2889
380.2813
381.2603
382.2592
383.2655
384.2512
385.2495
386.255
387.2489
388.2397
389.2519
390.2379
391.2174
392.247
393.2477
394.2628
395.2897
396.2771
397.2653
398.2443
398.775
398.8141
398.3675
397.4135
396.4339
395.4391
394.4219
393.4244
392.4258
391.4077
390.4034
389.4125
388.3879
387.393
386.4074
385.4232
384.4268
383.4625
382.4596
381.4678
380.4888
379.4644
378.4481
377.41
376.3961
375.4066
374.3972
373.4199
372.4219
371.3978
370.4466
369.4339
368.4406
367.4361
366.4052
365.4076
364.3831
363.4097
362.433
361.4494
360.4913
359.5014
358.5052
357.5045
356.478
355.4795
354.4881
353.478
352.4934
351.4915
350.4606
349.4525
348.4393
347.4165
346.4147
345.4116
344.43
343.4298
342.431
341.4445
340.4429
339.4335
338.4433
337.4145
336.398
335.4074
334.4005
333.425
332.4229
331.4323
330.435
329.4301
328.4249
327.4089
326.4111
325.4393
324.4445
323.4876
322.4911
321.4601
320.4618
319.4494
318.44
317.4406
316.4528
315.4583
314.4741
313.4799
312.4856
311.4763
310.4636
309.4698
308.4567
307.4634
306.4824
305.4835
304.4859
303.4785
302.4465
301.444
300.4473
299.4478
298.4612
297.4461
296.4308
295.4268
294.4489
293.4829
292.4931
291.4653
290.4397
289.4107
288.4038
287.4156
286.4417
285.4509
284.4568
283.4718
282.4446
281.4658
280.4917
279.5027
278.5237
277.5044
276.4741
275.4475
274.4529
273.4492
272.4435
271.4579
270.4471
269.457
268.4713
267.4731
266.4716
265.4662
264.4786
263.4971
262.5046
261.5198
260.5169
259.5096
258.5075
257.4975
256.5069
255.5161
254.5222
253.5202
252.5107
251.5079
250.4838
249.4934
248.5082
247.4911
246.5097
245.5055
244.4817
243.494
242.5177
241.5275
240.5259
239.5113
238.4956
237.4848
236.4706
235.4668
234.4548
233.4703
232.4837
231.5199
230.5462
229.5639
228.5897
227.5901
226.5883
225.552
224.5376
223.52
222.5188
221.5455
220.5423
219.5577
218.5618
217.5523
216.5713
215.572
214.5646
213.568
212.5613
211.549
210.5697
209.5632
208.5717
207.5785
206.5749
205.604
204.6212
203.6329
202.6183
201.6153
200.6075
199.6009
198.6052
197.6156
196.6148
195.6037
194.6036
193.577
192.5653
191.5979
190.5998
189.5936
188.592
187.582
186.5803
185.5743
184.5789
183.5718
182.5619
181.5826
180.5792
179.571
178.605
177.5972
176.5995
175.6151
174.5831
173.5784
172.5724
171.5683
170.5838
169.5884
168.5784
167.5827
166.6003
165.6045
164.6105
163.5802
162.5536
161.548
160.548
159.5533
158.5474
157.5551
156.5729
155.5964
154.6074
153.6025
152.6174
151.6261
150.6194
149.6355
148.6131
147.5891
146.5841
145.5742
144.5439
143.5535
142.5368
141.5287
140.5663
139.5542
138.5792
137.5691
136.5553
135.5652
134.5552
133.5678
132.5759
131.5611
130.5564
129.5523
128.5457
127.5655
126.5903
125.6104
124.6167
123.5959
122.5922
121.5749
120.5821
119.6049
118.59
117.5981
116.6164
115.6123
114.628
113.6329
112.6226
111.6367
110.6476
109.6392
108.6441
107.6568
106.6596
105.6572
104.6746
103.6803
102.6922
101.7147
100.7124
99.70146
98.68203
97.65921
96.62766
95.61098
94.60838
93.62665
92.621
91.60928
90.61749
89.60567
88.62309
87.63113
86.63373
85.64194
84.6289
83.63656
82.61552
81.61353
80.6158
79.61494
78.62663
77.65399
76.69028
75.69609
74.70131
73.69833
72.67496
71.65117
70.64827
69.63837
68.6494
67.66061
66.65764
65.6583
64.65918
63.68305
62.70116
61.69486
60.67532
59.65616
58.65284
57.65927
56.68032
55.7001
54.69576
53.70666
52.71061
51.70424
50.72477
49.7199
48.71153
47.71526
46.71417
45.70628
44.70402
43.70295
42.69796
41.68574
40.69076
39.69054
38.65997
37.6861
36.69168
35.69036
34.69718
33.66703
32.64798
31.66927
30.68119
29.7113
28.71865
27.70759
26.71543
25.70519
24.72953
23.72476
22.7372
21.76192
20.74846
19.75523
18.75281
17.73867
16.74325
15.7568
14.74888
13.75642
12.77503
11.75418
10.76473
9.747952
8.740623
7.756802
6.739913
5.762416
4.76443
3.768673
2.806449
1.804633
.815315
-.1840576
-1.147685
-2.099574
-3.075172
-4.040186
-5.052272
-6.068799
-7.073026
-8.080703
-9.12249
-10.13718
-11.13718
-12.14204
-13.11003
-14.08343
-15.08547
-16.09658
-17.09266
-18.11656
-19.14194
-20.1256
-21.14595
-22.16121
-23.14072
-24.13961
-25.14523
-26.10047
-27.09432
-28.10154
-29.08447
-30.11253
-31.1298
-32.12591
-33.11235
-34.10402
-35.10154
-36.09512
-37.093
-38.10479
-39.08949
-40.08165
-41.09684
-42.06999
-43.05827
-44.06535
-45.05536
-46.06718
-47.07144
-48.06607
-49.06855
-50.04326
-51.04729
-52.01734
-53.00821
-54.04461
-55.04131
-56.07352
-57.1007
-58.07075
-59.06781
-60.05862
-61.03756
-62.05339
-63.06011
-64.06604
-65.06802
-66.07729
-67.088
-68.08653
-69.09728
-70.08882
-71.0735
-72.08021
-73.08073
-74.08052
-75.06798
-76.06065
-77.04857
-78.05648
-79.0865
-80.09749
-81.09727
-82.07528
-83.06747
-84.04859
-85.05042
-86.0512
-87.02939
-88.02498
-89.02809
-90.00956
-91.02376
-92.03636
-93.02058
-94.04909
-95.03191
-96.03743
-97.04953
-98.04405
-99.04613
-100.0323
-101.0248
-102.0338
-103.0326
-104.0287
-105.0362
-105.9938
-107.0093
-108.0326
-109.0229
-110.0609
-111.0689
-112.0466
-113.0507
-114.0413
-115.0254
-116.0298
-117.0257
-118.0406
-119.0657
-120.0951
-121.1085
-122.1092
-123.0929
-124.0761
-125.0684
-126.0639
-127.0613
-128.0334
-129.0176
-130.0211
-131.0292
-132.0488
-133.063
-134.0474
-135.0169
-136.0191
-137.0244
-138.0311
-139.0491
-140.0569
-141.0406
-142.0419
-143.0439
-144.0354
-145.0437
-146.0447
-147.0498
-148.0479
-149.0451
-150.0355
-151.0323
-152.0257
-153.0091
-153.9868
-154.9604
-155.9665
-156.9736
-158.013
-159.0347
-160.0341
-161.0585
-162.0606
-163.0602
-164.0507
-165.0355
-166.0199
-167.0195
-168.0371
-169.0565
-170.0575
-171.0536
-172.0327
-173.0041
-173.9969
-174.9918
-176.0141
-177.0306
-178.0317
-179.0253
-180.0103
-180.9951
-181.9969
-183.0014
-183.9863
-184.9847
-185.9729
-186.983
-187.9968
-188.994
-189.9866
-190.9603
-191.9482
-192.9372
-193.9491
-194.9488
-195.9486
-196.9408
-.0597817
-0.052691
-0.044018
-0.034534
-.0238886
-0.019887
-0.016972
-0.015612
-0.014934
-0.013613
-0.012005
-0.008986
-0.004728
-0.003229
-0.001423
0.001143
0.003416
0.006648
0.007038
0.005089
0.001799
-0.000948
-0.000843
0.001632
0.005938
0.012543
0.022270
0.029407
0.031704
0.027251
.0179132
0.010398
0.005392
0.004446
0.004551
0.003372
0.003273
0.003903
0.004494
0.006409
0.006301
0.007301
0.009409
0.011615
0.016072
0.017901
0.018138
0.018041
0.018553
0.021796
0.025236
0.026726
0.028538
0.029562
0.033183
0.034900
0.033283
0.030776
0.023156
0.022732
0.025331
0.029905
0.039212
0.043000
0.040879
0.035012
0.029590
0.024182
0.023656
0.024349
0.022536
0.022452
.0222869
0.023375
0.024284
0.024863
.0263912
0.027717
0.029893
0.032846
0.034298
0.034905
0.034598
0.033559
0.032349
0.033041
0.034609
0.037047
0.039619
0.041752
.0429002
0.041561
0.042928
0.041244
.0425745
0.045787
.0451464
.0445227
0.042957
0.044192
0.047149
0.053471
0.059141
0.060942
0.063319
0.059409
0.053482
0.048677
0.042532
0.041149
0.040746
0.040625
0.041297
0.041701
0.042779
0.044032
0.046572
0.048970
0.051030
0.052248
0.050807
.0518044
0.052846
0.054420
0.056294
0.056070
0.055604
0.055199
0.055085
0.054755
0.051921
0.049815
0.049205
0.048870
0.050935
.0521561
0.054939
0.057451
0.059076
0.060883
0.061244
0.061536
0.062872
0.063439
0.062058
0.060662
0.059952
.0588964
0.059350
.0610499
.0622921
0.064582
0.066701
0.068651
0.069684
0.070794
0.071554
0.069954
0.069662
.0686625
0.067081
.0677746
0.068006
0.068387
0.069618
0.071546
0.073910
0.076337
0.078127
0.078698
0.078476
0.078480
0.080029
.0806878
.0817351
0.082874
0.083110
0.084641
.0871509
0.089390
0.090715
0.091027
0.090434
0.090275
0.091092
0.092756
0.094298
0.095528
0.097549
0.099214
.1011989
.1036209
.1047964
.1064111
.1076455
.1089293
.1108394
.1134529
.1145123
.1169387
.1199489
.1226403
.1268096
.1296033
.1330492
.1348198
.1376975
.140272
.141859
.1446466
.1473701
.1510707
.1546327
.158504
.1622808
.1659971
.17169
.1782606
.1829808
.1874324
.1909416
.1939579
.1988323
.2044664
.208782
.2135819
.2192091
.2243183
.232118
.2408931
.2487405
.2566771
.2627772
.2688947
.2750641
.2822141
.2924446
.3003421
.3096778
.3202036
.3288072
.3407796
.3551888
.3662795
.3781696
.3919603
.4019863
.414851
.4278881
.441496
.4544941
.4700416
.4875295
.4989657
.5178431
.5355812
.5522392
.5721042
.5915246
.6107208
.6324645
.6557381
.6773077
.6999913
.7243122
.7523094
.781114
.8102105
.8405336
.8616614
.8862717
.9150355
.9433594
.98125
1.022329
1.062784
1.102478
1.141026
1.175763
1.210951
1.24975
1.292297
1.335335
1.379856
1.433434
1.481016
1.535383
1.593547
1.644955
1.700415
1.754131
1.808141
1.868386
1.933081
2.003416
2.074768
2.144979
2.219611
2.292597
2.366984
2.450233
2.526722
2.607255
2.693947
2.777492
2.871815
2.968997
3.064009
3.161752
3.255713
3.349885
3.452373
3.55864
3.677663
3.799539
3.922152
4.051264
4.169879
4.295898
4.423739
4.544383
4.676332
4.812756
4.951517
5.106827
5.266635
5.42682
5.587427
5.742487
5.896242
6.046953
6.206251
6.379147
6.548232
6.732283
6.922877
7.105179
7.302514
7.500125
7.690652
7.88412
8.077105
8.271854
8.476507
8.694071
8.923819
9.149
9.375046
9.607335
9.821427
10.04742
10.28522
10.51416
10.75672
11.00562
11.24884
11.49899
11.75327
12.00671
12.25475
12.50114
12.75622
13.01031
13.27643
13.56904
13.85267
14.1393
14.43058
14.69922
14.9719
15.24815
15.52429
15.81087
16.10258
16.40668
16.71739
17.029
17.35106
17.65753
17.95041
18.24948
18.53481
18.83117
19.14623
19.46099
19.78811
20.11621
20.4384
20.76288
21.08126
21.403
21.72353
22.03194
22.35021
22.66762
22.99254
23.3399
23.67618
24.01111
24.3465
24.66721
25.00275
25.34575
25.68436
26.0256
26.35911
26.68694
27.01526
27.34179
27.67741
28.00522
28.33316
28.67055
28.99642
29.33171
29.67419
30.00499
30.33823
30.66759
30.99509
31.32716
31.6599
31.99218
32.31639
32.62556
32.93625
33.24225
33.55148
33.88359
34.20549
34.52645
34.84338
35.13733
35.43475
35.72477
36.00815
36.29715
36.58117
36.86871
37.16833
37.46463
37.76982
38.06202
38.3334
38.5962
38.83354
39.07809
39.33029
39.57778
39.84242
40.10233
40.34932
40.60072
40.83807
41.06276
41.27954
41.48057
41.67467
41.85634
42.04869
42.2506
42.4336
42.62072
42.79
42.92793
43.07323
43.21859
43.35475
43.49441
43.62838
43.74684
43.85501
43.95672
44.05058
44.11977
44.18001
44.2413
44.27967
44.33128
44.39039
44.4208
44.4452
44.4518
44.42801
44.39546
44.35679
44.31182
44.25804
44.19992
44.14536
44.07405
43.99541
43.91711
43.80445
43.67538
43.53982
43.38037
43.22415
43.074
42.91901
42.75798
42.58401
42.39962
42.19971
41.98867
41.78255
41.55964
41.32766
41.10219
40.86188
40.62479
40.38763
40.14033
39.89182
39.63622
39.37995
39.1267
38.87244
38.62701
38.38076
38.1265
37.8721
37.60202
37.34789
37.09785
36.84349
36.60588
36.35804
36.11143
35.8805
35.64326
35.41102
35.18
34.94122
34.7094
34.47747
34.2516
34.03575
33.8228
33.61288
33.40779
33.19938
32.99841
32.79836
32.59585
32.39954
32.20527
32.01337
31.82974
31.65087
31.47626
31.30471
31.1309
30.96105
30.79062
30.62676
30.46811
30.30661
30.14804
29.99175
29.83324
29.68459
29.5382
29.39135
29.25045
29.11128
28.97535
28.83979
28.70593
28.57302
28.43728
28.30627
28.17884
28.05111
27.93004
27.81215
27.69285
27.57718
27.46237
27.34627
27.23358
27.12205
27.0117
26.90278
26.79493
26.69039
26.58616
26.48415
26.38482
26.28405
26.18608
26.09017
25.99369
25.89983
25.80659
25.71414
25.62275
25.53212
25.44284
25.35395
25.26579
25.14853
25.02331
24.89263
24.75945
24.65238
24.55008
24.45116
24.35294
24.25842
24.16481
24.07396
23.98669
23.89799
23.81294
23.72991
23.64585
23.5649
23.48404
23.40146
23.31968
23.23886
23.15955
23.0818
23.00573
22.92997
22.85163
22.77369
22.69676
22.61907
22.54303
22.46878
22.39236
22.31777
22.2447
22.17209
22.10217
22.02995
21.95753
21.88257
21.80763
21.73635
21.66507
21.59523
21.52597
21.45246
21.37862
21.30486
21.22964
21.15683
21.08224
21.00699
20.93343
20.85774
20.78572
20.71568
20.64395
20.57227
20.49644
20.41742
20.33942
20.25963
20.18287
20.10723
20.02764
19.9518
19.87265
19.79077
19.71253
19.63011
19.54521
19.45861
19.36978
19.28184
19.19468
19.11234
19.03097
18.94083
18.85149
18.75797
18.6571
18.56424
18.47049
18.37094
18.27499
18.17626
18.07566
17.97489
17.87375
17.76963
17.65567
17.54347
17.434
17.31695
17.20941
17.1062
16.98605
16.86771
16.74076
16.60032
16.46804
16.33427
16.20293
16.07062
15.93711
15.80597
15.66692
15.52825
15.39213
15.23831
15.08244
14.92886
14.76367
14.60791
14.45524
14.29573
14.13687
13.97284
13.80625
13.63351
13.46542
13.29915
13.12024
12.9375
12.7491
12.53902
12.33792
12.14121
11.93224
11.73681
11.54259
11.33992
11.14077
10.93759
10.72029
10.49086
10.25659
10.02242
9.786008
9.558733
9.344818
9.114126
8.882673
8.649464
8.393885
8.139901
7.888982
7.627959
7.366421
7.105299
6.844069
6.580975
6.316652
6.05502
5.77459
5.485156
5.202963
4.907769
4.620955
4.350299
4.066304
3.784086
3.49319
3.192205
2.890313
2.580377
2.274065
1.96259
1.648203
1.348811
1.050781
.7516892
.4615982
.1482432
-.1787656
-.5139778
-.8632848
-1.200518
-1.531115
-1.855497
-2.171938
-2.494071
-2.818756
-3.145139
-3.482437
-3.822549
-4.171686
-4.524879
-4.868648
-5.213566
-5.545247
-5.870562
-6.211218
-6.548674
-6.897411
-7.258487
-7.60845
-7.95682
-8.303365
-8.647057
-8.99465
-9.343318
-9.697851
-10.05073
-10.4013
-10.77149
-11.13663
-11.49743
-11.86465
-12.20737
-12.53979
-12.88166
-13.22593
-13.57728
-13.94032
-14.30328
-14.66057
-15.00898
-15.35973
-15.69983
-16.0218
-16.35583
-16.67921
-16.99786
-17.3422
-17.68671
-18.03296
-18.38409
-18.72101
-19.04408
-19.35773
-19.6717
-19.98836
-20.29874
-20.62112
-20.94176
-21.24723
-21.56716
-21.87764
-22.17252
-22.46842
-22.74904
-23.02129
-23.29963
-23.58262
-23.86967
-24.15277
-24.42757
-24.69191
-24.93491
-25.17916
-25.4246
-25.66911
-25.93104
-26.18336
-26.42428
-26.6611
-26.88111
-27.09241
-27.29746
-27.48425
-27.65909
-27.83603
-28.00762
-28.18405
-28.35394
-28.51101
-28.65996
-28.78647
-28.91925
-29.04561
-29.15717
-29.27099
-29.36003
-29.42179
-29.47919
-29.52956
-29.57879
-29.63345
-29.68503
-29.7286
-29.75081
-29.76993
-29.77377
-29.74959
-29.72373
-29.6795
-29.61896
-29.56896
-29.51235
-29.45023
-29.38238
-29.29271
-29.18593
-29.05985
-28.92258
-28.78203
-28.62767
-28.47334
-28.31441
-28.14109
-27.97583
-27.80171
-27.61614
-27.42593
-27.21508
-26.99576
-26.77652
-26.55411
-26.33707
-26.11656
-25.88705
-25.65447
-25.40803
-25.16132
-24.91398
-24.66232
-24.41941
-24.17319
-23.92787
-23.69141
-23.4496
-23.20851
-22.96863
-22.71981
-22.47291
-22.2313
-21.99516
-21.76945
-21.54686
-21.32863
-21.10775
-20.88415
-20.66689
-20.44525
-20.22791
-20.01952
-19.80961
-19.60668
-19.41244
-19.21943
-19.02948
-18.84191
-18.65256
-18.46536
-18.27907
-18.10043
-17.92415
-17.7505
-17.58586
-17.41951
-17.25433
-17.09708
-16.93715
-16.78018
-16.62964
-16.47895
-16.33186
-16.18851
-16.04773
-15.90922
-15.77112
-15.63587
-15.50005
-15.36533
-15.23587
-15.10787
-14.98148
-14.8598
-14.73908
-14.61928
-14.50261
-14.3863
-14.27121
-14.15827
-14.04817
-13.94069
-13.83386
-13.7316
-13.6303
-13.5289
-13.43015
-13.33071
-13.23152
-13.13477
-13.03917
-12.94504
-12.85274
-12.7623
-12.6726
-12.58404
-12.49671
-12.41125
-12.32622
-12.24346
-12.1624
-12.0813
-12.00307
-11.92468
-11.84719
-11.77181
-11.69522
-11.62035
-11.54462
-11.47004
-11.39876
-11.32717
-11.25918
-11.19055
-11.1206
-11.05367
-10.98522
-10.91929
-10.85559
-10.79071
-10.72806
-10.66506
-10.60268
-10.54178
-10.48077
-10.42223
-10.36248
-10.30403
-10.24636
-10.18836
-10.13067
-10.07385
-10.01808
-9.962898
-9.910296
-9.85686
-9.803892
-9.751664
-9.699446
-9.648024
-9.597009
-9.546281
-9.495966
-9.446688
-9.398763
-9.35073
-9.303066
-9.256155
-9.208891
-9.161535
-9.115463
-9.069952
-9.024734
-8.981333
-8.93786
-8.893993
-8.85134
-8.808214
-8.765584
-8.723231
-8.681309
-8.639934
-8.598927
-8.559215
-8.519348
-8.479594
-8.440039
-8.399998
-8.359163
-8.320358
-8.281894
-8.244628
-8.209743
-8.173948
-8.138783
-8.103112
-8.066584
-8.030939
-7.994241
-7.958586
-7.922627
-7.887032
-7.852867
-7.81868
-7.785571
-7.751822
-7.717418
-7.683712
-7.649775
-7.617136
-7.586131
-7.555255
-7.525238
-7.494846
-7.46425
-7.433335
-7.40236
-7.371454
-7.340825
-7.310234
-7.280068
-7.250636
-7.220791
-7.191828
-7.163491
-7.13386
-7.10538
-7.076771
-7.048709
-7.02191
-6.995432
-6.969789
-6.943552
-6.917266
-6.89146
-6.865228
-6.837999
-6.81189
-6.784782
-6.757416
-6.731183
-6.704874
-6.678914
-6.654053
-6.629048
-6.603945
-6.578794
-6.554311
-6.530543
-6.50724
-6.484936
-6.462438
-6.439523
-6.417088
-6.394358
-6.371415
-6.349092
-6.326456
-6.303604
-6.280038
-6.25744
-6.234547
-6.211959
-6.190761
-6.168555
-6.146172
-6.124591
-6.103195
-6.082269
-6.06276
-6.042804
-6.02279
-6.00274
-5.982106
-5.962407
-5.942154
-5.922494
-5.902992
-5.882452
-5.862539
-5.842585
-5.822489
-5.804013
-5.785104
-5.766626
-5.747879
-5.728482
-5.709658
-5.690715
-5.672375
-5.653477
-5.634138
-5.615706
-5.598536
-5.581452
-5.56662
-5.550235
-5.533173
-5.516265
-5.497762
-5.480273
-5.463223
-5.446794
-5.430856
-5.415117
-5.398838
-5.382957
-5.367391
-5.351931
-5.336191
-5.319463
-5.302821
-5.286052
-5.269322
-5.254559
-5.238688
-5.222573
-5.207059
-5.189906
-5.173637
-5.158175
-5.142687
-5.128669
-5.11498
-5.102503
