Potencial	Intensidad
mv	uA
-199.550200	-0.059782
-199.339000	-0.052691
-198.852400	-0.044018
-198.125600	-0.034534
-197.143600	-0.023889
-196.137200	-0.019887
-195.152300	-0.016972
-194.154000	-0.015612
-193.166900	-0.014934
-192.163500	-0.013613
-191.144700	-0.012005
-190.149400	-0.008986
-189.118200	-0.004728
-188.124300	-0.003229
-187.133100	-0.001423
-186.139600	0.001143
-185.160300	0.003416
-184.149700	0.006648
-183.178500	0.007038
-182.157200	0.005089
-181.140900	0.001799
-180.141200	-0.000948
-179.119400	-0.000843
-178.129200	0.001632
-177.160000	0.005938
-176.153700	0.012543
-175.174900	0.022270
-174.189600	0.029407
-173.181100	0.031704
-172.200100	0.027251
-171.200900	0.017913
-170.188500	0.010398
-169.179900	0.005392
-168.170300	0.004446
-167.151000	0.004551
-166.173500	0.003372
-165.199200	0.003273
-164.218200	0.003903
-163.233500	0.004494
-162.231800	0.006409
-161.222000	0.006301
-160.206800	0.007301
-159.186100	0.009409
-158.168200	0.011615
-157.155200	0.016072
-156.149800	0.017901
-155.144700	0.018138
-154.144600	0.018041
-153.166500	0.018553
-152.173300	0.021796
-151.171000	0.025236
-150.164600	0.026726
-149.140000	0.028538
-148.150200	0.029562
-147.179200	0.033183
-146.193300	0.034900
-145.218400	0.033283
-144.213000	0.030776
-143.225300	0.023156
-142.235700	0.022732
-141.208000	0.025331
-140.223400	0.029905
-139.221600	0.039212
-138.206100	0.043000
-137.212400	0.040879
-136.215600	0.035012
-135.193800	0.029590
-134.208000	0.024182
-133.215700	0.023656
-132.197700	0.024349
-131.180400	0.022536
-130.171400	0.022452
-129.178800	0.022287
-128.179900	0.023375
-127.223800	0.024284
-126.222600	0.024863
-125.228300	0.026391
-124.247000	0.027717
-123.223500	0.029893
-122.223800	0.032846
-121.221800	0.034298
-120.211600	0.034905
-119.224000	0.034598
-118.222700	0.033559
-117.219300	0.032349
-116.225100	0.033041
-115.205700	0.034609
-114.222200	0.037047
-113.234600	0.039619
-112.223900	0.041752
-111.241900	0.042900
-110.217300	0.041561
-109.196200	0.042928
-108.215600	0.041244
-107.211300	0.042574
-106.212500	0.045787
-105.214800	0.045146
-104.190500	0.044523
-103.182200	0.042957
-102.206900	0.044192
-101.204600	0.047149
-100.208200	0.053471
-99.209470	0.059141
-98.203320	0.060942
-97.226460	0.063319
-96.239830	0.059409
-95.259890	0.053482
-94.276490	0.048677
-93.262730	0.042532
-92.257360	0.041149
-91.238490	0.040746
-90.218860	0.040625
-89.224450	0.041297
-88.220760	0.041701
-87.230020	0.042779
-86.237960	0.044032
-85.229200	0.046572
-84.224260	0.048970
-83.224240	0.051030
-82.203410	0.052248
-81.188800	0.050807
-80.168520	0.051804
-79.148000	0.052846
-78.180900	0.054420
-77.206560	0.056294
-76.245240	0.056070
-75.276630	0.055604
-74.274880	0.055199
-73.272340	0.055085
-72.264830	0.054755
-71.275310	0.051921
-70.269700	0.049815
-69.264750	0.049205
-68.242750	0.048870
-67.229000	0.050935
-66.223420	0.052156
-65.243900	0.054939
-64.282080	0.057451
-63.280330	0.059076
-62.280970	0.060883
-61.246400	0.061244
-60.225940	0.061536
-59.231310	0.062872
-58.222430	0.063439
-57.254600	0.062058
-56.259360	0.060662
-55.245020	0.059952
-54.264610	0.058896
-53.239070	0.059350
-52.243980	0.061050
-51.247470	0.062292
-50.233330	0.064582
-49.262530	0.066701
-48.243820	0.068651
-47.260550	0.069684
-46.254510	0.070794
-45.254230	0.071554
-44.286370	0.069954
-43.274640	0.069662
-42.272360	0.068663
-41.258650	0.067081
-40.224490	0.067775
-39.214500	0.068006
-38.219850	0.068387
-37.206030	0.069618
-36.210750	0.071546
-35.216980	0.073910
-34.242700	0.076337
-33.268130	0.078127
-32.273940	0.078698
-31.269600	0.078476
-30.235440	0.078480
-29.201360	0.080029
-28.195150	0.080688
-27.210610	0.081735
-26.232170	0.082874
-25.278560	0.083110
-24.302530	0.084641
-23.306470	0.087151
-22.297240	0.089390
-21.283910	0.090715
-20.272640	0.091027
-19.279320	0.090434
-18.285220	0.090275
-17.272770	0.091092
-16.252820	0.092756
-15.239190	0.094298
-14.250030	0.095528
-13.248860	0.097549
-12.267120	0.099214
-11.256210	0.101199
-10.234710	0.103621
-9.224178	0.104796
-8.217144	0.106411
-7.238756	0.107646
-6.261211	0.108929
-5.254177	0.110839
-4.255498	0.113453
-3.274155	0.114512
-2.292943	0.116939
-1.348666	0.119949
-0.367108	0.122640
0.631257	0.126810
1.638753	0.129603
2.662957	0.133049
3.643987	0.134820
4.632892	0.137698
5.613327	0.140272
6.584715	0.141859
7.577071	0.144647
8.571539	0.147370
9.577054	0.151071
10.569480	0.154633
11.572600	0.158504
12.574080	0.162281
13.562690	0.165997
14.544100	0.171690
15.537960	0.178261
16.553060	0.182981
17.546820	0.187432
18.573950	0.190942
19.574990	0.193958
20.578340	0.198832
21.597790	0.204466
22.591750	0.208782
23.578610	0.213582
24.563660	0.219209
25.544510	0.224318
26.537490	0.232118
27.548770	0.240893
28.551880	0.248741
29.564420	0.256677
30.557390	0.262777
31.553580	0.268895
32.557170	0.275064
33.526100	0.282214
34.537630	0.292445
35.525250	0.300342
36.500860	0.309678
37.524120	0.320204
38.513820	0.328807
39.518590	0.340780
40.532180	0.355189
41.536290	0.366279
42.541310	0.378170
43.530840	0.391960
44.539230	0.401986
45.516910	0.414851
46.513010	0.427888
47.533290	0.441496
48.524640	0.454494
49.531090	0.470042
50.526790	0.487529
51.498990	0.498966
52.492580	0.517843
53.485270	0.535581
54.483160	0.552239
55.477680	0.572104
56.467210	0.591525
57.467410	0.610721
58.470440	0.632464
59.491120	0.655738
60.514990	0.677308
61.514180	0.699991
62.505830	0.724312
63.510010	0.752309
64.488870	0.781114
65.495800	0.810211
66.509620	0.840534
67.485090	0.861661
68.472940	0.886272
69.488510	0.915036
70.469380	0.943359
71.489860	0.981250
72.515630	1.022329
73.515750	1.062784
74.512080	1.102478
75.502000	1.141026
76.490520	1.175763
77.476590	1.210951
78.473630	1.249750
79.462870	1.292297
80.441640	1.335335
81.424890	1.379856
82.433950	1.433434
83.436440	1.481016
84.459860	1.535383
85.487460	1.593547
86.509720	1.644955
87.526880	1.700415
88.531520	1.754131
89.506420	1.808141
90.475550	1.868386
91.471790	1.933081
92.450750	2.003416
93.454300	2.074768
94.464750	2.144979
95.456680	2.219611
96.465070	2.292597
97.477010	2.366984
98.499010	2.450233
99.490930	2.526722
100.503300	2.607255
101.511500	2.693947
102.491700	2.777492
103.509200	2.871815
104.506500	2.968997
105.502500	3.064009
106.500400	3.161752
107.500500	3.255713
108.483200	3.349885
109.461100	3.452373
110.439200	3.558640
111.430700	3.677663
112.445600	3.799539
113.446700	3.922152
114.470000	4.051264
115.467200	4.169879
116.469500	4.295898
117.463400	4.423739
118.451900	4.544383
119.441600	4.676332
120.422300	4.812756
121.423900	4.951517
122.427200	5.106827
123.442800	5.266635
124.446100	5.426820
125.462900	5.587427
126.448900	5.742487
127.433900	5.896242
128.408600	6.046953
129.382800	6.206251
130.398800	6.379147
131.390200	6.548232
132.407500	6.732283
133.413600	6.922877
134.399900	7.105179
135.412200	7.302514
136.420600	7.500125
137.428800	7.690652
138.428400	7.884120
139.422400	8.077105
140.402200	8.271854
141.383300	8.476507
142.395600	8.694071
143.403700	8.923819
144.412000	9.149000
145.434800	9.375046
146.438400	9.607335
147.436900	9.821427
148.435600	10.047420
149.428000	10.285220
150.437900	10.514160
151.431400	10.756720
152.459700	11.005620
153.450400	11.248840
154.438200	11.498990
155.450200	11.753270
156.440600	12.006710
157.446300	12.254750
158.431100	12.501140
159.410700	12.756220
160.380000	13.010310
161.364500	13.276430
162.388700	13.569040
163.405700	13.852670
164.442800	14.139300
165.447200	14.430580
166.433400	14.699220
167.426300	14.971900
168.417900	15.248150
169.436400	15.524290
170.421700	15.810870
171.412200	16.102580
172.406300	16.406680
173.421700	16.717390
174.429600	17.029000
175.447700	17.351060
176.452300	17.657530
177.423800	17.950410
178.430300	18.249480
179.406600	18.534810
180.379100	18.831170
181.368800	19.146230
182.340800	19.460990
183.353900	19.788110
184.371900	20.116210
185.397200	20.438400
186.416500	20.762880
187.392600	21.081260
188.402200	21.403000
189.392000	21.723530
190.383700	22.031940
191.382400	22.350210
192.362600	22.667620
193.363000	22.992540
194.370600	23.339900
195.384100	23.676180
196.383800	24.011110
197.385000	24.346500
198.380000	24.667210
199.394700	25.002750
200.411700	25.345750
201.415600	25.684360
202.424300	26.025600
203.418600	26.359110
204.411200	26.686940
205.386000	27.015260
206.382300	27.341790
207.399900	27.677410
208.385100	28.005220
209.402300	28.333160
210.399400	28.670550
211.361300	28.996420
212.378100	29.331710
213.379300	29.674190
214.369900	30.004990
215.377300	30.338230
216.369500	30.667590
217.351900	30.995090
218.347400	31.327160
219.358300	31.659900
220.347300	31.992180
221.365900	32.316390
222.368600	32.625560
223.361100	32.936250
224.342200	33.242250
225.329500	33.551480
226.340100	33.883590
227.326200	34.205490
228.365700	34.526450
229.357100	34.843380
230.344100	35.137330
231.345200	35.434750
232.325300	35.724770
233.335300	36.008150
234.330700	36.297150
235.323200	36.581170
236.286800	36.868710
237.288500	37.168330
238.316800	37.464630
239.343000	37.769820
240.382700	38.062020
241.359100	38.333400
242.338800	38.596200
243.326000	38.833540
244.312900	39.078090
245.317000	39.330290
246.334000	39.577780
247.332400	39.842420
248.343600	40.102330
249.351000	40.349320
250.332900	40.600720
251.347700	40.838070
252.348600	41.062760
253.362200	41.279540
254.357400	41.480570
255.345100	41.674670
256.332700	41.856340
257.326400	42.048690
258.344900	42.250600
259.348800	42.433600
260.363900	42.620720
261.368800	42.790000
262.347600	42.927930
263.344000	43.073230
264.348400	43.218590
265.350900	43.354750
266.355300	43.494410
267.348700	43.628380
268.323200	43.746840
269.312300	43.855010
270.323600	43.956720
271.335300	44.050580
272.334600	44.119770
273.328200	44.180010
274.303100	44.241300
275.282200	44.279670
276.286500	44.331280
277.301600	44.390390
278.313200	44.420800
279.330900	44.445200
280.338600	44.451800
281.319500	44.428010
282.313300	44.395460
283.312700	44.356790
284.317700	44.311820
285.314600	44.258040
286.300700	44.199920
287.304700	44.145360
288.297500	44.074050
289.290000	43.995410
290.321400	43.917110
291.304400	43.804450
292.297800	43.675380
293.308200	43.539820
294.279500	43.380370
295.267200	43.224150
296.267200	43.074000
297.280900	42.919010
298.299700	42.757980
299.319200	42.584010
300.349900	42.399620
301.358600	42.199710
302.360200	41.988670
303.369200	41.782550
304.350200	41.559640
305.334800	41.327660
306.342500	41.102190
307.334900	40.861880
308.335900	40.624790
309.343000	40.387630
310.342600	40.140330
311.331700	39.891820
312.309300	39.636220
313.280800	39.379950
314.283400	39.126700
315.294800	38.872440
316.315400	38.627010
317.340200	38.380760
318.324000	38.126500
319.326500	37.872100
320.306000	37.602020
321.275800	37.347890
322.289800	37.097850
323.261700	36.843490
324.265300	36.605880
325.284700	36.358040
326.236700	36.111430
327.269400	35.880500
328.295300	35.643260
329.302200	35.411020
330.348900	35.180000
331.335700	34.941220
332.316000	34.709400
333.313500	34.477470
334.295700	34.251600
335.287400	34.035750
336.279100	33.822800
337.267500	33.612880
338.266200	33.407790
339.262800	33.199380
340.265600	32.998410
341.277800	32.798360
342.281000	32.595850
343.288600	32.399540
344.283700	32.205270
345.263900	32.013370
346.246400	31.829740
347.238000	31.650870
348.252200	31.476260
349.241900	31.304710
350.261800	31.130900
351.277400	30.961050
352.257000	30.790620
353.288900	30.626760
354.313100	30.468110
355.318800	30.306610
356.334000	30.148040
357.341100	29.991750
358.313200	29.833240
359.299900	29.684590
360.279800	29.538200
361.276800	29.391350
362.254800	29.250450
363.260100	29.111280
364.273700	28.975350
365.259200	28.839790
366.277500	28.705930
367.290600	28.573020
368.304500	28.437280
369.289700	28.306270
370.274800	28.178840
371.241800	28.051110
372.242200	27.930040
373.255800	27.812150
374.282600	27.692850
375.283600	27.577180
376.278800	27.462370
377.297600	27.346270
378.282300	27.233580
379.288900	27.122050
380.281300	27.011700
381.260300	26.902780
382.259200	26.794930
383.265500	26.690390
384.251200	26.586160
385.249500	26.484150
386.255000	26.384820
387.248900	26.284050
388.239700	26.186080
389.251900	26.090170
390.237900	25.993690
391.217400	25.899830
392.247000	25.806590
393.247700	25.714140
394.262800	25.622750
395.289700	25.532120
396.277100	25.442840
397.265300	25.353950
398.244300	25.265790
398.775000	25.148530
398.814100	25.023310
398.367500	24.892630
397.413500	24.759450
396.433900	24.652380
395.439100	24.550080
394.421900	24.451160
393.424400	24.352940
392.425800	24.258420
391.407700	24.164810
390.403400	24.073960
389.412500	23.986690
388.387900	23.897990
387.393000	23.812940
386.407400	23.729910
385.423200	23.645850
384.426800	23.564900
383.462500	23.484040
382.459600	23.401460
381.467800	23.319680
380.488800	23.238860
379.464400	23.159550
378.448100	23.081800
377.410000	23.005730
376.396100	22.929970
375.406600	22.851630
374.397200	22.773690
373.419900	22.696760
372.421900	22.619070
371.397800	22.543030
370.446600	22.468780
369.433900	22.392360
368.440600	22.317770
367.436100	22.244700
366.405200	22.172090
365.407600	22.102170
364.383100	22.029950
363.409700	21.957530
362.433000	21.882570
361.449400	21.807630
360.491300	21.736350
359.501400	21.665070
358.505200	21.595230
357.504500	21.525970
356.478000	21.452460
355.479500	21.378620
354.488100	21.304860
353.478000	21.229640
352.493400	21.156830
351.491500	21.082240
350.460600	21.006990
349.452500	20.933430
348.439300	20.857740
347.416500	20.785720
346.414700	20.715680
345.411600	20.643950
344.430000	20.572270
343.429800	20.496440
342.431000	20.417420
341.444500	20.339420
340.442900	20.259630
339.433500	20.182870
338.443300	20.107230
337.414500	20.027640
336.398000	19.951800
335.407400	19.872650
334.400500	19.790770
333.425000	19.712530
332.422900	19.630110
331.432300	19.545210
330.435000	19.458610
329.430100	19.369780
328.424900	19.281840
327.408900	19.194680
326.411100	19.112340
325.439300	19.030970
324.444500	18.940830
323.487600	18.851490
322.491100	18.757970
321.460100	18.657100
320.461800	18.564240
319.449400	18.470490
318.440000	18.370940
317.440600	18.274990
316.452800	18.176260
315.458300	18.075660
314.474100	17.974890
313.479900	17.873750
312.485600	17.769630
311.476300	17.655670
310.463600	17.543470
309.469800	17.434000
308.456700	17.316950
307.463400	17.209410
306.482400	17.106200
305.483500	16.986050
304.485900	16.867710
303.478500	16.740760
302.446500	16.600320
301.444000	16.468040
300.447300	16.334270
299.447800	16.202930
298.461200	16.070620
297.446100	15.937110
296.430800	15.805970
295.426800	15.666920
294.448900	15.528250
293.482900	15.392130
292.493100	15.238310
291.465300	15.082440
290.439700	14.928860
289.410700	14.763670
288.403800	14.607910
287.415600	14.455240
286.441700	14.295730
285.450900	14.136870
284.456800	13.972840
283.471800	13.806250
282.444600	13.633510
281.465800	13.465420
280.491700	13.299150
279.502700	13.120240
278.523700	12.937500
277.504400	12.749100
276.474100	12.539020
275.447500	12.337920
274.452900	12.141210
273.449200	11.932240
272.443500	11.736810
271.457900	11.542590
270.447100	11.339920
269.457000	11.140770
268.471300	10.937590
267.473100	10.720290
266.471600	10.490860
265.466200	10.256590
264.478600	10.022420
263.497100	9.786008
262.504600	9.558733
261.519800	9.344818
260.516900	9.114126
259.509600	8.882673
258.507500	8.649464
257.497500	8.393885
256.506900	8.139901
255.516100	7.888982
254.522200	7.627959
253.520200	7.366421
252.510700	7.105299
251.507900	6.844069
250.483800	6.580975
249.493400	6.316652
248.508200	6.055020
247.491100	5.774590
246.509700	5.485156
245.505500	5.202963
244.481700	4.907769
243.494000	4.620955
242.517700	4.350299
241.527500	4.066304
240.525900	3.784086
239.511300	3.493190
238.495600	3.192205
237.484800	2.890313
236.470600	2.580377
235.466800	2.274065
234.454800	1.962590
233.470300	1.648203
232.483700	1.348811
231.519900	1.050781
230.546200	0.751689
229.563900	0.461598
228.589700	0.148243
227.590100	-0.178766
226.588300	-0.513978
225.552000	-0.863285
224.537600	-1.200518
223.520000	-1.531115
222.518800	-1.855497
221.545500	-2.171938
220.542300	-2.494071
219.557700	-2.818756
218.561800	-3.145139
217.552300	-3.482437
216.571300	-3.822549
215.572000	-4.171686
214.564600	-4.524879
213.568000	-4.868648
212.561300	-5.213566
211.549000	-5.545247
210.569700	-5.870562
209.563200	-6.211218
208.571700	-6.548674
207.578500	-6.897411
206.574900	-7.258487
205.604000	-7.608450
204.621200	-7.956820
203.632900	-8.303365
202.618300	-8.647057
201.615300	-8.994650
200.607500	-9.343318
199.600900	-9.697851
198.605200	-10.050730
197.615600	-10.401300
196.614800	-10.771490
195.603700	-11.136630
194.603600	-11.497430
193.577000	-11.864650
192.565300	-12.207370
191.597900	-12.539790
190.599800	-12.881660
189.593600	-13.225930
188.592000	-13.577280
187.582000	-13.940320
186.580300	-14.303280
185.574300	-14.660570
184.578900	-15.008980
183.571800	-15.359730
182.561900	-15.699830
181.582600	-16.021800
180.579200	-16.355830
179.571000	-16.679210
178.605000	-16.997860
177.597200	-17.342200
176.599500	-17.686710
175.615100	-18.032960
174.583100	-18.384090
173.578400	-18.721010
172.572400	-19.044080
171.568300	-19.357730
170.583800	-19.671700
169.588400	-19.988360
168.578400	-20.298740
167.582700	-20.621120
166.600300	-20.941760
165.604500	-21.247230
164.610500	-21.567160
163.580200	-21.877640
162.553600	-22.172520
161.548000	-22.468420
160.548000	-22.749040
159.553300	-23.021290
158.547400	-23.299630
157.555100	-23.582620
156.572900	-23.869670
155.596400	-24.152770
154.607400	-24.427570
153.602500	-24.691910
152.617400	-24.934910
151.626100	-25.179160
150.619400	-25.424600
149.635500	-25.669110
148.613100	-25.931040
147.589100	-26.183360
146.584100	-26.424280
145.574200	-26.661100
144.543900	-26.881110
143.553500	-27.092410
142.536800	-27.297460
141.528700	-27.484250
140.566300	-27.659090
139.554200	-27.836030
138.579200	-28.007620
137.569100	-28.184050
136.555300	-28.353940
135.565200	-28.511010
134.555200	-28.659960
133.567800	-28.786470
132.575900	-28.919250
131.561100	-29.045610
130.556400	-29.157170
129.552300	-29.270990
128.545700	-29.360030
127.565500	-29.421790
126.590300	-29.479190
125.610400	-29.529560
124.616700	-29.578790
123.595900	-29.633450
122.592200	-29.685030
121.574900	-29.728600
120.582100	-29.750810
119.604900	-29.769930
118.590000	-29.773770
117.598100	-29.749590
116.616400	-29.723730
115.612300	-29.679500
114.628000	-29.618960
113.632900	-29.568960
112.622600	-29.512350
111.636700	-29.450230
110.647600	-29.382380
109.639200	-29.292710
108.644100	-29.185930
107.656800	-29.059850
106.659600	-28.922580
105.657200	-28.782030
104.674600	-28.627670
103.680300	-28.473340
102.692200	-28.314410
101.714700	-28.141090
100.712400	-27.975830
99.701460	-27.801710
98.682030	-27.616140
97.659210	-27.425930
96.627660	-27.215080
95.610980	-26.995760
94.608380	-26.776520
93.626650	-26.554110
92.621000	-26.337070
91.609280	-26.116560
90.617490	-25.887050
89.605670	-25.654470
88.623090	-25.408030
87.631130	-25.161320
86.633730	-24.913980
85.641940	-24.662320
84.628900	-24.419410
83.636560	-24.173190
82.615520	-23.927870
81.613530	-23.691410
80.615800	-23.449600
79.614940	-23.208510
78.626630	-22.968630
77.653990	-22.719810
76.690280	-22.472910
75.696090	-22.231300
74.701310	-21.995160
73.698330	-21.769450
72.674960	-21.546860
71.651170	-21.328630
70.648270	-21.107750
69.638370	-20.884150
68.649400	-20.666890
67.660610	-20.445250
66.657640	-20.227910
65.658300	-20.019520
64.659180	-19.809610
63.683050	-19.606680
62.701160	-19.412440
61.694860	-19.219430
60.675320	-19.029480
59.656160	-18.841910
58.652840	-18.652560
57.659270	-18.465360
56.680320	-18.279070
55.700100	-18.100430
54.695760	-17.924150
53.706660	-17.750500
52.710610	-17.585860
51.704240	-17.419510
50.724770	-17.254330
49.719900	-17.097080
48.711530	-16.937150
47.715260	-16.780180
46.714170	-16.629640
45.706280	-16.478950
44.704020	-16.331860
43.702950	-16.188510
42.697960	-16.047730
41.685740	-15.909220
40.690760	-15.771120
39.690540	-15.635870
38.659970	-15.500050
37.686100	-15.365330
36.691680	-15.235870
35.690360	-15.107870
34.697180	-14.981480
33.667030	-14.859800
32.647980	-14.739080
31.669270	-14.619280
30.681190	-14.502610
29.711300	-14.386300
28.718650	-14.271210
27.707590	-14.158270
26.715430	-14.048170
25.705190	-13.940690
24.729530	-13.833860
23.724760	-13.731600
22.737200	-13.630300
21.761920	-13.528900
20.748460	-13.430150
19.755230	-13.330710
18.752810	-13.231520
17.738670	-13.134770
16.743250	-13.039170
15.756800	-12.945040
14.748880	-12.852740
13.756420	-12.762300
12.775030	-12.672600
11.754180	-12.584040
10.764730	-12.496710
9.747952	-12.411250
8.740623	-12.326220
7.756802	-12.243460
6.739913	-12.162400
5.762416	-12.081300
4.764430	-12.003070
3.768673	-11.924680
2.806449	-11.847190
1.804633	-11.771810
0.815315	-11.695220
-0.184058	-11.620350
-1.147685	-11.544620
-2.099574	-11.470040
-3.075172	-11.398760
-4.040186	-11.327170
-5.052272	-11.259180
-6.068799	-11.190550
-7.073026	-11.120600
-8.080703	-11.053670
-9.122490	-10.985220
-10.137180	-10.919290
-11.137180	-10.855590
-12.142040	-10.790710
-13.110030	-10.728060
-14.083430	-10.665060
-15.085470	-10.602680
-16.096580	-10.541780
-17.092660	-10.480770
-18.116560	-10.422230
-19.141940	-10.362480
-20.125600	-10.304030
-21.145950	-10.246360
-22.161210	-10.188360
-23.140720	-10.130670
-24.139610	-10.073850
-25.145230	-10.018080
-26.100470	-9.962898
-27.094320	-9.910296
-28.101540	-9.856860
-29.084470	-9.803892
-30.112530	-9.751664
-31.129800	-9.699446
-32.125910	-9.648024
-33.112350	-9.597009
-34.104020	-9.546281
-35.101540	-9.495966
-36.095120	-9.446688
-37.093000	-9.398763
-38.104790	-9.350730
-39.089490	-9.303066
-40.081650	-9.256155
-41.096840	-9.208891
-42.069990	-9.161535
-43.058270	-9.115463
-44.065350	-9.069952
-45.055360	-9.024734
-46.067180	-8.981333
-47.071440	-8.937860
-48.066070	-8.893993
-49.068550	-8.851340
-50.043260	-8.808214
-51.047290	-8.765584
-52.017340	-8.723231
-53.008210	-8.681309
-54.044610	-8.639934
-55.041310	-8.598927
-56.073520	-8.559215
-57.100700	-8.519348
-58.070750	-8.479594
-59.067810	-8.440039
-60.058620	-8.399998
-61.037560	-8.359163
-62.053390	-8.320358
-63.060110	-8.281894
-64.066040	-8.244628
-65.068020	-8.209743
-66.077290	-8.173948
-67.088000	-8.138783
-68.086530	-8.103112
-69.097280	-8.066584
-70.088820	-8.030939
-71.073500	-7.994241
-72.080210	-7.958586
-73.080730	-7.922627
-74.080520	-7.887032
-75.067980	-7.852867
-76.060650	-7.818680
-77.048570	-7.785571
-78.056480	-7.751822
-79.086500	-7.717418
-80.097490	-7.683712
-81.097270	-7.649775
-82.075280	-7.617136
-83.067470	-7.586131
-84.048590	-7.555255
-85.050420	-7.525238
-86.051200	-7.494846
-87.029390	-7.464250
-88.024980	-7.433335
-89.028090	-7.402360
-90.009560	-7.371454
-91.023760	-7.340825
-92.036360	-7.310234
-93.020580	-7.280068
-94.049090	-7.250636
-95.031910	-7.220791
-96.037430	-7.191828
-97.049530	-7.163491
-98.044050	-7.133860
-99.046130	-7.105380
-100.032300	-7.076771
-101.024800	-7.048709
-102.033800	-7.021910
-103.032600	-6.995432
-104.028700	-6.969789
-105.036200	-6.943552
-105.993800	-6.917266
-107.009300	-6.891460
-108.032600	-6.865228
-109.022900	-6.837999
-110.060900	-6.811890
-111.068900	-6.784782
-112.046600	-6.757416
-113.050700	-6.731183
-114.041300	-6.704874
-115.025400	-6.678914
-116.029800	-6.654053
-117.025700	-6.629048
-118.040600	-6.603945
-119.065700	-6.578794
-120.095100	-6.554311
-121.108500	-6.530543
-122.109200	-6.507240
-123.092900	-6.484936
-124.076100	-6.462438
-125.068400	-6.439523
-126.063900	-6.417088
-127.061300	-6.394358
-128.033400	-6.371415
-129.017600	-6.349092
-130.021100	-6.326456
-131.029200	-6.303604
-132.048800	-6.280038
-133.063000	-6.257440
-134.047400	-6.234547
-135.016900	-6.211959
-136.019100	-6.190761
-137.024400	-6.168555
-138.031100	-6.146172
-139.049100	-6.124591
-140.056900	-6.103195
-141.040600	-6.082269
-142.041900	-6.062760
-143.043900	-6.042804
-144.035400	-6.022790
-145.043700	-6.002740
-146.044700	-5.982106
-147.049800	-5.962407
-148.047900	-5.942154
-149.045100	-5.922494
-150.035500	-5.902992
-151.032300	-5.882452
-152.025700	-5.862539
-153.009100	-5.842585
-153.986800	-5.822489
-154.960400	-5.804013
-155.966500	-5.785104
-156.973600	-5.766626
-158.013000	-5.747879
-159.034700	-5.728482
-160.034100	-5.709658
-161.058500	-5.690715
-162.060600	-5.672375
-163.060200	-5.653477
-164.050700	-5.634138
-165.035500	-5.615706
-166.019900	-5.598536
-167.019500	-5.581452
-168.037100	-5.566620
-169.056500	-5.550235
-170.057500	-5.533173
-171.053600	-5.516265
-172.032700	-5.497762
-173.004100	-5.480273
-173.996900	-5.463223
-174.991800	-5.446794
-176.014100	-5.430856
-177.030600	-5.415117
-178.031700	-5.398838
-179.025300	-5.382957
-180.010300	-5.367391
-180.995100	-5.351931
-181.996900	-5.336191
-183.001400	-5.319463
-183.986300	-5.302821
-184.984700	-5.286052
-185.972900	-5.269322
-186.983000	-5.254559
-187.996800	-5.238688
-188.994000	-5.222573
-189.986600	-5.207059
-190.960300	-5.189906
-191.948200	-5.173637
-192.937200	-5.158175
-193.949100	-5.142687
-194.948800	-5.128669
-195.948600	-5.114980
-196.940800	-5.102503
