"Version:",9
"Fecha:","05-18-2016"
"Hora:","16:32:09"
"Operador:",""
"HP:",0
"vitramo(6)",-200
"vitramo(7)",-200
"MaxCh",0
"Método:",0
"Técnica:","2-VC",2
"Vinicial:",-200
"Vfinal:",400
"ScanRate:",50
"Rango:",4
"FiltroHard:",1
"SampleRate:",50
"RampStep:",1
"NumCiclos:",1
"AcqConf:",0
"ScanDir:",-32000
"ICellCond.",2
"SoftFilter:",1
"Loop Ini",4
"CountV:",1200
"CountI:",1200
"CountI2:",0
"Xfreq:",10
"SamplesSec",50
20
1,1,0,0,0
0,0,0,0,0
0,0,0,0,0
0,0,0,0,0
0,0,0,0,0
0,0,0,0,0
0,0,0,0,0
0,0,0,0,0
0,0,0,0,0
0,0,0,0,0
0,0,0,0,0
0,0,0,0,0
0,0,0,0,0
0,0,0,0,0
0,0,0,0,0
0,0,0,0,0
0,0,0,0,0
0,0,0,0,0
0,0,0,0,0
0,0,0,0,0
0,0,0,0,0
"Xaxis:",1
"Yxais:",2
"Ymin:",-500
"Ymax:",500
"Xmin:",-200
"Xmax:",400
"Grilla:",1
"BackColor:",15780518
"Pen Color:",255
"E1:",1
"E2:",1
"E3:",0
"E4:",0
"P1:",-200
"P2:",400
"P3:",-7.8125
"P4:",7.8125
"P5:",0
"P6:",0
"P7:",0
"P8:",0
"PretreatEn:",0
"P10:",20
"P11:",0
"P12:",1
"P13:",0
"P14:",-196.9942
"P15:",0
"P16:",0
"Auto Integ",0
"Auto Write",0
"Peak List",0
"Graph Write",0
"Graph names",0
"Graph numbers",0
"Graph Ret.Time",0
"Automatic Save",0
"SaveFilename",0
"Sufix StartNum",0
"E1",0
"E2",0
"E3",0
"E4",0
"Comentario:",""
7
10,0,0,0,0,0,0,10,1,0,1,1,0,0,0,0,99999,-99999
10,0,0,0,0,0,0,10,1,0,1,1,0,0,0,0,99999,-99999
10,0,0,0,0,0,0,10,1,0,1,1,0,0,0,0,99999,-99999
10,-200,0,5000,0,0,0,50,4,10,1,1,0,0,0,0,99999,-99999
3,-200,400,12000,1,50,0,50,4,10,1,1,0,0,0,0,99999,-99999
3,400,-200,12000,-1,50,0,50,4,2,1,1,0,0,0,0,99999,-99999
3,-200,-200,0,0,50,0,50,4,0,1,1,0,0,0,0,99999,-99999
3,-200,0,0,0,50,0,50,4,0,1,1,0,0,0,0,99999,-99999
10000
1
50
1
0
0
0
0
1
0
10
0
0
4
4
0
0
1
250
8
8
0
254
0
0
0
0
0
0
0
0
0
9000.1,4,4,0,0,1
10000,4,4,0,0,1
10999.9,4,4,0,0,1
11999.8,4,4,0,0,1
12999.7,4,4,0,0,1
13999.6,4,4,0,0,1
14999.5,4,4,0,0,1
15999.4,4,4,0,0,1
16999.3,4,4,0,0,1
17999.2,4,4,0,0,1
18999.1,4,4,0,0,1
-199.5112
-199.2781
-198.8242
-198.1024
-197.1374
-196.1498
-195.143
-194.1313
-193.1188
-192.1174
-191.1185
-190.1425
-189.1519
-188.1518
-187.1642
-186.1526
-185.1603
-184.1643
-183.1234
-182.1304
-181.1112
-180.1191
-179.1569
-178.1584
-177.1874
-176.1807
-175.1641
-174.1743
-173.1523
-172.1759
-171.1886
-170.1693
-169.1837
-168.1877
-167.1895
-166.2323
-165.2307
-164.2102
-163.1997
-162.1697
-161.1511
-160.1604
-159.1609
-158.1736
-157.1832
-156.1778
-155.179
-154.1625
-153.1719
-152.1604
-151.1406
-150.1363
-149.1313
-148.1498
-147.1976
-146.224
-145.2285
-144.2272
-143.2035
-142.1953
-141.1968
-140.2079
-139.2254
-138.2329
-137.2372
-136.2537
-135.2412
-134.2407
-133.2344
-132.2005
-131.1973
-130.1837
-129.1978
-128.2085
-127.2277
-126.2454
-125.2292
-124.2229
-123.2122
-122.201
-121.2072
-120.2086
-119.2195
-118.2371
-117.233
-116.2548
-115.2548
-114.2404
-113.2629
-112.2105
-111.1845
-110.1781
-109.1457
-108.1886
-107.1979
-106.1999
-105.209
-104.2111
-103.2103
-102.2033
-101.1996
-100.1881
-99.18435
-98.18595
-97.19238
-96.20201
-95.21562
-94.21637
-93.22282
-92.19672
-91.1955
-90.19656
-89.20199
-88.23297
-87.22929
-86.24569
-85.25948
-84.24708
-83.24292
-82.23925
-81.21381
-80.2262
-79.23634
-78.25163
-77.25124
-76.25041
-75.26737
-74.23611
-73.224
-72.2224
-71.20372
-70.23917
-69.25523
-68.27447
-67.28362
-66.26359
-65.27227
-64.26421
-63.27506
-62.28492
-61.27077
-60.26641
-59.26464
-58.24047
-57.24424
-56.21805
-55.19277
-54.21677
-53.22977
-52.23047
-51.24807
-50.23684
-49.23253
-48.23755
-47.23905
-46.25677
-45.24589
-44.25157
-43.24945
-42.21794
-41.2118
-40.22326
-39.20285
-38.20872
-37.23139
-36.21389
-35.21475
-34.22684
-33.21087
-32.22717
-31.23584
-30.24003
-29.24284
-28.23461
-27.24508
-26.2374
-25.23648
-24.24832
-23.23281
-22.24452
-21.26669
-20.27183
-19.28411
-18.27901
-17.2765
-16.26367
-15.24876
-14.23762
-13.23879
-12.23625
-11.23334
-10.23717
-9.23486
-8.228207
-7.220017
-6.224855
-5.200188
-4.182407
-3.21929
-2.245971
-1.292068
-.3514893
.6286322
1.625925
2.623976
3.61833
4.614895
5.613426
6.606327
7.609992
8.602496
9.599194
10.58356
11.58523
12.60344
13.58955
14.61087
15.59848
16.57593
17.57159
18.55676
19.54585
20.56274
21.57535
22.59723
23.62101
24.6146
25.59698
26.58136
27.56114
28.56784
29.58721
30.58306
31.58939
32.55557
33.52566
34.54578
35.54642
36.56738
37.59177
38.56969
39.5621
40.54493
41.5492
42.54354
43.54019
44.5564
45.53493
46.54651
47.57748
48.59192
49.60844
50.61012
51.58912
52.55848
53.55177
54.5295
55.5175
56.53576
57.52794
58.52102
59.51932
60.5024
61.50471
62.50462
63.51245
64.51413
65.51849
66.55067
67.5565
68.55457
69.54271
70.52302
71.49132
72.4931
73.51466
74.50961
75.52105
76.51331
77.48343
78.49017
79.49123
80.46355
81.45164
82.44498
83.43528
84.45473
85.47496
86.48254
87.50245
88.48818
89.48324
90.45242
91.44283
92.46295
93.45579
94.44803
95.44905
96.45428
97.47476
98.50555
99.52107
100.5234
101.505
102.5048
103.4844
104.4891
105.4948
106.4838
107.4898
108.4618
109.4635
110.4612
111.4854
112.5022
113.4974
114.5054
115.4735
116.4752
117.4746
118.4571
119.4821
120.4687
121.4819
122.4938
123.4718
124.4687
125.4509
126.4478
127.4306
128.4311
129.4227
130.4309
131.4389
132.44
133.4561
134.4249
135.42
136.4316
137.4212
138.4523
139.4536
140.4538
141.4548
142.4442
143.4569
144.4709
145.4718
146.472
147.4587
148.4364
149.4486
150.4713
151.4954
152.4917
153.4755
154.4485
155.4278
156.429
157.4137
158.4134
159.3934
160.3973
161.4194
162.435
163.4409
164.4323
165.4234
166.4124
167.4261
168.4292
169.4468
170.4494
171.4357
172.4343
173.4116
174.3939
175.4242
176.4249
177.4352
178.4313
179.3954
180.3897
181.3905
182.3925
183.4144
184.4016
185.3987
186.4045
187.3872
188.4108
189.418
190.4232
191.4244
192.4026
193.3992
194.4201
195.4241
196.4392
197.4251
198.4027
199.4165
200.4228
201.452
202.4744
203.4711
204.4678
205.4504
206.4005
207.3811
208.3756
209.3726
210.389
211.3961
212.385
213.389
214.4152
215.397
216.3898
217.3875
218.3615
219.3681
220.3842
221.3606
222.3733
223.3841
224.3987
225.4124
226.4007
227.3815
228.3427
229.329
230.3207
231.3087
232.3193
233.2996
234.2993
235.3152
236.2872
237.3135
238.3127
239.321
240.3493
241.3407
242.3274
243.3065
244.3035
245.2918
246.3045
247.298
248.3097
249.3132
250.3113
251.3492
252.3387
253.3408
254.3641
255.338
256.3431
257.3464
258.3302
259.3216
260.3162
261.3378
262.3415
263.3668
264.3646
265.3442
266.3415
267.3224
268.3148
269.3329
270.327
271.3473
272.3533
273.345
274.3515
275.3201
276.321
277.3017
278.2935
279.3234
280.3245
281.3118
282.3027
283.2903
284.269
285.2871
286.2708
287.2521
288.2511
289.2505
290.2881
291.2869
292.3026
293.2973
294.2701
295.2602
296.2429
297.2563
298.2655
299.291
300.3098
301.2959
302.3023
303.3358
304.3409
305.3363
306.3199
307.2691
308.2458
309.2588
310.2651
311.2843
312.3018
313.3095
314.3065
315.2954
316.2888
317.2722
318.2677
319.272
320.2747
321.2806
322.2927
323.2859
324.2811
325.2694
326.2558
327.2662
328.2741
329.2923
330.2986
331.2903
332.2888
333.2672
334.2619
335.2571
336.251
337.2555
338.2632
339.2734
340.2597
341.2805
342.2758
343.2964
344.3092
345.2726
346.2765
347.2586
348.2553
349.2802
350.2734
351.2809
352.278
353.2752
354.2992
355.269
356.2855
357.2859
358.2632
359.2809
360.2761
361.274
362.269
363.2573
364.2437
365.2231
366.2064
367.2188
368.2097
369.2152
370.2446
371.2479
372.2678
373.278
374.2631
375.2636
376.2596
377.2547
378.2623
379.2559
380.2727
381.2818
382.2837
383.2917
384.2773
385.2722
386.2789
387.2592
388.2351
389.2375
390.2125
391.215
392.2442
393.242
394.2463
395.2417
396.2327
397.2352
398.2497
398.7864
398.8123
398.3602
397.4072
396.4179
395.4162
394.3914
393.3595
392.3497
391.3562
390.3597
389.3859
388.3854
387.398
386.4239
385.4004
384.4144
383.4197
382.426
381.4599
380.4693
379.4628
378.4431
377.4174
376.4372
375.4265
374.4099
373.4278
372.3846
371.375
370.414
369.3905
368.4119
367.4274
366.4056
365.4258
364.4142
363.4329
362.4208
361.4233
360.4486
359.4205
358.4384
357.4428
356.427
355.428
354.4215
353.4076
352.4026
351.4174
350.4162
349.4295
348.4347
347.4435
346.4543
345.452
344.4511
343.4304
342.4049
341.4105
340.4122
339.4138
338.4488
337.4294
336.4091
335.4102
334.3903
333.4106
332.4358
331.4271
330.4334
329.3994
328.3918
327.4279
326.4159
325.446
324.4462
323.4096
322.4138
321.4014
320.3891
319.4158
318.44
317.442
316.4525
315.4358
314.4089
313.4163
312.436
311.4382
310.4556
309.4434
308.4274
307.4651
306.4854
305.5035
304.5055
303.4751
302.4333
301.4037
300.409
299.4257
298.4429
297.4521
296.4495
295.4264
294.434
293.4557
292.45
291.4391
290.4261
289.4113
288.4112
287.4337
286.436
285.4337
284.4354
283.4229
282.4067
281.4128
280.4391
279.4415
278.4646
277.4796
276.4569
275.4563
274.4534
273.436
272.4567
271.4513
270.4641
269.4816
268.4653
267.4955
266.484
265.4606
264.4543
263.45
262.4547
261.488
260.4996
259.4843
258.4856
257.4713
256.4748
255.4886
254.4883
253.5023
252.4793
251.4352
250.4233
249.4006
248.4053
247.4494
246.4404
245.4216
244.4259
243.4121
242.4411
241.4694
240.4759
239.4832
238.4822
237.5119
236.5213
235.5209
234.5031
233.4572
232.4483
231.4618
230.4716
229.5038
228.5055
227.5151
226.5348
225.5252
224.5332
223.5169
222.4994
221.5079
220.5259
219.5539
218.5807
217.577
216.5682
215.5578
214.5521
213.5552
212.5527
211.54
210.5393
209.5324
208.5426
207.5635
206.565
205.5831
204.5835
203.5836
202.5769
201.5643
200.5655
199.5558
198.5667
197.591
196.5949
195.5842
194.5734
193.5504
192.5393
191.5551
190.5517
189.5481
188.5393
187.532
186.5325
185.5251
184.535
183.5016
182.502
181.5327
180.5404
179.5672
178.6067
177.5901
176.5692
175.5811
174.5337
173.5117
172.5066
171.5084
170.5148
169.5409
168.5691
167.5773
166.5873
165.5984
164.591
163.5637
162.551
161.5427
160.5327
159.5494
158.587
157.59
156.6147
155.6134
154.6029
153.6026
152.6069
151.6094
150.6117
149.6126
148.5959
147.6059
146.596
145.5865
144.5826
143.5854
142.5695
141.5706
140.5746
139.5743
138.5788
137.5862
136.5813
135.5703
134.5576
133.5604
132.5495
131.5414
130.5781
129.5764
128.597
127.623
126.6326
125.6461
124.6443
123.6181
122.5703
121.5628
120.5863
119.601
118.6171
117.6192
116.5996
115.6029
114.6318
113.6245
112.6244
111.608
110.5952
109.6155
108.6252
107.6357
106.634
105.6158
104.6171
103.6278
102.631
101.643
100.6408
99.62582
98.62492
97.63074
96.62216
95.61811
94.60314
93.59122
92.60722
91.64287
90.64334
89.64856
88.63031
87.60528
86.61098
85.61072
84.6128
83.62029
82.61947
81.60873
80.58851
79.59048
78.57874
77.58544
76.63454
75.65039
74.6725
73.68308
72.68959
71.67229
70.66808
69.67239
68.6396
67.631
66.62551
65.6275
64.64295
63.65977
62.68399
61.67085
60.64991
59.64691
58.64204
57.64219
56.64457
55.66677
54.66413
53.70483
52.73114
51.73991
50.76294
49.72272
48.7237
47.68945
46.66246
45.67179
44.67128
43.68781
42.67384
41.67179
40.63956
39.64452
38.63887
37.64932
36.6685
35.62939
34.66591
33.65733
32.66007
31.70017
30.70879
29.71232
28.70436
27.70296
26.69268
25.70012
24.73895
23.72944
22.73484
21.74393
20.70932
19.70785
18.6868
17.68883
16.7117
15.73035
14.76154
13.74881
12.75063
11.74945
10.72693
9.7359
8.725614
7.717408
6.738707
5.741431
4.747127
3.76443
2.759163
1.737881
.7461861
-.2323834
-1.188202
-2.105666
-3.066289
-4.038436
-5.016346
-6.054187
-7.064225
-8.083922
-9.110768
-10.10895
-11.11022
-12.11077
-13.11047
-14.09403
-15.07994
-16.07476
-17.08516
-18.08901
-19.1035
-20.11658
-21.12028
-22.12195
-23.13109
-24.12429
-25.1167
-26.11073
-27.09809
-28.10486
-29.09152
-30.10861
-31.10344
-32.09628
-33.10088
-34.09649
-35.0984
-36.08909
-37.07948
-38.06825
-39.04677
-40.0617
-41.0655
-42.06021
-43.07096
-44.05102
-45.06384
-46.0787
-47.07235
-48.08079
-49.09423
-50.08456
-51.10094
-52.11007
-53.0849
-54.09632
-55.10291
-56.09398
-57.11625
-58.12089
-59.12355
-60.15074
-61.13517
-62.12589
-63.13429
-64.10913
-65.12119
-66.1094
-67.10732
-68.11333
-69.10271
-70.12141
-71.10043
-72.09987
-73.10745
-74.11443
-75.12971
-76.1356
-77.10789
-78.0825
-79.07877
-80.0761
-81.09883
-82.09686
-83.0909
-84.06627
-85.03723
-86.05709
-87.04149
-88.0419
-89.07054
-90.06713
-91.07404
-92.10706
-93.09398
-94.06732
-95.07397
-96.03214
-97.04
-98.06519
-99.06123
-100.071
-101.0527
-102.0367
-103.03
-104.0234
-105.0312
-106.0322
-107.037
-108.0456
-109.0671
-110.0764
-111.0928
-112.1095
-113.1154
-114.0972
-115.0766
-116.0552
-117.0347
-118.0781
-119.0902
-120.1194
-121.1257
-122.106
-123.1183
-124.0959
-125.0854
-126.078
-127.0623
-128.0524
-129.0569
-130.0554
-131.0495
-132.0746
-133.0708
-134.0697
-135.0732
-136.0805
-137.0902
-138.1009
-139.0832
-140.0746
-141.0482
-142.0235
-143.0432
-144.0403
-145.0584
-146.0681
-147.0589
-148.0472
-149.0585
-150.0477
-151.0364
-152.0353
-153.0024
-153.9872
-154.9934
-155.9831
-156.9682
-157.9917
-158.9979
-160.0043
-161.0482
-162.038
-163.0354
-164.0538
-165.025
-166.0272
-167.025
-168.001
-169.0136
-170.0057
-171.0133
-172.0266
-173.0205
-174.0382
-175.0383
-176.0345
-177.0222
-178.0101
-178.9836
-179.9689
-180.9658
-181.9773
-183.0076
-184.0228
-185.0397
-186.0355
-187.009
-188.0034
-188.9867
-189.984
-190.9769
-191.9513
-192.9622
-193.9578
-194.9747
-195.994
-196.9942
-.1086764
-.1004045
-0.089899
-0.078676
-0.067071
-0.063638
-0.061078
-.0585447
-0.055010
-0.050987
-.0470071
-0.043214
-0.039821
-0.036535
-0.033541
-0.031630
-0.030491
-0.030869
-0.031558
-0.032257
-0.032957
-0.032174
-0.032285
-0.030728
-0.028709
-.0252001
-0.021212
-0.019422
-0.018351
-0.019993
-0.020794
-0.019866
-0.020068
-0.019041
-.0185395
-0.018222
-0.015582
-0.012771
-0.010111
-0.007820
-0.006584
-0.006202
-0.006436
-0.006971
-0.006051
-0.006436
-0.005443
-0.003806
-0.003034
-0.000881
0.000708
0.001710
0.003866
0.004862
0.005001
0.004773
0.002922
0.002381
0.003125
0.004570
0.006142
0.007406
0.008773
0.011230
0.013237
0.015089
0.015189
0.013774
0.012685
0.012013
0.012123
0.012414
0.012835
0.013408
.0139527
0.016291
0.019658
0.020065
.0196535
0.017933
0.014257
0.014288
0.015625
0.016825
0.019305
0.020094
0.021745
0.023954
0.026141
0.028280
0.027450
0.026501
0.025164
0.023979
0.024215
0.024543
.0251282
0.025976
0.028587
0.029821
0.031354
0.032819
0.033801
0.034389
0.033967
0.033245
.0311703
0.030307
.0306315
0.031375
0.032754
0.033502
0.033723
0.035536
0.037367
0.038706
0.039362
0.037515
0.036038
0.035573
0.035880
0.037130
0.037842
0.037950
0.039247
0.040190
0.042845
0.044012
0.043229
0.041493
0.039769
0.040020
0.040183
.0429158
0.042419
0.042322
0.044320
0.044415
0.045288
0.046752
0.046203
0.045284
0.045811
0.048249
0.048899
0.051828
0.053995
0.052349
0.053829
0.054548
0.054131
0.055510
0.056476
0.056357
.0561807
0.054894
0.054446
0.053564
0.054664
0.056160
0.056311
0.057252
.0582675
0.059537
0.061557
0.062968
0.063110
0.061614
0.059676
0.058540
0.057933
0.058315
0.059423
0.059932
0.060675
0.062950
0.064317
0.065528
0.065062
0.063596
0.062276
0.061758
0.062355
0.062583
0.063192
0.064026
0.065455
0.066761
0.068288
0.067814
0.067841
0.067575
.0666476
0.067296
0.066785
0.066872
0.068293
0.070706
0.071668
0.073085
0.073634
0.073289
0.074896
0.076067
0.075700
0.074631
0.074566
0.074260
0.075606
0.078388
0.080437
0.081305
0.082142
0.082518
0.083101
0.084294
0.084029
0.082382
0.080343
0.078622
0.079418
0.080274
0.082110
0.085170
0.086488
0.089704
0.092511
0.093155
0.093165
0.092368
0.091252
0.091017
0.092205
0.094217
.0958368
0.098896
.1027824
.1047826
.1075745
.1093555
.1089588
.1096908
.1105232
.110609
.1119967
.1128456
.1151083
.1176144
.1206116
.1246414
.1262665
.1291441
.1320435
.1337509
.1356272
.1372055
.1382675
.1411504
.1440939
.1472739
.1510456
.1532173
.1565567
.160421
.1640064
.1681757
.171198
.1726481
.1745114
.1755752
.1794153
.1831895
.1873597
.1942897
.1999186
.2071829
.2146171
.2192134
.2238358
.2273813
.2310611
.2361027
.2407043
.2470002
.255764
.2639925
.2756921
.2865809
.2941164
.3041667
.3110508
.3164137
.3238063
.3307276
.3395253
.3488678
.3592316
.3714414
.3826784
.396827
.4100225
.4196526
.4269361
.4374012
.4475701
.4585655
.4714692
.4822003
.4939172
.5071864
.5231419
.5415549
.5598406
.578886
.5960629
.6095392
.6243226
.638536
.6557848
.6765376
.6951689
.7187717
.7409788
.7621587
.7881999
.8107129
.8333074
.8578725
.8813652
.9052157
.9308307
.9589311
.9891286
1.016862
1.048239
1.078698
1.104236
1.136314
1.172406
1.207034
1.246971
1.285402
1.318852
1.353321
1.38977
1.428702
1.462447
1.499518
1.541253
1.57885
1.627705
1.681384
1.725307
1.771063
1.813536
1.849011
1.889188
1.93196
1.977548
2.023611
2.073754
2.130143
2.182245
2.235082
2.293733
2.337605
2.382779
2.431306
2.471723
2.521797
2.575142
2.631899
2.688941
2.742463
2.796844
2.844725
2.892917
2.948129
2.991662
3.039593
3.092284
3.136138
3.189291
3.240568
3.283806
3.328406
3.369126
3.407689
3.45429
3.500899
3.552962
3.600537
3.639193
3.677763
3.710158
3.742935
3.779577
3.807655
3.83835
3.871062
3.900843
3.939222
3.969668
3.997991
4.021842
4.03608
4.051298
4.063718
4.077045
4.096714
4.113847
4.132118
4.151262
4.159375
4.171199
4.179228
4.178001
4.182132
4.182225
4.178628
4.183567
4.188419
4.190978
4.191381
4.185984
4.178213
4.168658
4.16335
4.159957
4.148314
4.139285
4.127756
4.109384
4.098281
4.086143
4.066062
4.049774
4.031869
4.013611
4.000059
3.985206
3.970734
3.94999
3.930446
3.911013
3.887534
3.868112
3.850191
3.828678
3.809606
3.790295
3.76926
3.750147
3.730885
3.711865
3.688261
3.663655
3.641201
3.616246
3.595642
3.576764
3.555245
3.534981
3.515172
3.491045
3.470072
3.448042
3.425277
3.40444
3.38195
3.360789
3.34206
3.322808
3.305925
3.286732
3.265457
3.246182
3.225282
3.207633
3.189659
3.168941
3.150508
3.131063
3.111755
3.094593
3.077311
3.0583
3.041192
3.024774
3.009114
2.994142
2.978759
2.961622
2.942574
2.925469
2.908727
2.890837
2.875378
2.861065
2.846174
2.835565
2.822695
2.808521
2.794
2.778087
2.764268
2.748619
2.734313
2.720469
2.70554
2.694464
2.684014
2.671702
2.662017
2.650137
2.636819
2.625576
2.612801
2.600595
2.588692
2.576751
2.565865
2.555073
2.544634
2.534516
2.522792
2.512762
2.503405
2.493371
2.483808
2.474291
2.464403
2.455461
2.446411
2.436647
2.426423
2.416185
2.408176
2.400056
2.393099
2.385729
2.375895
2.366296
2.357941
2.349445
2.342631
2.335169
2.326315
2.318729
2.311397
2.305897
2.298778
2.29031
2.281619
2.272618
2.26568
2.260159
2.253761
2.247078
2.240498
2.233268
2.227946
2.222636
2.216661
2.21035
2.202777
2.195703
2.188624
2.183046
2.178059
2.172897
2.168476
2.164181
2.159321
2.153967
2.149233
2.143916
2.139112
2.133576
2.12704
2.120938
2.115785
2.111428
2.107221
2.103084
2.097766
2.092712
2.089335
2.085556
2.080353
2.076306
2.071456
2.06427
2.060931
2.056843
2.052267
2.050194
2.044635
2.040595
2.036741
2.033126
2.011794
1.984474
1.954161
1.921311
1.90574
1.891363
1.878482
1.866098
1.855333
1.845115
1.836362
1.828017
1.818805
1.811811
1.803598
1.794718
1.787572
1.780943
1.774226
1.768815
1.760962
1.750942
1.741717
1.73237
1.724937
1.717613
1.710879
1.705001
1.698308
1.693386
1.68958
1.684602
1.680369
1.675689
1.669569
1.664481
1.660236
1.656055
1.6512
1.645091
1.638107
1.630618
1.623752
1.618234
1.61193
1.605451
1.599757
1.593641
1.588565
1.585093
1.581397
1.577265
1.572829
1.568584
1.563466
1.560149
1.557074
1.55171
1.546667
1.540112
1.532872
1.527082
1.52153
1.516165
1.511776
1.505892
1.500259
1.495171
1.489811
1.485875
1.482235
1.477128
1.472557
1.467975
1.462656
1.458935
1.453653
1.448271
1.442672
1.436228
1.431425
1.42611
1.420547
1.415227
1.40928
1.402875
1.397011
1.391556
1.385852
1.380649
1.375866
1.370793
1.364506
1.358682
1.351622
1.343221
1.335387
1.327704
1.319742
1.313306
1.307633
1.300551
1.293636
1.286016
1.277994
1.269064
1.260668
1.253378
1.243958
1.237728
1.229464
1.219697
1.211435
1.200889
1.19042
1.17954
1.16766
1.156412
1.145792
1.135288
1.126768
1.114715
1.102973
1.091437
1.075709
1.062349
1.049951
1.035993
1.02429
1.013105
.9973727
.9827321
.9660681
.9478023
.9303318
.9106661
.8927183
.8733281
.8560716
.8411002
.8230855
.8049662
.7848241
.761004
.7383333
.717617
.6950156
.6734996
.6481271
.6215177
.5961789
.5693313
.5424429
.5142377
.4849411
.4578292
.4277538
.3979505
.3695236
.3360178
.3055691
.2730553
.2389051
.2093105
.1766199
.1419872
.1043676
0.064074
0.025846
-.0136781
-0.049906
-0.086059
-.1303482
-.1731662
-.2191104
-.2728474
-.3176481
-.3626126
-.4101906
-.4514388
-.4932008
-.536237
-.5807164
-.6252426
-.6748467
-.7317619
-.7862318
-.8373831
-.8945738
-.9428015
-.9853466
-1.039356
-1.086856
-1.136812
-1.194584
-1.249984
-1.304424
-1.358139
-1.415334
-1.469001
-1.517397
-1.57054
-1.621437
-1.666217
-1.726339
-1.784784
-1.837062
-1.895242
-1.943465
-1.986644
-2.030573
-2.076322
-2.123559
-2.169828
-2.217892
-2.268407
-2.310927
-2.357491
-2.402027
-2.431455
-2.466741
-2.496102
-2.524313
-2.563578
-2.601233
-2.64284
-2.682538
-2.713332
-2.742118
-2.765186
-2.783369
-2.805699
-2.823013
-2.841304
-2.862024
-2.879859
-2.903776
-2.920882
-2.934874
-2.945956
-2.946794
-2.950045
-2.957129
-2.961714
-2.970174
-2.979326
-2.981921
-2.983405
-2.97998
-2.977436
-2.971333
-2.963671
-2.961725
-2.951543
-2.943178
-2.941612
-2.931318
-2.920479
-2.911171
-2.892332
-2.874219
-2.860685
-2.846858
-2.835191
-2.821219
-2.809333
-2.792937
-2.773357
-2.759409
-2.737993
-2.714164
-2.695242
-2.671753
-2.648454
-2.631874
-2.613197
-2.594717
-2.575306
-2.554471
-2.53302
-2.508682
-2.489602
-2.469246
-2.446873
-2.428766
-2.409074
-2.386339
-2.368271
-2.347953
-2.325262
-2.303804
-2.280285
-2.258128
-2.236286
-2.220095
-2.201342
-2.181805
-2.164552
-2.142917
-2.122722
-2.106345
-2.087515
-2.06958
-2.052993
-2.031676
-2.01391
-1.994855
-1.976187
-1.959138
-1.938597
-1.922385
-1.903711
-1.888785
-1.873753
-1.856905
-1.84279
-1.824601
-1.808538
-1.791967
-1.776963
-1.763214
-1.748818
-1.734509
-1.71911
-1.702757
-1.68572
-1.670819
-1.656604
-1.642246
-1.629786
-1.616058
-1.601034
-1.588151
-1.575431
-1.563369
-1.553214
-1.541633
-1.530515
-1.518947
-1.506945
-1.496894
-1.485605
-1.474626
-1.463773
-1.450759
-1.439285
-1.42837
-1.416315
-1.406759
-1.397003
-1.385821
-1.37754
-1.367854
-1.358866
-1.351079
-1.342154
-1.333148
-1.323663
-1.314109
-1.30482
-1.296792
-1.288462
-1.280174
-1.271117
-1.261983
-1.252052
-1.242601
-1.234538
-1.226301
-1.220214
-1.213956
-1.207186
-1.200365
-1.192899
-1.185417
-1.178766
-1.171344
-1.164096
-1.157393
-1.14988
-1.143574
-1.137163
-1.130165
-1.123352
-1.11519
-1.107359
-1.100868
-1.095042
-1.090184
-1.08578
-1.080968
-1.076062
-1.070778
-1.065522
-1.059066
-1.052321
-1.046816
-1.040091
-1.034489
-1.029989
-1.024038
-1.018372
-1.010884
-1.002876
-.9955813
-.9907025
-.9882493
-.9855535
-.982597
-.9791043
-.975149
-.9705085
-.9663721
-.9616372
-.9559598
-.9513375
-.94636
-.9411945
-.9367923
-.9330527
-.9286435
-.9229331
-.9176126
-.9112482
-.9059754
-.9038184
-.9020002
-.8994976
-.8975953
-.8937215
-.8895037
-.8868036
-.8830206
-.8789354
-.8748545
-.869845
-.8655207
-.8616563
-.8578171
-.8541121
-.8489648
-.844722
-.8411391
-.8376065
-.8360066
-.8341918
-.8317446
-.8302885
-.8285335
-.8249038
-.8212171
-.8176429
-.8131437
-.8114882
-.808672
-.8057787
-.803141
-.7986547
-.795239
-.7916156
-.7896812
-.7874463
-.784579
-.7835976
-.781723
-.7808654
-.7797783
-.7763427
-.7739527
-.7712119
-.770615
-.7699723
-.7676369
-.7658281
-.7634113
-.7605864
-.75943
-.7568572
-.7544811
-.7533351
-.7506124
-.7495565
-.7482467
-.7467265
-.7455085
-.7427547
-.7402347
-.7376672
-.7348354
-.7332051
-.7319144
-.7294647
-.7277607
-.7244369
-.7193338
-.7146189
-.709087
-.7044837
-.7018858
-.6988713
-.6957952
-.692591
-.688633
-.685641
-.6833463
-.6805302
-.6783671
-.6756627
-.6730336
-.6708385
-.6690947
-.6677806
-.6657389
-.6635923
-.6597601
-.656969
-.6556255
-.6551109
-.6552227
-.6548458
-.6541121
-.6534442
-.65294
-.6516225
-.6507857
-.6482121
-.6460508
-.6440636
-.6407623
-.6391814
-.6378023
-.6355778
-.6333532
-.6308568
-.6281151
-.6272575
-.6269889
-.6279557
-.6281809
-.6270244
-.6273718
-.6256575
-.6245643
-.6245591
-.6223848
-.620454
-.6187361
-.6165679
-.615486
-.6150121
-.6139492
-.6121752
-.6091667
-.6072721
-.6061911
-.6062015
-.6083246
-.6097878
-.6098926
-.61013
-.6101135
-.6092498
-.6092256
-.6088678
-.6078707
-.6058195
-.6042992
-.6029834
-.6012145
-.601917
-.6012743
-.599669
-.5988107
-.5979253
-.5980085
-.5996907
-.600777
-.6007155
-.601276
-.6005059
-.6009165
-.6014813
-.6014103
-.6019413
-.6012872
-.6001672
-.5985715
-.5972106
-.5968633
-.5971267
-.596924
-.5973068
-.5969361
-.5975745
-.59943
-.600538
-.6016701
-.6023476
-.6028153
