Potencial	Intensidad
mv	uA
-199.553100	-0.672869
-199.329500	-0.663332
-198.825700	-0.650752
-198.100100	-0.637035
-197.119900	-0.620223
-196.130800	-0.611852
-195.153500	-0.604271
-194.154700	-0.597434
-193.169000	-0.591791
-192.172600	-0.585404
-191.172700	-0.579291
-190.173000	-0.572477
-189.155400	-0.565808
-188.148300	-0.560523
-187.170700	-0.556503
-186.183000	-0.550810
-185.205100	-0.546545
-184.199300	-0.542090
-183.176200	-0.537606
-182.158900	-0.535345
-181.146800	-0.532339
-180.156000	-0.528695
-179.186800	-0.522982
-178.202800	-0.516605
-177.212000	-0.511529
-176.209000	-0.509036
-175.210100	-0.509437
-174.224900	-0.507970
-173.220000	-0.504698
-172.223100	-0.500851
-171.193300	-0.496778
-170.172900	-0.494732
-169.173900	-0.494178
-168.158200	-0.492186
-167.179200	-0.489942
-166.191300	-0.487722
-165.188400	-0.484194
-164.221700	-0.481134
-163.236400	-0.477221
-162.232300	-0.473047
-161.220900	-0.469543
-160.208400	-0.465868
-159.180700	-0.463386
-158.163200	-0.461670
-157.172100	-0.460045
-156.167800	-0.458962
-155.174300	-0.457133
-154.188900	-0.454550
-153.180500	-0.452139
-152.181200	-0.448377
-151.184800	-0.444349
-150.189500	-0.441265
-149.195000	-0.437717
-148.204600	-0.435247
-147.216800	-0.433287
-146.218000	-0.430628
-145.233000	-0.429011
-144.211800	-0.426810
-143.200900	-0.425716
-142.197500	-0.424739
-141.184700	-0.422759
-140.202400	-0.421895
-139.207200	-0.419505
-138.214200	-0.416657
-137.239600	-0.414712
-136.235000	-0.410928
-135.244800	-0.406455
-134.253200	-0.403806
-133.246700	-0.401068
-132.252300	-0.399612
-131.239000	-0.399423
-130.236600	-0.398350
-129.217700	-0.396784
-128.213500	-0.394420
-127.224800	-0.393009
-126.231700	-0.390904
-125.261600	-0.388577
-124.256600	-0.387360
-123.261400	-0.383850
-122.255700	-0.381342
-121.247000	-0.380598
-120.271400	-0.380339
-119.262100	-0.380882
-118.256100	-0.381901
-117.249500	-0.381808
-116.237900	-0.380574
-115.242200	-0.379625
-114.232700	-0.377886
-113.232400	-0.375079
-112.235600	-0.371761
-111.226800	-0.369919
-110.234700	-0.368121
-109.235600	-0.367317
-108.224900	-0.369683
-107.239200	-0.369994
-106.227100	-0.369486
-105.211000	-0.368721
-104.208300	-0.365590
-103.194800	-0.363858
-102.198300	-0.362056
-101.233000	-0.361497
-100.245500	-0.359205
-99.248470	-0.355980
-98.264620	-0.355963
-97.253070	-0.354534
-96.264340	-0.353256
-95.273710	-0.354289
-94.279340	-0.352551
-93.259520	-0.349540
-92.264100	-0.349193
-91.268360	-0.345761
-90.262710	-0.340529
-89.275660	-0.335899
-88.274890	-0.331883
-87.271280	-0.329628
-86.271630	-0.331999
-85.289430	-0.333665
-84.281630	-0.335601
-83.288380	-0.335180
-82.284740	-0.331415
-81.272320	-0.331238
-80.231860	-0.328562
-79.225570	-0.328617
-78.224880	-0.327963
-77.223960	-0.325530
-76.259800	-0.324804
-75.267620	-0.322287
-74.278190	-0.320114
-73.288550	-0.317173
-72.296660	-0.313566
-71.297850	-0.311707
-70.308640	-0.312119
-69.297150	-0.312716
-68.278000	-0.313136
-67.260600	-0.312228
-66.237430	-0.310708
-65.249010	-0.309329
-64.254930	-0.307525
-63.271400	-0.306654
-62.290600	-0.304621
-61.277570	-0.302748
-60.271330	-0.302070
-59.244950	-0.300539
-58.223090	-0.299759
-57.239430	-0.300178
-56.246930	-0.299531
-55.262780	-0.299284
-54.274190	-0.298661
-53.268190	-0.296729
-52.267870	-0.293581
-51.256470	-0.288049
-50.238480	-0.283752
-49.231770	-0.280772
-48.220750	-0.278370
-47.230730	-0.279691
-46.248650	-0.279141
-45.244470	-0.277871
-44.263640	-0.278371
-43.274750	-0.277208
-42.268110	-0.276020
-41.274020	-0.274403
-40.270820	-0.272131
-39.265060	-0.269363
-38.273100	-0.267695
-37.270670	-0.265419
-36.256750	-0.261924
-35.269120	-0.258388
-34.265910	-0.255824
-33.274110	-0.255294
-32.280780	-0.256398
-31.263790	-0.260150
-30.257630	-0.262088
-29.216900	-0.261865
-28.216060	-0.261175
-27.224330	-0.259871
-26.253650	-0.258918
-25.313090	-0.258754
-24.340000	-0.256863
-23.334800	-0.252729
-22.327710	-0.249466
-21.293140	-0.246588
-20.285680	-0.245283
-19.284920	-0.244744
-18.269710	-0.243780
-17.275140	-0.242844
-16.250360	-0.240963
-15.244320	-0.239541
-14.256440	-0.237463
-13.272120	-0.235000
-12.286830	-0.233046
-11.269520	-0.230839
-10.237340	-0.228843
-9.230138	-0.227818
-8.229345	-0.227218
-7.244717	-0.226611
-6.258569	-0.226745
-5.261689	-0.225237
-4.256538	-0.223585
-3.285167	-0.223345
-2.319492	-0.220964
-1.347758	-0.218443
-0.369882	-0.214892
0.623613	-0.208536
1.611544	-0.204787
2.614830	-0.202478
3.587076	-0.202358
4.563631	-0.203869
5.567560	-0.204552
6.554468	-0.205128
7.579827	-0.202169
8.590113	-0.197975
9.599095	-0.193326
10.578490	-0.189092
11.564740	-0.188448
12.564750	-0.188120
13.552750	-0.187486
14.573600	-0.184832
15.557920	-0.180946
16.539640	-0.178934
17.545150	-0.177623
18.542600	-0.176734
19.540350	-0.175985
20.553060	-0.173348
21.550550	-0.170074
22.552190	-0.168657
23.550060	-0.166676
24.553820	-0.164638
25.539150	-0.162600
26.527850	-0.157301
27.530840	-0.153008
28.530170	-0.150300
29.520750	-0.148125
30.498940	-0.148410
31.487010	-0.146726
32.450950	-0.144905
33.452290	-0.142159
34.480800	-0.137902
35.493790	-0.135314
36.510550	-0.131125
37.519330	-0.126317
38.518100	-0.122541
39.526980	-0.118012
40.539470	-0.113834
41.550080	-0.111661
42.552670	-0.109350
43.531090	-0.106636
44.515790	-0.103188
45.493600	-0.097870
46.491310	-0.091511
47.509670	-0.084651
48.540930	-0.080217
49.556500	-0.076157
50.555240	-0.073835
51.544690	-0.069421
52.529670	-0.063989
53.521560	-0.058485
54.510480	-0.052511
55.502180	-0.048701
56.478040	-0.041451
57.447070	-0.034458
58.430440	-0.025713
59.434170	-0.020307
60.438290	-0.018708
61.460670	-0.017108
62.455240	-0.013519
63.441800	-0.007378
64.448260	-0.002751
65.436980	0.003193
66.460950	0.008981
67.469990	0.013030
68.454150	0.021907
69.456730	0.030288
70.440790	0.036722
71.441500	0.046150
72.462130	0.056921
73.486870	0.066232
74.499650	0.075927
75.503530	0.084755
76.511770	0.092272
77.485570	0.100369
78.466190	0.110037
79.480420	0.120931
80.462650	0.130077
81.454960	0.140515
82.472160	0.152435
83.443760	0.164083
84.436780	0.177663
85.467180	0.192598
86.468200	0.204651
87.485240	0.216620
88.503800	0.229963
89.487250	0.242361
90.489240	0.257199
91.486470	0.271995
92.480550	0.286806
93.477630	0.300604
94.481260	0.316005
95.480160	0.333923
96.495230	0.350690
97.485520	0.368587
98.502970	0.386752
99.507190	0.401955
100.505000	0.420075
101.528400	0.441566
102.508300	0.462420
103.515700	0.484517
104.496800	0.506707
105.497000	0.526422
106.498900	0.548081
107.477700	0.569368
108.487400	0.590979
109.457500	0.614530
110.435900	0.639029
111.425300	0.668027
112.417500	0.697853
113.438800	0.728765
114.475700	0.760113
115.505300	0.787862
116.521800	0.816802
117.519200	0.846783
118.485500	0.874729
119.466200	0.906688
120.428300	0.940315
121.429100	0.973822
122.432100	1.015505
123.432500	1.057051
124.467200	1.099237
125.472400	1.140563
126.462000	1.177824
127.467700	1.215268
128.449700	1.252452
129.432200	1.293775
130.440700	1.339566
131.420600	1.382277
132.407400	1.431231
133.415600	1.481759
134.400300	1.528576
135.416900	1.582710
136.424400	1.635901
137.420800	1.684694
138.441500	1.737899
139.424000	1.789886
140.426800	1.841762
141.401300	1.898695
142.383800	1.959367
143.391600	2.023874
144.394900	2.084103
145.415900	2.145966
146.423100	2.209358
147.434300	2.263670
148.420500	2.326046
149.419100	2.394199
150.433000	2.455892
151.413200	2.525683
152.407900	2.599168
153.411300	2.664743
154.403000	2.736024
155.417400	2.806933
156.440300	2.876041
157.431600	2.941466
158.412400	3.007312
159.383500	3.079261
160.356400	3.147156
161.352400	3.225462
162.367000	3.316788
163.386600	3.396975
164.394200	3.478097
165.399600	3.560503
166.397900	3.625423
167.382100	3.695948
168.380700	3.771822
169.384000	3.843449
170.374400	3.921173
171.368000	4.000263
172.367700	4.084712
173.364400	4.170514
174.369600	4.256618
175.404100	4.347092
176.425500	4.420857
177.427200	4.489735
178.437200	4.562346
179.412200	4.622673
180.378100	4.693777
181.371800	4.773807
182.355500	4.847999
183.361600	4.929908
184.380600	5.008785
185.363300	5.078770
186.373600	5.152081
187.395000	5.217636
188.391500	5.285830
189.420400	5.352643
190.408200	5.413515
191.390700	5.480459
192.389800	5.544078
193.390300	5.610349
194.414400	5.680697
195.403200	5.739931
196.417100	5.795883
197.412100	5.847065
198.401300	5.888951
199.420700	5.941041
200.424400	5.994773
201.423200	6.046173
202.430000	6.100637
203.413300	6.141243
204.394000	6.175919
205.385500	6.212043
206.358200	6.243155
207.358700	6.283332
208.352400	6.315529
209.343600	6.347088
210.357100	6.379847
211.351500	6.404531
212.351200	6.438204
213.366400	6.473834
214.347600	6.494579
215.359100	6.520478
216.364300	6.536963
217.344700	6.541017
218.343600	6.558058
219.315400	6.571007
220.300900	6.583345
221.303000	6.598172
222.315800	6.609216
223.327300	6.618479
224.328000	6.624282
225.322600	6.638255
226.343600	6.648668
227.351100	6.643783
228.357500	6.643188
229.363100	6.632936
230.329100	6.616251
231.313400	6.614577
232.309100	6.614707
233.289400	6.608743
234.314000	6.607679
235.314900	6.600288
236.309300	6.586358
237.321600	6.571540
238.302800	6.556000
239.322600	6.548207
240.312400	6.534070
241.307100	6.522293
242.325200	6.512609
243.302900	6.490961
244.310400	6.474477
245.315000	6.461098
246.288400	6.440561
247.298100	6.419977
248.289400	6.400738
249.281000	6.378884
250.285900	6.360863
251.284600	6.346942
252.312100	6.334873
253.327900	6.316912
254.340800	6.292479
255.355800	6.273166
256.356100	6.244471
257.341600	6.218614
258.332000	6.201530
259.313800	6.174803
260.277900	6.153673
261.272200	6.138353
262.280500	6.117778
263.297700	6.102482
264.334700	6.088409
265.360100	6.067740
266.369700	6.045165
267.364300	6.022718
268.348900	5.996387
269.329800	5.974519
270.293700	5.954696
271.276600	5.936025
272.267200	5.918548
273.290100	5.902195
274.327900	5.884136
275.325800	5.863996
276.324800	5.847149
277.314700	5.828001
278.285200	5.807716
279.278700	5.790977
280.273000	5.768218
281.246300	5.746647
282.241600	5.731383
283.249900	5.713509
284.263900	5.699061
285.290300	5.685414
286.266400	5.663936
287.250900	5.645595
288.230200	5.630223
289.188400	5.613167
290.218600	5.599653
291.229900	5.586232
292.237900	5.568417
293.265000	5.550936
294.264100	5.535755
295.263200	5.519403
296.269600	5.504303
297.280200	5.489924
298.278500	5.473391
299.279800	5.457676
300.285900	5.445120
301.284300	5.434227
302.293900	5.421009
303.328300	5.409246
304.331700	5.392344
305.317600	5.375502
306.316700	5.362960
307.286600	5.345190
308.270400	5.333063
309.301200	5.321340
310.290500	5.305529
311.288400	5.295247
312.313100	5.285568
313.294200	5.272021
314.312300	5.260924
315.322200	5.251219
316.317300	5.234300
317.310400	5.219998
318.264500	5.208279
319.238400	5.191976
320.217700	5.180060
321.194900	5.170399
322.235700	5.160033
323.259200	5.150940
324.259000	5.143097
325.290200	5.131960
326.284200	5.118351
327.266500	5.109315
328.285300	5.095669
329.253400	5.083941
330.237000	5.074391
331.226000	5.059796
332.218700	5.049123
333.243200	5.040585
334.229900	5.027177
335.230200	5.017568
336.214700	5.009230
337.201700	4.994211
338.207000	4.987076
339.212900	4.978485
340.232200	4.964685
341.229200	4.956616
342.244300	4.944475
343.263200	4.932249
344.257000	4.922957
345.267000	4.912326
346.261800	4.901734
347.249500	4.889627
348.217300	4.880210
349.221800	4.868739
350.199600	4.859574
351.200400	4.852056
352.228900	4.839619
353.248400	4.830780
354.293300	4.820735
355.289600	4.808399
356.293400	4.797838
357.258200	4.786465
358.212600	4.773973
359.200300	4.762576
360.191500	4.754289
361.197700	4.743811
362.220700	4.734200
363.220400	4.724770
364.218600	4.713688
365.228100	4.704463
366.222300	4.692945
367.243500	4.685744
368.233400	4.677379
369.235000	4.667592
370.257100	4.659985
371.228200	4.649236
372.208800	4.640057
373.195100	4.630445
374.168600	4.624306
375.186000	4.614522
376.201600	4.604022
377.189800	4.598273
378.204400	4.587179
379.204800	4.576675
380.231900	4.568474
381.260300	4.558273
382.249800	4.545581
383.235800	4.539328
384.221800	4.530833
385.192800	4.520066
386.187700	4.515358
387.212900	4.509495
388.205300	4.499600
389.224700	4.491897
390.241900	4.484138
391.235600	4.472115
392.252500	4.464352
393.264600	4.458222
394.248100	4.446718
395.238300	4.440391
396.236200	4.434747
397.204000	4.426403
398.216800	4.422751
399.234600	4.417728
400.240500	4.408399
401.262600	4.401602
402.266800	4.395765
403.249800	4.385386
404.253500	4.379360
405.262300	4.373455
406.269000	4.364176
407.285800	4.359440
408.281100	4.355443
409.274900	4.349219
410.276600	4.344773
411.283900	4.340806
412.278100	4.335458
413.279300	4.332545
414.271000	4.329609
415.256000	4.326336
416.245400	4.322812
417.235000	4.317557
418.247200	4.312467
419.258500	4.306085
420.270900	4.299250
421.274700	4.292361
422.237400	4.285994
423.204500	4.281462
424.190000	4.276563
425.196000	4.274588
426.205700	4.272999
427.208500	4.268268
428.231500	4.266095
429.219500	4.261829
430.223200	4.256047
431.233400	4.254395
432.203200	4.250817
433.190100	4.246302
434.188400	4.245150
435.168300	4.241478
436.163100	4.238794
437.183500	4.239529
438.175000	4.237094
439.184600	4.234636
440.195000	4.233407
441.179000	4.230026
442.163900	4.225998
443.163500	4.223446
444.154000	4.220904
445.126600	4.217146
446.132700	4.215975
447.155500	4.216930
448.163100	4.214023
449.189400	4.213827
450.211900	4.214345
451.172300	4.208494
452.166400	4.205736
453.161500	4.201247
454.130800	4.193388
455.153500	4.188953
456.166500	4.185453
457.198400	4.180893
458.229800	4.179423
459.227300	4.177095
460.221400	4.172421
461.193300	4.170546
462.176000	4.167186
463.181600	4.164203
464.162700	4.162955
465.151100	4.157356
466.145400	4.150263
467.114200	4.145342
468.128800	4.138665
469.155300	4.133819
470.178600	4.132304
471.200100	4.128290
472.206500	4.123934
473.183300	4.121082
474.174500	4.118369
475.158400	4.115996
476.141000	4.118009
477.133300	4.116407
478.130100	4.112122
479.154800	4.107517
480.151200	4.099155
481.170600	4.093202
482.178500	4.087679
483.174700	4.082386
484.185100	4.077384
485.162600	4.073891
486.129100	4.070942
487.123800	4.067985
488.122000	4.066904
489.113300	4.063213
490.139700	4.058947
491.125100	4.054870
492.115100	4.049985
493.128800	4.044634
494.099300	4.041720
495.130400	4.040440
496.139000	4.035090
497.147400	4.034028
498.177100	4.031615
499.176100	4.025985
500.170100	4.024165
501.172500	4.020452
502.168700	4.014715
503.136000	4.011360
504.135400	4.008179
505.118300	4.002708
506.111600	4.000530
507.142700	3.999058
508.184700	3.995478
509.219400	3.995278
510.236500	3.991456
511.219500	3.986862
512.178200	3.983103
513.153700	3.978790
514.130900	3.975426
515.109400	3.970728
516.106000	3.968085
517.103300	3.962938
518.098800	3.959422
519.106000	3.957112
520.111500	3.953179
521.099900	3.952160
522.102500	3.949830
523.100900	3.947519
524.108600	3.945513
525.118600	3.941097
526.114900	3.940096
527.116500	3.938602
528.101400	3.933417
529.105100	3.931356
530.116000	3.927675
531.105700	3.921816
532.108600	3.920236
533.096300	3.918317
534.078700	3.914155
535.074200	3.912299
536.062600	3.912303
537.065600	3.910047
538.060100	3.908482
539.071000	3.906606
540.081600	3.903559
541.082900	3.899858
542.066700	3.896491
543.051100	3.894123
544.032200	3.891335
545.029100	3.888624
546.063000	3.887510
547.079100	3.886874
548.085900	3.884494
549.090800	3.883287
550.074700	3.881360
551.080000	3.878894
552.084000	3.876413
553.082200	3.874959
554.083400	3.873354
555.067400	3.869640
556.075600	3.867370
557.092100	3.866149
558.121800	3.864641
559.163000	3.864490
560.173500	3.865000
561.172600	3.861943
562.168700	3.859263
563.142500	3.857773
564.109900	3.856014
565.091500	3.854083
566.058500	3.851264
567.040400	3.849224
568.059900	3.846095
569.062700	3.845413
570.066500	3.845488
571.078700	3.844433
572.069700	3.843899
573.047200	3.841021
574.042400	3.840653
575.047500	3.840853
576.037300	3.839403
577.058500	3.840140
578.085100	3.838540
579.085300	3.833478
580.089200	3.831922
581.090100	3.832474
582.059000	3.829207
583.042700	3.829404
584.029700	3.831158
585.013300	3.828281
586.033200	3.829223
587.052800	3.831493
588.058700	3.829904
589.063500	3.828452
590.060100	3.829210
591.043600	3.827087
592.046800	3.825085
593.044000	3.825995
594.031900	3.824350
595.026600	3.823252
596.009900	3.824929
597.024000	3.826311
598.035800	3.826775
598.601200	3.805496
598.663500	3.771055
598.211900	3.727975
597.238800	3.682651
596.225800	3.650667
595.212500	3.623106
594.200600	3.599665
593.202600	3.573060
592.203700	3.548999
591.211800	3.528851
590.201500	3.508104
589.215300	3.487656
588.232800	3.471778
587.238700	3.453239
586.254200	3.433968
585.231500	3.417605
584.200400	3.400447
583.179700	3.383822
582.171400	3.370399
581.206300	3.357630
580.226300	3.341354
579.259300	3.328371
578.262500	3.313929
577.246000	3.298004
576.228600	3.286226
575.218300	3.272029
574.202500	3.257415
573.208600	3.245251
572.228300	3.232730
571.241200	3.219616
570.251600	3.209259
569.241200	3.198450
568.231100	3.185083
567.207900	3.174398
566.204400	3.163182
565.219200	3.150604
564.220500	3.139993
563.230800	3.130672
562.256400	3.120092
561.258500	3.109089
560.264500	3.099514
559.265700	3.087804
558.224700	3.075932
557.207800	3.066053
556.195500	3.055553
555.188200	3.045820
554.194500	3.035759
553.188400	3.026606
552.204500	3.017963
551.217700	3.007642
550.243000	3.000165
549.260300	2.992015
548.252600	2.981922
547.241800	2.973421
546.224600	2.964432
545.214100	2.955001
544.219400	2.947584
543.228300	2.941653
542.247500	2.933017
541.254000	2.925085
540.237600	2.915457
539.252600	2.905514
538.255500	2.896635
537.268600	2.887311
536.284100	2.879171
535.267600	2.870405
534.241800	2.864165
533.233200	2.856003
532.224800	2.849267
531.230500	2.842746
530.239900	2.832898
529.217200	2.826185
528.210300	2.818841
527.203300	2.810805
526.207200	2.805727
525.226900	2.798705
524.249600	2.792016
523.238800	2.785035
522.230300	2.778086
521.230200	2.769848
520.228800	2.763020
519.256100	2.757231
518.267800	2.749037
517.276200	2.743796
516.262800	2.735939
515.260100	2.728209
514.277600	2.722172
513.299700	2.716360
512.328900	2.708671
511.323600	2.701628
510.301800	2.695278
509.275300	2.687277
508.269100	2.681429
507.286400	2.677356
506.306500	2.669700
505.317500	2.662099
504.307900	2.657124
503.288300	2.647743
502.284700	2.639653
501.280200	2.634833
500.278000	2.626151
499.278500	2.619505
498.268300	2.615253
497.263200	2.609303
496.258500	2.603967
495.283000	2.599790
494.299700	2.593720
493.316400	2.587113
492.307200	2.580901
491.265800	2.573573
490.253800	2.567711
489.253800	2.563080
488.259300	2.559293
487.297600	2.553631
486.289600	2.547307
485.297700	2.538960
484.313500	2.530216
483.314100	2.523878
482.323500	2.516845
481.300900	2.510618
480.295000	2.505761
479.293200	2.499634
478.288800	2.494330
477.301900	2.491096
476.294700	2.485803
475.286600	2.480593
474.308900	2.476392
473.308600	2.469472
472.326100	2.462866
471.316800	2.458011
470.281200	2.453115
469.296000	2.448199
468.298200	2.443785
467.301500	2.437603
466.329700	2.429609
465.313000	2.422887
464.302800	2.415947
463.303300	2.408378
462.279200	2.402535
461.282200	2.396541
460.313300	2.390236
459.340900	2.385845
458.368400	2.380761
457.377000	2.375744
456.365000	2.371951
455.341700	2.366940
454.343100	2.361275
453.339300	2.356093
452.328400	2.350345
451.319100	2.345139
450.308900	2.341481
449.304700	2.335692
448.301500	2.330216
447.319400	2.323987
446.331200	2.316876
445.335000	2.309815
444.319000	2.303281
443.314300	2.297736
442.309700	2.290395
441.296900	2.285676
440.313200	2.280003
439.313000	2.273679
438.289600	2.269807
437.311300	2.265122
436.290200	2.259886
435.314600	2.256228
434.357200	2.251194
433.364800	2.244660
432.400400	2.240108
431.375800	2.234606
430.340600	2.228229
429.321700	2.223196
428.311400	2.216759
427.337700	2.210203
426.366000	2.205056
425.379900	2.199541
424.390600	2.194257
423.385800	2.188758
422.375200	2.183114
421.378800	2.177950
420.369500	2.172235
419.345600	2.165639
418.353100	2.160672
417.352500	2.156077
416.361200	2.151342
415.400500	2.147593
414.406400	2.141939
413.410800	2.134957
412.420800	2.128857
411.403000	2.123549
410.400400	2.117862
409.402000	2.112123
408.395800	2.106246
407.416600	2.100001
406.435100	2.094514
405.433900	2.090292
404.444900	2.085064
403.420100	2.079735
402.415000	2.074222
401.414200	2.067307
400.372200	2.061738
399.364100	2.056193
398.342100	2.051426
397.333700	2.047840
396.386400	2.044064
395.404200	2.038156
394.434000	2.031940
393.426400	2.025262
392.412200	2.017310
391.412600	2.010497
390.378500	2.004933
389.384200	1.998103
388.371000	1.991369
387.361800	1.988043
386.368400	1.982029
385.376600	1.976595
384.390700	1.972984
383.400800	1.966298
382.408900	1.959273
381.383400	1.953723
380.352700	1.946070
379.330800	1.939472
378.321200	1.934709
377.343400	1.929615
376.360000	1.926034
375.356800	1.920045
374.346600	1.913308
373.350100	1.904931
372.334600	1.896912
371.339300	1.889731
370.369000	1.883909
369.344800	1.877826
368.361400	1.871408
367.377900	1.866894
366.352400	1.861169
365.343000	1.855250
364.330400	1.848643
363.330300	1.840646
362.345300	1.834331
361.367600	1.826415
360.390700	1.821133
359.400500	1.815032
358.426200	1.806653
357.440100	1.802342
356.444300	1.794291
355.450400	1.786501
354.419300	1.779879
353.416400	1.771617
352.403000	1.764503
351.396600	1.757869
350.408900	1.751266
349.411800	1.743714
348.420700	1.736713
347.394400	1.729264
346.366800	1.720260
345.360000	1.713152
344.349000	1.705858
343.366200	1.697792
342.380200	1.691908
341.384200	1.684968
340.398700	1.675826
339.403000	1.667975
338.428500	1.658787
337.402400	1.647837
336.396400	1.638953
335.385900	1.629301
334.364000	1.619033
333.387300	1.610778
332.391700	1.603248
331.403300	1.595022
330.409400	1.587164
329.413600	1.578839
328.426900	1.568928
327.414800	1.558267
326.402100	1.548786
325.437600	1.540198
324.415100	1.530734
323.434400	1.523510
322.456900	1.514715
321.417100	1.503864
320.455500	1.493766
319.478500	1.481980
318.470000	1.469193
317.479000	1.456972
316.435700	1.443776
315.407100	1.431856
314.423000	1.420225
313.403000	1.408798
312.430500	1.399088
311.441300	1.387615
310.431200	1.376977
309.468500	1.366080
308.469600	1.352786
307.458400	1.339913
306.485500	1.327205
305.488100	1.313880
304.478700	1.301112
303.476800	1.288740
302.449800	1.274526
301.444200	1.260236
300.448000	1.244658
299.446400	1.229018
298.432300	1.212979
297.397100	1.195151
296.399900	1.179496
295.392800	1.161979
294.395100	1.145842
293.415200	1.131949
292.407400	1.115414
291.428000	1.100487
290.452100	1.084180
289.456500	1.066254
288.457700	1.049160
287.453500	1.030271
286.453200	1.011463
285.453300	0.993613
284.451700	0.973361
283.437500	0.954181
282.434400	0.934450
281.444300	0.912880
280.459500	0.892531
279.486100	0.868624
278.481800	0.844266
277.469800	0.819588
276.455100	0.792575
275.438700	0.768681
274.435900	0.744686
273.452300	0.719845
272.459600	0.697156
271.475200	0.673596
270.483600	0.648201
269.483200	0.623974
268.474100	0.596803
267.464400	0.566422
266.448100	0.535935
265.436500	0.504355
264.439100	0.473590
263.428600	0.441367
262.437200	0.411156
261.422200	0.380412
260.424300	0.344853
259.435700	0.310990
258.456600	0.274920
257.469700	0.233442
256.482500	0.196744
255.485200	0.159808
254.480900	0.117964
253.477700	0.080431
252.474300	0.039801
251.483600	-0.001052
250.484800	-0.041344
249.490200	-0.084322
248.499500	-0.126628
247.497700	-0.176682
246.491600	-0.225469
245.480900	-0.270911
244.468700	-0.323376
243.457000	-0.369890
242.465200	-0.413709
241.485500	-0.466556
240.493100	-0.517531
239.485900	-0.570573
238.473900	-0.630289
237.478100	-0.688689
236.463600	-0.749152
235.484500	-0.807692
234.484400	-0.869781
233.476400	-0.928947
232.505600	-0.980270
231.520400	-1.039831
230.526300	-1.097944
229.559300	-1.152787
228.548700	-1.228931
227.516400	-1.305193
226.510800	-1.378572
225.478100	-1.459440
224.475500	-1.527381
223.502500	-1.591888
222.506000	-1.659930
221.514200	-1.727289
220.522800	-1.800395
219.515700	-1.870635
218.513400	-1.945536
217.509600	-2.023395
216.498000	-2.097507
215.484300	-2.181925
214.490400	-2.262927
213.488300	-2.339924
212.481000	-2.421587
211.497800	-2.495719
210.506800	-2.571454
209.504200	-2.653712
208.519100	-2.734579
207.525900	-2.818006
206.526100	-2.901081
205.560700	-2.977435
204.571100	-3.056737
203.570300	-3.135979
202.580100	-3.216927
201.575900	-3.303088
200.577200	-3.387017
199.560900	-3.474242
198.551400	-3.559871
197.531200	-3.644130
196.514900	-3.735755
195.530900	-3.822085
194.524400	-3.904001
193.518100	-3.986422
192.529800	-4.053118
191.534900	-4.121417
190.550500	-4.201707
189.560200	-4.278176
188.564600	-4.363339
187.572400	-4.453177
186.559000	-4.533939
185.560500	-4.611338
184.555000	-4.681646
183.524500	-4.751064
182.546000	-4.811403
181.536600	-4.868620
180.536800	-4.935641
179.554500	-4.992172
178.569700	-5.051295
177.583700	-5.127517
176.581600	-5.191484
175.570300	-5.256072
174.545900	-5.323110
173.539600	-5.370840
172.550000	-5.415366
171.562600	-5.461783
170.569900	-5.508441
169.588100	-5.557290
168.592600	-5.606407
167.588600	-5.658764
166.568400	-5.701894
165.571600	-5.737655
164.554600	-5.781833
163.548400	-5.813807
162.552600	-5.839701
161.529800	-5.872207
160.539800	-5.891232
159.545100	-5.911452
158.559400	-5.939006
157.565000	-5.964471
156.559800	-5.990587
155.553600	-6.010442
154.579900	-6.025586
153.580200	-6.036387
152.613600	-6.039568
151.639100	-6.050741
150.607400	-6.065471
149.619400	-6.071825
148.596300	-6.086615
147.578300	-6.098799
146.567900	-6.099790
145.562700	-6.106449
144.546400	-6.107899
143.544300	-6.101149
142.565200	-6.089949
141.574400	-6.078110
140.590600	-6.063936
139.593900	-6.048109
138.592300	-6.043978
137.556300	-6.040079
136.533900	-6.026830
135.524300	-6.017153
134.512200	-6.003471
133.541000	-5.977859
132.561800	-5.961489
131.575200	-5.942297
130.582600	-5.918470
129.589400	-5.902462
128.586200	-5.882398
127.596500	-5.863546
126.598700	-5.845892
125.580100	-5.828042
124.576600	-5.810011
123.571500	-5.787298
122.588800	-5.760839
121.585900	-5.734997
120.617600	-5.708027
119.631200	-5.685473
118.612600	-5.665548
117.626500	-5.644351
116.594100	-5.626110
115.581300	-5.601421
114.587000	-5.578313
113.599000	-5.559747
112.618400	-5.531176
111.625900	-5.508547
110.626000	-5.486105
109.623700	-5.458345
108.614500	-5.437823
107.594000	-5.419144
106.562300	-5.397329
105.558800	-5.376185
104.580900	-5.353109
103.618300	-5.326526
102.664100	-5.300916
101.679900	-5.273700
100.668600	-5.255818
99.655810	-5.236045
98.674400	-5.216111
97.672850	-5.203813
96.649320	-5.182885
95.647170	-5.161157
94.613330	-5.144430
93.594960	-5.123348
92.600430	-5.098146
91.603040	-5.079775
90.603040	-5.058743
89.618480	-5.035490
88.650810	-5.020209
87.643240	-5.004058
86.621010	-4.986048
85.610760	-4.968696
84.585330	-4.951254
83.591750	-4.928501
82.626390	-4.909530
81.625240	-4.895921
80.640340	-4.875651
79.642970	-4.861968
78.631650	-4.850127
77.622570	-4.830574
76.629330	-4.818005
75.635960	-4.803445
74.637410	-4.782207
73.645640	-4.768990
72.627300	-4.755244
71.611820	-4.735548
70.608460	-4.721706
69.605380	-4.707156
68.593980	-4.690372
67.601570	-4.678375
66.601130	-4.666647
65.622480	-4.648895
64.639820	-4.634736
63.641610	-4.621469
62.646910	-4.604602
61.643760	-4.592103
60.639960	-4.579889
59.629890	-4.564084
58.626240	-4.552877
57.608940	-4.543513
56.623550	-4.526951
55.618100	-4.514931
54.625510	-4.504180
53.643640	-4.485300
52.638090	-4.471414
51.660730	-4.460677
50.683960	-4.444418
49.686710	-4.431142
48.694530	-4.422726
47.689030	-4.409240
46.670750	-4.392749
45.670760	-4.384489
44.669280	-4.371609
43.673970	-4.355631
42.668720	-4.348653
41.665550	-4.337440
40.664120	-4.320504
39.664360	-4.311714
38.671890	-4.298527
37.673590	-4.282562
36.661920	-4.276350
35.659590	-4.264349
34.655150	-4.249337
33.627360	-4.239213
32.640040	-4.223828
31.630400	-4.205995
30.644700	-4.195474
29.686680	-4.182094
28.700730	-4.165463
27.715480	-4.154489
26.716960	-4.140528
25.707580	-4.123621
24.718170	-4.112897
23.711650	-4.103020
22.718530	-4.087517
21.713150	-4.073294
20.703370	-4.060979
19.716530	-4.043422
18.720070	-4.028656
17.717540	-4.018980
16.699360	-4.003943
15.687710	-3.989807
14.667040	-3.976558
13.668850	-3.960293
12.699710	-3.943664
11.727960	-3.927855
10.745620	-3.913506
9.765305	-3.899841
8.763555	-3.885243
7.751651	-3.870880
6.750726	-3.857427
5.749736	-3.841738
4.729345	-3.827472
3.726027	-3.813635
2.742059	-3.795632
1.751734	-3.778231
0.765338	-3.761333
-0.227232	-3.745577
-1.194905	-3.728927
-2.177008	-3.713093
-3.139463	-3.697366
-4.092458	-3.681892
-5.097576	-3.666604
-6.096602	-3.648816
-7.104643	-3.633988
-8.119518	-3.617093
-9.126783	-3.600812
-10.111610	-3.587566
-11.109990	-3.571795
-12.111540	-3.554922
-13.111300	-3.540583
-14.139710	-3.527822
-15.133370	-3.509745
-16.151660	-3.495438
-17.165400	-3.481617
-18.159740	-3.461476
-19.172810	-3.446350
-20.165370	-3.430636
-21.136790	-3.411558
-22.147700	-3.396527
-23.153990	-3.382310
-24.140420	-3.363821
-25.141840	-3.347276
-26.093180	-3.329411
-27.094590	-3.310292
-28.097940	-3.296048
-29.100140	-3.281344
-30.109840	-3.265763
-31.096220	-3.250683
-32.108950	-3.235040
-33.124180	-3.216963
-34.134690	-3.201012
-35.129790	-3.186664
-36.124260	-3.165955
-37.120000	-3.149364
-38.141300	-3.133035
-39.126090	-3.110689
-40.109230	-3.094929
-41.117580	-3.078880
-42.103900	-3.059445
-43.121110	-3.042485
-44.119390	-3.025568
-45.111180	-3.004922
-46.111690	-2.985999
-47.092210	-2.969745
-48.093110	-2.950310
-49.077650	-2.933832
-50.069820	-2.917345
-51.071310	-2.897695
-52.046590	-2.879393
-53.050250	-2.862741
-54.047860	-2.844829
-55.077930	-2.827814
-56.120940	-2.812369
-57.128090	-2.791605
-58.118260	-2.772854
-59.097000	-2.757217
-60.101410	-2.738280
-61.106940	-2.722712
-62.131340	-2.708104
-63.139640	-2.689486
-64.130080	-2.672301
-65.108190	-2.658050
-66.111760	-2.642350
-67.113430	-2.628320
-68.107740	-2.616032
-69.140090	-2.599705
-70.130130	-2.582972
-71.113690	-2.566765
-72.112820	-2.549790
-73.105510	-2.533525
-74.112660	-2.518306
-75.135310	-2.502214
-76.128170	-2.484751
-77.081500	-2.468060
-78.064310	-2.451049
-79.051770	-2.434763
-80.060850	-2.420107
-81.091510	-2.404984
-82.086730	-2.389486
-83.079250	-2.375213
-84.067340	-2.360830
-85.078090	-2.346803
-86.093030	-2.335749
-87.108130	-2.323127
-88.114930	-2.311753
-89.109540	-2.300248
-90.094860	-2.287647
-91.099920	-2.276289
-92.112080	-2.263474
-93.114880	-2.252563
-94.127860	-2.239766
-95.131340	-2.228638
-96.115820	-2.215735
-97.113280	-2.202503
-98.107480	-2.191356
-99.079500	-2.177581
-100.078400	-2.166981
-101.073600	-2.157951
-102.051300	-2.148503
-103.042100	-2.140406
-104.025100	-2.133696
-105.031300	-2.125950
-106.061100	-2.118065
-107.069000	-2.111315
-108.092500	-2.102386
-109.082700	-2.093544
-110.067400	-2.085861
-111.059100	-2.077906
-112.051800	-2.071212
-113.066800	-2.064746
-114.070400	-2.058543
-115.088300	-2.051727
-116.116000	-2.044339
-117.100600	-2.037116
-118.112900	-2.030684
-119.101200	-2.024514
-120.082200	-2.019751
-121.092400	-2.014979
-122.075700	-2.009758
-123.097900	-2.004783
-124.102700	-1.999226
-125.100100	-1.994051
-126.117000	-1.988841
-127.097100	-1.982276
-128.049000	-1.976859
-129.031100	-1.970900
-130.009000	-1.965127
-131.018300	-1.961266
-132.058900	-1.956537
-133.090700	-1.952445
-134.105800	-1.948539
-135.101000	-1.943051
-136.099600	-1.937438
-137.058600	-1.933149
-138.052000	-1.927969
-139.050500	-1.926233
-140.040600	-1.923567
-141.052300	-1.919415
-142.041700	-1.917621
-143.041300	-1.915019
-144.049700	-1.911603
-145.064200	-1.909314
-146.062500	-1.905644
-147.065000	-1.899645
-148.059400	-1.895477
-149.053700	-1.892342
-150.061400	-1.887221
-151.063800	-1.883461
-152.046300	-1.881786
-153.034300	-1.876827
-154.004500	-1.872327
-154.981700	-1.870008
-155.995200	-1.864567
-157.000200	-1.862004
-158.031600	-1.861771
-159.050900	-1.859560
-160.041300	-1.858645
-161.045800	-1.856661
-162.061800	-1.855380
-163.051400	-1.853385
-164.072900	-1.851596
-165.060500	-1.849317
-166.029000	-1.845548
-167.023100	-1.841877
-168.014100	-1.838690
-169.029800	-1.836847
-170.027800	-1.833881
-171.031900	-1.832353
-172.020400	-1.829472
-173.015600	-1.825153
-174.045100	-1.821823
-175.049800	-1.818565
-176.067800	-1.815834
-177.059200	-1.814977
-178.036300	-1.814608
-179.029400	-1.814265
-179.989100	-1.813722
-180.975100	-1.812858
-181.980900	-1.812574
-182.981500	-1.810266
-183.996700	-1.809300
-185.035200	-1.807589
-186.034300	-1.803812
-187.030600	-1.801686
-188.027800	-1.799205
-189.008600	-1.796876
-189.996400	-1.796416
-190.977400	-1.796179
-191.988000	-1.793484
-192.983400	-1.792112
-193.993800	-1.790936
-195.020900	-1.788664
-195.999000	-1.789429
-196.998300	-1.789604
