"Version:",9
"Fecha:","05-18-2016"
"Hora:","17:18:35"
"Operador:",""
"HP:",0
"vitramo(6)",-200
"vitramo(7)",-200
"MaxCh",0
"Método:",0
"Técnica:","2-VC",2
"Vinicial:",-200
"Vfinal:",600
"ScanRate:",50
"Rango:",4
"FiltroHard:",1
"SampleRate:",50
"RampStep:",1
"NumCiclos:",1
"AcqConf:",0
"ScanDir:",-32000
"ICellCond.",2
"SoftFilter:",1
"Loop Ini",4
"CountV:",1600
"CountI:",1600
"CountI2:",0
"Xfreq:",10
"SamplesSec",50
20
1,1,0,0,0
0,0,0,0,0
0,0,0,0,0
0,0,0,0,0
0,0,0,0,0
0,0,0,0,0
0,0,0,0,0
0,0,0,0,0
0,0,0,0,0
0,0,0,0,0
0,0,0,0,0
0,0,0,0,0
0,0,0,0,0
0,0,0,0,0
0,0,0,0,0
0,0,0,0,0
0,0,0,0,0
0,0,0,0,0
0,0,0,0,0
0,0,0,0,0
0,0,0,0,0
"Xaxis:",1
"Yxais:",2
"Ymin:",-500
"Ymax:",500
"Xmin:",-200
"Xmax:",600
"Grilla:",1
"BackColor:",15780518
"Pen Color:",255
"E1:",1
"E2:",1
"E3:",0
"E4:",0
"P1:",-200
"P2:",600
"P3:",-15.625
"P4:",15.625
"P5:",0
"P6:",0
"P7:",0
"P8:",0
"PretreatEn:",0
"P10:",20
"P11:",0
"P12:",1
"P13:",0
"P14:",-196.9983
"P15:",0
"P16:",0
"Auto Integ",0
"Auto Write",0
"Peak List",0
"Graph Write",0
"Graph names",0
"Graph numbers",0
"Graph Ret.Time",0
"Automatic Save",0
"SaveFilename",0
"Sufix StartNum",0
"E1",0
"E2",0
"E3",0
"E4",0
"Comentario:",""
7
10,0,0,0,0,0,0,10,1,0,1,1,0,0,0,0,99999,-99999
10,0,0,0,0,0,0,10,1,0,1,1,0,0,0,0,99999,-99999
10,0,0,0,0,0,0,10,1,0,1,1,0,0,0,0,99999,-99999
10,-200,0,5000,0,0,0,50,4,10,1,1,0,0,0,0,99999,-99999
3,-200,600,16000,1,50,0,50,4,10,1,1,0,0,0,0,99999,-99999
3,600,-200,16000,-1,50,0,50,4,2,1,1,0,0,0,0,99999,-99999
3,-200,-200,0,0,50,0,50,4,0,1,1,0,0,0,0,99999,-99999
3,-200,0,0,0,50,0,50,4,0,1,1,0,0,0,0,99999,-99999
10000
1
50
1
0
0
0
0
1
0
10
0
0
4
4
0
0
1
250
8
8
0
254
0
0
0
0
0
0
0
0
0
9000.1,4,4,0,0,1
10000,4,4,0,0,1
10999.9,4,4,0,0,1
11999.8,4,4,0,0,1
12999.7,4,4,0,0,1
13999.6,4,4,0,0,1
14999.5,4,4,0,0,1
15999.4,4,4,0,0,1
16999.3,4,4,0,0,1
17999.2,4,4,0,0,1
18999.1,4,4,0,0,1
-199.5531
-199.3295
-198.8257
-198.1001
-197.1199
-196.1308
-195.1535
-194.1547
-193.169
-192.1726
-191.1727
-190.173
-189.1554
-188.1483
-187.1707
-186.183
-185.2051
-184.1993
-183.1762
-182.1589
-181.1468
-180.156
-179.1868
-178.2028
-177.212
-176.209
-175.2101
-174.2249
-173.22
-172.2231
-171.1933
-170.1729
-169.1739
-168.1582
-167.1792
-166.1913
-165.1884
-164.2217
-163.2364
-162.2323
-161.2209
-160.2084
-159.1807
-158.1632
-157.1721
-156.1678
-155.1743
-154.1889
-153.1805
-152.1812
-151.1848
-150.1895
-149.195
-148.2046
-147.2168
-146.218
-145.233
-144.2118
-143.2009
-142.1975
-141.1847
-140.2024
-139.2072
-138.2142
-137.2396
-136.235
-135.2448
-134.2532
-133.2467
-132.2523
-131.239
-130.2366
-129.2177
-128.2135
-127.2248
-126.2317
-125.2616
-124.2566
-123.2614
-122.2557
-121.247
-120.2714
-119.2621
-118.2561
-117.2495
-116.2379
-115.2422
-114.2327
-113.2324
-112.2356
-111.2268
-110.2347
-109.2356
-108.2249
-107.2392
-106.2271
-105.211
-104.2083
-103.1948
-102.1983
-101.233
-100.2455
-99.24847
-98.26462
-97.25307
-96.26434
-95.27371
-94.27934
-93.25952
-92.2641
-91.26836
-90.26271
-89.27566
-88.27489
-87.27128
-86.27163
-85.28943
-84.28163
-83.28838
-82.28474
-81.27232
-80.23186
-79.22557
-78.22488
-77.22396
-76.2598
-75.26762
-74.27819
-73.28855
-72.29666
-71.29785
-70.30864
-69.29715
-68.278
-67.2606
-66.23743
-65.24901
-64.25493
-63.2714
-62.2906
-61.27757
-60.27133
-59.24495
-58.22309
-57.23943
-56.24693
-55.26278
-54.27419
-53.26819
-52.26787
-51.25647
-50.23848
-49.23177
-48.22075
-47.23073
-46.24865
-45.24447
-44.26364
-43.27475
-42.26811
-41.27402
-40.27082
-39.26506
-38.2731
-37.27067
-36.25675
-35.26912
-34.26591
-33.27411
-32.28078
-31.26379
-30.25763
-29.2169
-28.21606
-27.22433
-26.25365
-25.31309
-24.34
-23.3348
-22.32771
-21.29314
-20.28568
-19.28492
-18.26971
-17.27514
-16.25036
-15.24432
-14.25644
-13.27212
-12.28683
-11.26952
-10.23734
-9.230138
-8.229345
-7.244717
-6.258569
-5.261689
-4.256538
-3.285167
-2.319492
-1.347758
-.3698818
.6236131
1.611544
2.61483
3.587076
4.563631
5.56756
6.554468
7.579827
8.590113
9.599095
10.57849
11.56474
12.56475
13.55275
14.5736
15.55792
16.53964
17.54515
18.5426
19.54035
20.55306
21.55055
22.55219
23.55006
24.55382
25.53915
26.52785
27.53084
28.53017
29.52075
30.49894
31.48701
32.45095
33.45229
34.4808
35.49379
36.51055
37.51933
38.5181
39.52698
40.53947
41.55008
42.55267
43.53109
44.51579
45.4936
46.49131
47.50967
48.54093
49.5565
50.55524
51.54469
52.52967
53.52156
54.51048
55.50218
56.47804
57.44707
58.43044
59.43417
60.43829
61.46067
62.45524
63.4418
64.44826
65.43698
66.46095
67.46999
68.45415
69.45673
70.44079
71.4415
72.46213
73.48687
74.49965
75.50353
76.51177
77.48557
78.46619
79.48042
80.46265
81.45496
82.47216
83.44376
84.43678
85.46718
86.4682
87.48524
88.5038
89.48725
90.48924
91.48647
92.48055
93.47763
94.48126
95.48016
96.49523
97.48552
98.50297
99.50719
100.505
101.5284
102.5083
103.5157
104.4968
105.497
106.4989
107.4777
108.4874
109.4575
110.4359
111.4253
112.4175
113.4388
114.4757
115.5053
116.5218
117.5192
118.4855
119.4662
120.4283
121.4291
122.4321
123.4325
124.4672
125.4724
126.462
127.4677
128.4497
129.4322
130.4407
131.4206
132.4074
133.4156
134.4003
135.4169
136.4244
137.4208
138.4415
139.424
140.4268
141.4013
142.3838
143.3916
144.3949
145.4159
146.4231
147.4343
148.4205
149.4191
150.433
151.4132
152.4079
153.4113
154.403
155.4174
156.4403
157.4316
158.4124
159.3835
160.3564
161.3524
162.367
163.3866
164.3942
165.3996
166.3979
167.3821
168.3807
169.384
170.3744
171.368
172.3677
173.3644
174.3696
175.4041
176.4255
177.4272
178.4372
179.4122
180.3781
181.3718
182.3555
183.3616
184.3806
185.3633
186.3736
187.395
188.3915
189.4204
190.4082
191.3907
192.3898
193.3903
194.4144
195.4032
196.4171
197.4121
198.4013
199.4207
200.4244
201.4232
202.43
203.4133
204.394
205.3855
206.3582
207.3587
208.3524
209.3436
210.3571
211.3515
212.3512
213.3664
214.3476
215.3591
216.3643
217.3447
218.3436
219.3154
220.3009
221.303
222.3158
223.3273
224.328
225.3226
226.3436
227.3511
228.3575
229.3631
230.3291
231.3134
232.3091
233.2894
234.314
235.3149
236.3093
237.3216
238.3028
239.3226
240.3124
241.3071
242.3252
243.3029
244.3104
245.315
246.2884
247.2981
248.2894
249.281
250.2859
251.2846
252.3121
253.3279
254.3408
255.3558
256.3561
257.3416
258.332
259.3138
260.2779
261.2722
262.2805
263.2977
264.3347
265.3601
266.3697
267.3643
268.3489
269.3298
270.2937
271.2766
272.2672
273.2901
274.3279
275.3258
276.3248
277.3147
278.2852
279.2787
280.273
281.2463
282.2416
283.2499
284.2639
285.2903
286.2664
287.2509
288.2302
289.1884
290.2186
291.2299
292.2379
293.265
294.2641
295.2632
296.2696
297.2802
298.2785
299.2798
300.2859
301.2843
302.2939
303.3283
304.3317
305.3176
306.3167
307.2866
308.2704
309.3012
310.2905
311.2884
312.3131
313.2942
314.3123
315.3222
316.3173
317.3104
318.2645
319.2384
320.2177
321.1949
322.2357
323.2592
324.259
325.2902
326.2842
327.2665
328.2853
329.2534
330.237
331.226
332.2187
333.2432
334.2299
335.2302
336.2147
337.2017
338.207
339.2129
340.2322
341.2292
342.2443
343.2632
344.257
345.267
346.2618
347.2495
348.2173
349.2218
350.1996
351.2004
352.2289
353.2484
354.2933
355.2896
356.2934
357.2582
358.2126
359.2003
360.1915
361.1977
362.2207
363.2204
364.2186
365.2281
366.2223
367.2435
368.2334
369.235
370.2571
371.2282
372.2088
373.1951
374.1686
375.186
376.2016
377.1898
378.2044
379.2048
380.2319
381.2603
382.2498
383.2358
384.2218
385.1928
386.1877
387.2129
388.2053
389.2247
390.2419
391.2356
392.2525
393.2646
394.2481
395.2383
396.2362
397.204
398.2168
399.2346
400.2405
401.2626
402.2668
403.2498
404.2535
405.2623
406.269
407.2858
408.2811
409.2749
410.2766
411.2839
412.2781
413.2793
414.271
415.256
416.2454
417.235
418.2472
419.2585
420.2709
421.2747
422.2374
423.2045
424.19
425.196
426.2057
427.2085
428.2315
429.2195
430.2232
431.2334
432.2032
433.1901
434.1884
435.1683
436.1631
437.1835
438.175
439.1846
440.195
441.179
442.1639
443.1635
444.154
445.1266
446.1327
447.1555
448.1631
449.1894
450.2119
451.1723
452.1664
453.1615
454.1308
455.1535
456.1665
457.1984
458.2298
459.2273
460.2214
461.1933
462.176
463.1816
464.1627
465.1511
466.1454
467.1142
468.1288
469.1553
470.1786
471.2001
472.2065
473.1833
474.1745
475.1584
476.141
477.1333
478.1301
479.1548
480.1512
481.1706
482.1785
483.1747
484.1851
485.1626
486.1291
487.1238
488.122
489.1133
490.1397
491.1251
492.1151
493.1288
494.0993
495.1304
496.139
497.1474
498.1771
499.1761
500.1701
501.1725
502.1687
503.136
504.1354
505.1183
506.1116
507.1427
508.1847
509.2194
510.2365
511.2195
512.1782
513.1537
514.1309
515.1094
516.106
517.1033
518.0988
519.106
520.1115
521.0999
522.1025
523.1009
524.1086
525.1186
526.1149
527.1165
528.1014
529.1051
530.116
531.1057
532.1086
533.0963
534.0787
535.0742
536.0626
537.0656
538.0601
539.071
540.0816
541.0829
542.0667
543.0511
544.0322
545.0291
546.063
547.0791
548.0859
549.0908
550.0747
551.08
552.084
553.0822
554.0834
555.0674
556.0756
557.0921
558.1218
559.163
560.1735
561.1726
562.1687
563.1425
564.1099
565.0915
566.0585
567.0404
568.0599
569.0627
570.0665
571.0787
572.0697
573.0472
574.0424
575.0475
576.0373
577.0585
578.0851
579.0853
580.0892
581.0901
582.059
583.0427
584.0297
585.0133
586.0332
587.0528
588.0587
589.0635
590.0601
591.0436
592.0468
593.044
594.0319
595.0266
596.0099
597.024
598.0358
598.6012
598.6635
598.2119
597.2388
596.2258
595.2125
594.2006
593.2026
592.2037
591.2118
590.2015
589.2153
588.2328
587.2387
586.2542
585.2315
584.2004
583.1797
582.1714
581.2063
580.2263
579.2593
578.2625
577.246
576.2286
575.2183
574.2025
573.2086
572.2283
571.2412
570.2516
569.2412
568.2311
567.2079
566.2044
565.2192
564.2205
563.2308
562.2564
561.2585
560.2645
559.2657
558.2247
557.2078
556.1955
555.1882
554.1945
553.1884
552.2045
551.2177
550.243
549.2603
548.2526
547.2418
546.2246
545.2141
544.2194
543.2283
542.2475
541.254
540.2376
539.2526
538.2555
537.2686
536.2841
535.2676
534.2418
533.2332
532.2248
531.2305
530.2399
529.2172
528.2103
527.2033
526.2072
525.2269
524.2496
523.2388
522.2303
521.2302
520.2288
519.2561
518.2678
517.2762
516.2628
515.2601
514.2776
513.2997
512.3289
511.3236
510.3018
509.2753
508.2691
507.2864
506.3065
505.3175
504.3079
503.2883
502.2847
501.2802
500.278
499.2785
498.2683
497.2632
496.2585
495.283
494.2997
493.3164
492.3072
491.2658
490.2538
489.2538
488.2593
487.2976
486.2896
485.2977
484.3135
483.3141
482.3235
481.3009
480.295
479.2932
478.2888
477.3019
476.2947
475.2866
474.3089
473.3086
472.3261
471.3168
470.2812
469.296
468.2982
467.3015
466.3297
465.313
464.3028
463.3033
462.2792
461.2822
460.3133
459.3409
458.3684
457.377
456.365
455.3417
454.3431
453.3393
452.3284
451.3191
450.3089
449.3047
448.3015
447.3194
446.3312
445.335
444.319
443.3143
442.3097
441.2969
440.3132
439.313
438.2896
437.3113
436.2902
435.3146
434.3572
433.3648
432.4004
431.3758
430.3406
429.3217
428.3114
427.3377
426.366
425.3799
424.3906
423.3858
422.3752
421.3788
420.3695
419.3456
418.3531
417.3525
416.3612
415.4005
414.4064
413.4108
412.4208
411.403
410.4004
409.402
408.3958
407.4166
406.4351
405.4339
404.4449
403.4201
402.415
401.4142
400.3722
399.3641
398.3421
397.3337
396.3864
395.4042
394.434
393.4264
392.4122
391.4126
390.3785
389.3842
388.371
387.3618
386.3684
385.3766
384.3907
383.4008
382.4089
381.3834
380.3527
379.3308
378.3212
377.3434
376.36
375.3568
374.3466
373.3501
372.3346
371.3393
370.369
369.3448
368.3614
367.3779
366.3524
365.343
364.3304
363.3303
362.3453
361.3676
360.3907
359.4005
358.4262
357.4401
356.4443
355.4504
354.4193
353.4164
352.403
351.3966
350.4089
349.4118
348.4207
347.3944
346.3668
345.36
344.349
343.3662
342.3802
341.3842
340.3987
339.403
338.4285
337.4024
336.3964
335.3859
334.364
333.3873
332.3917
331.4033
330.4094
329.4136
328.4269
327.4148
326.4021
325.4376
324.4151
323.4344
322.4569
321.4171
320.4555
319.4785
318.47
317.479
316.4357
315.4071
314.423
313.403
312.4305
311.4413
310.4312
309.4685
308.4696
307.4584
306.4855
305.4881
304.4787
303.4768
302.4498
301.4442
300.448
299.4464
298.4323
297.3971
296.3999
295.3928
294.3951
293.4152
292.4074
291.428
290.4521
289.4565
288.4577
287.4535
286.4532
285.4533
284.4517
283.4375
282.4344
281.4443
280.4595
279.4861
278.4818
277.4698
276.4551
275.4387
274.4359
273.4523
272.4596
271.4752
270.4836
269.4832
268.4741
267.4644
266.4481
265.4365
264.4391
263.4286
262.4372
261.4222
260.4243
259.4357
258.4566
257.4697
256.4825
255.4852
254.4809
253.4777
252.4743
251.4836
250.4848
249.4902
248.4995
247.4977
246.4916
245.4809
244.4687
243.457
242.4652
241.4855
240.4931
239.4859
238.4739
237.4781
236.4636
235.4845
234.4844
233.4764
232.5056
231.5204
230.5263
229.5593
228.5487
227.5164
226.5108
225.4781
224.4755
223.5025
222.506
221.5142
220.5228
219.5157
218.5134
217.5096
216.498
215.4843
214.4904
213.4883
212.481
211.4978
210.5068
209.5042
208.5191
207.5259
206.5261
205.5607
204.5711
203.5703
202.5801
201.5759
200.5772
199.5609
198.5514
197.5312
196.5149
195.5309
194.5244
193.5181
192.5298
191.5349
190.5505
189.5602
188.5646
187.5724
186.559
185.5605
184.555
183.5245
182.546
181.5366
180.5368
179.5545
178.5697
177.5837
176.5816
175.5703
174.5459
173.5396
172.55
171.5626
170.5699
169.5881
168.5926
167.5886
166.5684
165.5716
164.5546
163.5484
162.5526
161.5298
160.5398
159.5451
158.5594
157.565
156.5598
155.5536
154.5799
153.5802
152.6136
151.6391
150.6074
149.6194
148.5963
147.5783
146.5679
145.5627
144.5464
143.5443
142.5652
141.5744
140.5906
139.5939
138.5923
137.5563
136.5339
135.5243
134.5122
133.541
132.5618
131.5752
130.5826
129.5894
128.5862
127.5965
126.5987
125.5801
124.5766
123.5715
122.5888
121.5859
120.6176
119.6312
118.6126
117.6265
116.5941
115.5813
114.587
113.599
112.6184
111.6259
110.626
109.6237
108.6145
107.594
106.5623
105.5588
104.5809
103.6183
102.6641
101.6799
100.6686
99.65581
98.6744
97.67285
96.64932
95.64717
94.61333
93.59496
92.60043
91.60304
90.60304
89.61848
88.65081
87.64324
86.62101
85.61076
84.58533
83.59175
82.62639
81.62524
80.64034
79.64297
78.63165
77.62257
76.62933
75.63596
74.63741
73.64564
72.6273
71.61182
70.60846
69.60538
68.59398
67.60157
66.60113
65.62248
64.63982
63.64161
62.64691
61.64376
60.63996
59.62989
58.62624
57.60894
56.62355
55.6181
54.62551
53.64364
52.63809
51.66073
50.68396
49.68671
48.69453
47.68903
46.67075
45.67076
44.66928
43.67397
42.66872
41.66555
40.66412
39.66436
38.67189
37.67359
36.66192
35.65959
34.65515
33.62736
32.64004
31.6304
30.6447
29.68668
28.70073
27.71548
26.71696
25.70758
24.71817
23.71165
22.71853
21.71315
20.70337
19.71653
18.72007
17.71754
16.69936
15.68771
14.66704
13.66885
12.69971
11.72796
10.74562
9.765305
8.763555
7.751651
6.750726
5.749736
4.729345
3.726027
2.742059
1.751734
.7653381
-.2272322
-1.194905
-2.177008
-3.139463
-4.092458
-5.097576
-6.096602
-7.104643
-8.119518
-9.126783
-10.11161
-11.10999
-12.11154
-13.1113
-14.13971
-15.13337
-16.15166
-17.1654
-18.15974
-19.17281
-20.16537
-21.13679
-22.1477
-23.15399
-24.14042
-25.14184
-26.09318
-27.09459
-28.09794
-29.10014
-30.10984
-31.09622
-32.10895
-33.12418
-34.13469
-35.12979
-36.12426
-37.12
-38.1413
-39.12609
-40.10923
-41.11758
-42.1039
-43.12111
-44.11939
-45.11118
-46.11169
-47.09221
-48.09311
-49.07765
-50.06982
-51.07131
-52.04659
-53.05025
-54.04786
-55.07793
-56.12094
-57.12809
-58.11826
-59.097
-60.10141
-61.10694
-62.13134
-63.13964
-64.13008
-65.10819
-66.11176
-67.11343
-68.10774
-69.14009
-70.13013
-71.11369
-72.11282
-73.10551
-74.11266
-75.13531
-76.12817
-77.0815
-78.06431
-79.05177
-80.06085
-81.09151
-82.08673
-83.07925
-84.06734
-85.07809
-86.09303
-87.10813
-88.11493
-89.10954
-90.09486
-91.09992
-92.11208
-93.11488
-94.12786
-95.13134
-96.11582
-97.11328
-98.10748
-99.0795
-100.0784
-101.0736
-102.0513
-103.0421
-104.0251
-105.0313
-106.0611
-107.069
-108.0925
-109.0827
-110.0674
-111.0591
-112.0518
-113.0668
-114.0704
-115.0883
-116.116
-117.1006
-118.1129
-119.1012
-120.0822
-121.0924
-122.0757
-123.0979
-124.1027
-125.1001
-126.117
-127.0971
-128.049
-129.0311
-130.009
-131.0183
-132.0589
-133.0907
-134.1058
-135.101
-136.0996
-137.0586
-138.052
-139.0505
-140.0406
-141.0523
-142.0417
-143.0413
-144.0497
-145.0642
-146.0625
-147.065
-148.0594
-149.0537
-150.0614
-151.0638
-152.0463
-153.0343
-154.0045
-154.9817
-155.9952
-157.0002
-158.0316
-159.0509
-160.0413
-161.0458
-162.0618
-163.0514
-164.0729
-165.0605
-166.029
-167.0231
-168.0141
-169.0298
-170.0278
-171.0319
-172.0204
-173.0156
-174.0451
-175.0498
-176.0678
-177.0592
-178.0363
-179.0294
-179.9891
-180.9751
-181.9809
-182.9815
-183.9967
-185.0352
-186.0343
-187.0306
-188.0278
-189.0086
-189.9964
-190.9774
-191.988
-192.9834
-193.9938
-195.0209
-195.999
-196.9983
-.672869
-.6633316
-.6507519
-.6370348
-.6202227
-.611852
-.6042706
-.5974342
-.5917914
-.5854037
-.5792906
-.5724775
-.5658082
-.5605232
-.5565029
-.55081
-.5465454
-.5420903
-.5376057
-.5353448
-.5323389
-.5286954
-.5229816
-.5166051
-.511529
-.5090358
-.509437
-.5079695
-.5046977
-.5008507
-.4967775
-.4947323
-.4941779
-.4921855
-.489942
-.4877217
-.4841935
-.4811339
-.477221
-.4730466
-.4695435
-.465868
-.4633862
-.4616701
-.460045
-.4589622
-.4571327
-.4545496
-.4521388
-.4483767
-.4443494
-.4412647
-.4377165
-.4352469
-.4332874
-.430628
-.4290107
-.4268105
-.4257155
-.4247393
-.422759
-.4218945
-.4195045
-.4166571
-.4147124
-.4109278
-.4064553
-.4038063
-.4010681
-.3996119
-.3994231
-.3983498
-.3967836
-.3944196
-.3930085
-.3909044
-.3885768
-.3873597
-.3838496
-.3813418
-.3805977
-.3803387
-.3808818
-.3819014
-.3818079
-.3805735
-.3796249
-.3778864
-.3750788
-.3717611
-.3699194
-.3681211
-.3673172
-.369683
-.3699939
-.3694863
-.3687214
-.3655899
-.3638583
-.3620565
-.3614969
-.3592048
-.3559797
-.3559633
-.354534
-.3532562
-.3542888
-.3525511
-.34954
-.3491926
-.3457606
-.3405293
-.3358992
-.3318832
-.3296275
-.3319993
-.3336651
-.3356012
-.3351802
-.3314146
-.3312379
-.328562
-.3286166
-.3279634
-.3255301
-.3248042
-.3222869
-.3201143
-.3171726
-.3135664
-.3117074
-.3121189
-.3127157
-.3131358
-.312228
-.3107077
-.3093287
-.3075251
-.3066537
-.3046206
-.3027478
-.3020695
-.3005388
-.2997592
-.3001784
-.2995305
-.2992836
-.2986608
-.2967291
-.2935811
-.2880492
-.2837517
-.2807719
-.2783697
-.2796907
-.2791407
-.2778708
-.2783706
-.2772081
-.2760204
-.2744032
-.272131
-.2693633
-.2676949
-.2654192
-.2619239
-.2583879
-.2558238
-.2552945
-.2563981
-.2601498
-.2620885
-.261865
-.2611746
-.2598709
-.258918
-.2587543
-.2568633
-.2527295
-.2494655
-.2465878
-.2452833
-.2447436
-.2437803
-.2428439
-.2409633
-.2395409
-.2374628
-.235
-.2330457
-.2308394
-.2288427
-.2278179
-.2272185
-.2266112
-.2267446
-.2252373
-.2235854
-.2233446
-.2209641
-.2184433
-.2148917
-.208536
-.2047869
-.2024783
-.2023579
-.2038687
-.2045521
-.2051282
-.2021691
-.1979747
-.1933264
-.1890922
-.1884477
-.1881202
-.1874861
-.1848319
-.1809459
-.1789336
-.177623
-.1767342
-.1759849
-.1733481
-.1700745
-.1686573
-.1666762
-.1646379
-.1626005
-.1573008
-.1530076
-.1502997
-.1481246
-.1484096
-.1467264
-.1449047
-.1421587
-.1379019
-.1353144
-.1311253
-.1263167
-.1225407
-.118012
-.113834
-.1116606
-.1093503
-.1066364
-.1031878
-0.097870
-0.091511
-.0846509
-0.080217
-0.076157
-.0738349
-0.069421
-0.063989
-0.058485
-0.052511
-0.048701
-0.041451
-0.034458
-0.025713
-0.020307
-0.018708
-0.017108
-0.013519
-0.007378
-0.002751
0.003193
0.008981
0.013030
0.021907
0.030288
0.036722
0.046150
0.056921
0.066232
0.075927
0.084755
0.092272
.100369
.1100373
.1209312
.1300771
.1405146
.152435
.1640835
.1776628
.1925979
.2046509
.2166199
.2299628
.2423605
.2571985
.271995
.2868061
.3006038
.3160048
.3339232
.3506895
.3685871
.3867516
.4019552
.4200745
.4415662
.4624203
.4845166
.5067074
.5264224
.5480813
.5693676
.5909789
.6145305
.639029
.6680275
.6978534
.7287648
.7601126
.7878621
.8168018
.8467827
.8747289
.9066875
.9403153
.9738219
1.015505
1.057051
1.099237
1.140563
1.177824
1.215268
1.252452
1.293775
1.339566
1.382277
1.431231
1.481759
1.528576
1.58271
1.635901
1.684694
1.737899
1.789886
1.841762
1.898695
1.959367
2.023874
2.084103
2.145966
2.209358
2.26367
2.326046
2.394199
2.455892
2.525683
2.599168
2.664743
2.736024
2.806933
2.876041
2.941466
3.007312
3.079261
3.147156
3.225462
3.316788
3.396975
3.478097
3.560503
3.625423
3.695948
3.771822
3.843449
3.921173
4.000263
4.084712
4.170514
4.256618
4.347092
4.420857
4.489735
4.562346
4.622673
4.693777
4.773807
4.847999
4.929908
5.008785
5.07877
5.152081
5.217636
5.28583
5.352643
5.413515
5.480459
5.544078
5.610349
5.680697
5.739931
5.795883
5.847065
5.888951
5.941041
5.994773
6.046173
6.100637
6.141243
6.175919
6.212043
6.243155
6.283332
6.315529
6.347088
6.379847
6.404531
6.438204
6.473834
6.494579
6.520478
6.536963
6.541017
6.558058
6.571007
6.583345
6.598172
6.609216
6.618479
6.624282
6.638255
6.648668
6.643783
6.643188
6.632936
6.616251
6.614577
6.614707
6.608743
6.607679
6.600288
6.586358
6.57154
6.556
6.548207
6.53407
6.522293
6.512609
6.490961
6.474477
6.461098
6.440561
6.419977
6.400738
6.378884
6.360863
6.346942
6.334873
6.316912
6.292479
6.273166
6.244471
6.218614
6.20153
6.174803
6.153673
6.138353
6.117778
6.102482
6.088409
6.06774
6.045165
6.022718
5.996387
5.974519
5.954696
5.936025
5.918548
5.902195
5.884136
5.863996
5.847149
5.828001
5.807716
5.790977
5.768218
5.746647
5.731383
5.713509
5.699061
5.685414
5.663936
5.645595
5.630223
5.613167
5.599653
5.586232
5.568417
5.550936
5.535755
5.519403
5.504303
5.489924
5.473391
5.457676
5.44512
5.434227
5.421009
5.409246
5.392344
5.375502
5.36296
5.34519
5.333063
5.32134
5.305529
5.295247
5.285568
5.272021
5.260924
5.251219
5.2343
5.219998
5.208279
5.191976
5.18006
5.170399
5.160033
5.15094
5.143097
5.13196
5.118351
5.109315
5.095669
5.083941
5.074391
5.059796
5.049123
5.040585
5.027177
5.017568
5.00923
4.994211
4.987076
4.978485
4.964685
4.956616
4.944475
4.932249
4.922957
4.912326
4.901734
4.889627
4.88021
4.868739
4.859574
4.852056
4.839619
4.83078
4.820735
4.808399
4.797838
4.786465
4.773973
4.762576
4.754289
4.743811
4.7342
4.72477
4.713688
4.704463
4.692945
4.685744
4.677379
4.667592
4.659985
4.649236
4.640057
4.630445
4.624306
4.614522
4.604022
4.598273
4.587179
4.576675
4.568474
4.558273
4.545581
4.539328
4.530833
4.520066
4.515358
4.509495
4.4996
4.491897
4.484138
4.472115
4.464352
4.458222
4.446718
4.440391
4.434747
4.426403
4.422751
4.417728
4.408399
4.401602
4.395765
4.385386
4.37936
4.373455
4.364176
4.35944
4.355443
4.349219
4.344773
4.340806
4.335458
4.332545
4.329609
4.326336
4.322812
4.317557
4.312467
4.306085
4.29925
4.292361
4.285994
4.281462
4.276563
4.274588
4.272999
4.268268
4.266095
4.261829
4.256047
4.254395
4.250817
4.246302
4.24515
4.241478
4.238794
4.239529
4.237094
4.234636
4.233407
4.230026
4.225998
4.223446
4.220904
4.217146
4.215975
4.21693
4.214023
4.213827
4.214345
4.208494
4.205736
4.201247
4.193388
4.188953
4.185453
4.180893
4.179423
4.177095
4.172421
4.170546
4.167186
4.164203
4.162955
4.157356
4.150263
4.145342
4.138665
4.133819
4.132304
4.12829
4.123934
4.121082
4.118369
4.115996
4.118009
4.116407
4.112122
4.107517
4.099155
4.093202
4.087679
4.082386
4.077384
4.073891
4.070942
4.067985
4.066904
4.063213
4.058947
4.05487
4.049985
4.044634
4.04172
4.04044
4.03509
4.034028
4.031615
4.025985
4.024165
4.020452
4.014715
4.01136
4.008179
4.002708
4.00053
3.999058
3.995478
3.995278
3.991456
3.986862
3.983103
3.97879
3.975426
3.970728
3.968085
3.962938
3.959422
3.957112
3.953179
3.95216
3.94983
3.947519
3.945513
3.941097
3.940096
3.938602
3.933417
3.931356
3.927675
3.921816
3.920236
3.918317
3.914155
3.912299
3.912303
3.910047
3.908482
3.906606
3.903559
3.899858
3.896491
3.894123
3.891335
3.888624
3.88751
3.886874
3.884494
3.883287
3.88136
3.878894
3.876413
3.874959
3.873354
3.86964
3.86737
3.866149
3.864641
3.86449
3.865
3.861943
3.859263
3.857773
3.856014
3.854083
3.851264
3.849224
3.846095
3.845413
3.845488
3.844433
3.843899
3.841021
3.840653
3.840853
3.839403
3.84014
3.83854
3.833478
3.831922
3.832474
3.829207
3.829404
3.831158
3.828281
3.829223
3.831493
3.829904
3.828452
3.82921
3.827087
3.825085
3.825995
3.82435
3.823252
3.824929
3.826311
3.826775
3.805496
3.771055
3.727975
3.682651
3.650667
3.623106
3.599665
3.57306
3.548999
3.528851
3.508104
3.487656
3.471778
3.453239
3.433968
3.417605
3.400447
3.383822
3.370399
3.35763
3.341354
3.328371
3.313929
3.298004
3.286226
3.272029
3.257415
3.245251
3.23273
3.219616
3.209259
3.19845
3.185083
3.174398
3.163182
3.150604
3.139993
3.130672
3.120092
3.109089
3.099514
3.087804
3.075932
3.066053
3.055553
3.04582
3.035759
3.026606
3.017963
3.007642
3.000165
2.992015
2.981922
2.973421
2.964432
2.955001
2.947584
2.941653
2.933017
2.925085
2.915457
2.905514
2.896635
2.887311
2.879171
2.870405
2.864165
2.856003
2.849267
2.842746
2.832898
2.826185
2.818841
2.810805
2.805727
2.798705
2.792016
2.785035
2.778086
2.769848
2.76302
2.757231
2.749037
2.743796
2.735939
2.728209
2.722172
2.71636
2.708671
2.701628
2.695278
2.687277
2.681429
2.677356
2.6697
2.662099
2.657124
2.647743
2.639653
2.634833
2.626151
2.619505
2.615253
2.609303
2.603967
2.59979
2.59372
2.587113
2.580901
2.573573
2.567711
2.56308
2.559293
2.553631
2.547307
2.53896
2.530216
2.523878
2.516845
2.510618
2.505761
2.499634
2.49433
2.491096
2.485803
2.480593
2.476392
2.469472
2.462866
2.458011
2.453115
2.448199
2.443785
2.437603
2.429609
2.422887
2.415947
2.408378
2.402535
2.396541
2.390236
2.385845
2.380761
2.375744
2.371951
2.36694
2.361275
2.356093
2.350345
2.345139
2.341481
2.335692
2.330216
2.323987
2.316876
2.309815
2.303281
2.297736
2.290395
2.285676
2.280003
2.273679
2.269807
2.265122
2.259886
2.256228
2.251194
2.24466
2.240108
2.234606
2.228229
2.223196
2.216759
2.210203
2.205056
2.199541
2.194257
2.188758
2.183114
2.17795
2.172235
2.165639
2.160672
2.156077
2.151342
2.147593
2.141939
2.134957
2.128857
2.123549
2.117862
2.112123
2.106246
2.100001
2.094514
2.090292
2.085064
2.079735
2.074222
2.067307
2.061738
2.056193
2.051426
2.04784
2.044064
2.038156
2.03194
2.025262
2.01731
2.010497
2.004933
1.998103
1.991369
1.988043
1.982029
1.976595
1.972984
1.966298
1.959273
1.953723
1.94607
1.939472
1.934709
1.929615
1.926034
1.920045
1.913308
1.904931
1.896912
1.889731
1.883909
1.877826
1.871408
1.866894
1.861169
1.85525
1.848643
1.840646
1.834331
1.826415
1.821133
1.815032
1.806653
1.802342
1.794291
1.786501
1.779879
1.771617
1.764503
1.757869
1.751266
1.743714
1.736713
1.729264
1.72026
1.713152
1.705858
1.697792
1.691908
1.684968
1.675826
1.667975
1.658787
1.647837
1.638953
1.629301
1.619033
1.610778
1.603248
1.595022
1.587164
1.578839
1.568928
1.558267
1.548786
1.540198
1.530734
1.52351
1.514715
1.503864
1.493766
1.48198
1.469193
1.456972
1.443776
1.431856
1.420225
1.408798
1.399088
1.387615
1.376977
1.36608
1.352786
1.339913
1.327205
1.31388
1.301112
1.28874
1.274526
1.260236
1.244658
1.229018
1.212979
1.195151
1.179496
1.161979
1.145842
1.131949
1.115414
1.100487
1.08418
1.066254
1.04916
1.030271
1.011463
.9936131
.973361
.9541814
.9344499
.9128803
.8925312
.8686243
.8442662
.8195876
.7925754
.7686807
.7446864
.7198449
.6971561
.6735958
.6482008
.6239744
.5968027
.5664224
.5359355
.5043555
.4735897
.441367
.4111564
.3804123
.3448527
.3109901
.2749203
.2334425
.1967438
.1598077
.1179643
0.080431
0.039801
-0.001052
-0.041344
-0.084322
-.1266277
-.1766823
-.2254686
-.2709113
-.3233758
-.36989
-.4137093
-.4665558
-.5175312
-.5705726
-.6302885
-.6886894
-.7491519
-.8076923
-.8697808
-.9289466
-.9802703
-1.039831
-1.097944
-1.152787
-1.228931
-1.305193
-1.378572
-1.45944
-1.527381
-1.591888
-1.65993
-1.727289
-1.800395
-1.870635
-1.945536
-2.023395
-2.097507
-2.181925
-2.262927
-2.339924
-2.421587
-2.495719
-2.571454
-2.653712
-2.734579
-2.818006
-2.901081
-2.977435
-3.056737
-3.135979
-3.216927
-3.303088
-3.387017
-3.474242
-3.559871
-3.64413
-3.735755
-3.822085
-3.904001
-3.986422
-4.053118
-4.121417
-4.201707
-4.278176
-4.363339
-4.453177
-4.533939
-4.611338
-4.681646
-4.751064
-4.811403
-4.86862
-4.935641
-4.992172
-5.051295
-5.127517
-5.191484
-5.256072
-5.32311
-5.37084
-5.415366
-5.461783
-5.508441
-5.55729
-5.606407
-5.658764
-5.701894
-5.737655
-5.781833
-5.813807
-5.839701
-5.872207
-5.891232
-5.911452
-5.939006
-5.964471
-5.990587
-6.010442
-6.025586
-6.036387
-6.039568
-6.050741
-6.065471
-6.071825
-6.086615
-6.098799
-6.09979
-6.106449
-6.107899
-6.101149
-6.089949
-6.07811
-6.063936
-6.048109
-6.043978
-6.040079
-6.02683
-6.017153
-6.003471
-5.977859
-5.961489
-5.942297
-5.91847
-5.902462
-5.882398
-5.863546
-5.845892
-5.828042
-5.810011
-5.787298
-5.760839
-5.734997
-5.708027
-5.685473
-5.665548
-5.644351
-5.62611
-5.601421
-5.578313
-5.559747
-5.531176
-5.508547
-5.486105
-5.458345
-5.437823
-5.419144
-5.397329
-5.376185
-5.353109
-5.326526
-5.300916
-5.2737
-5.255818
-5.236045
-5.216111
-5.203813
-5.182885
-5.161157
-5.14443
-5.123348
-5.098146
-5.079775
-5.058743
-5.03549
-5.020209
-5.004058
-4.986048
-4.968696
-4.951254
-4.928501
-4.90953
-4.895921
-4.875651
-4.861968
-4.850127
-4.830574
-4.818005
-4.803445
-4.782207
-4.76899
-4.755244
-4.735548
-4.721706
-4.707156
-4.690372
-4.678375
-4.666647
-4.648895
-4.634736
-4.621469
-4.604602
-4.592103
-4.579889
-4.564084
-4.552877
-4.543513
-4.526951
-4.514931
-4.50418
-4.4853
-4.471414
-4.460677
-4.444418
-4.431142
-4.422726
-4.40924
-4.392749
-4.384489
-4.371609
-4.355631
-4.348653
-4.33744
-4.320504
-4.311714
-4.298527
-4.282562
-4.27635
-4.264349
-4.249337
-4.239213
-4.223828
-4.205995
-4.195474
-4.182094
-4.165463
-4.154489
-4.140528
-4.123621
-4.112897
-4.10302
-4.087517
-4.073294
-4.060979
-4.043422
-4.028656
-4.01898
-4.003943
-3.989807
-3.976558
-3.960293
-3.943664
-3.927855
-3.913506
-3.899841
-3.885243
-3.87088
-3.857427
-3.841738
-3.827472
-3.813635
-3.795632
-3.778231
-3.761333
-3.745577
-3.728927
-3.713093
-3.697366
-3.681892
-3.666604
-3.648816
-3.633988
-3.617093
-3.600812
-3.587566
-3.571795
-3.554922
-3.540583
-3.527822
-3.509745
-3.495438
-3.481617
-3.461476
-3.44635
-3.430636
-3.411558
-3.396527
-3.38231
-3.363821
-3.347276
-3.329411
-3.310292
-3.296048
-3.281344
-3.265763
-3.250683
-3.23504
-3.216963
-3.201012
-3.186664
-3.165955
-3.149364
-3.133035
-3.110689
-3.094929
-3.07888
-3.059445
-3.042485
-3.025568
-3.004922
-2.985999
-2.969745
-2.95031
-2.933832
-2.917345
-2.897695
-2.879393
-2.862741
-2.844829
-2.827814
-2.812369
-2.791605
-2.772854
-2.757217
-2.73828
-2.722712
-2.708104
-2.689486
-2.672301
-2.65805
-2.64235
-2.62832
-2.616032
-2.599705
-2.582972
-2.566765
-2.54979
-2.533525
-2.518306
-2.502214
-2.484751
-2.46806
-2.451049
-2.434763
-2.420107
-2.404984
-2.389486
-2.375213
-2.36083
-2.346803
-2.335749
-2.323127
-2.311753
-2.300248
-2.287647
-2.276289
-2.263474
-2.252563
-2.239766
-2.228638
-2.215735
-2.202503
-2.191356
-2.177581
-2.166981
-2.157951
-2.148503
-2.140406
-2.133696
-2.12595
-2.118065
-2.111315
-2.102386
-2.093544
-2.085861
-2.077906
-2.071212
-2.064746
-2.058543
-2.051727
-2.044339
-2.037116
-2.030684
-2.024514
-2.019751
-2.014979
-2.009758
-2.004783
-1.999226
-1.994051
-1.988841
-1.982276
-1.976859
-1.9709
-1.965127
-1.961266
-1.956537
-1.952445
-1.948539
-1.943051
-1.937438
-1.933149
-1.927969
-1.926233
-1.923567
-1.919415
-1.917621
-1.915019
-1.911603
-1.909314
-1.905644
-1.899645
-1.895477
-1.892342
-1.887221
-1.883461
-1.881786
-1.876827
-1.872327
-1.870008
-1.864567
-1.862004
-1.861771
-1.85956
-1.858645
-1.856661
-1.85538
-1.853385
-1.851596
-1.849317
-1.845548
-1.841877
-1.83869
-1.836847
-1.833881
-1.832353
-1.829472
-1.825153
-1.821823
-1.818565
-1.815834
-1.814977
-1.814608
-1.814265
-1.813722
-1.812858
-1.812574
-1.810266
-1.8093
-1.807589
-1.803812
-1.801686
-1.799205
-1.796876
-1.796416
-1.796179
-1.793484
-1.792112
-1.790936
-1.788664
-1.789429
-1.789604
