Potencial	Intensidad
mv	uA
-199.511200	-0.108676
-199.278100	-0.100405
-198.824200	-0.089899
-198.102400	-0.078676
-197.137400	-0.067071
-196.149800	-0.063638
-195.143000	-0.061078
-194.131300	-0.058545
-193.118800	-0.055010
-192.117400	-0.050987
-191.118500	-0.047007
-190.142500	-0.043214
-189.151900	-0.039821
-188.151800	-0.036535
-187.164200	-0.033541
-186.152600	-0.031630
-185.160300	-0.030491
-184.164300	-0.030869
-183.123400	-0.031558
-182.130400	-0.032257
-181.111200	-0.032957
-180.119100	-0.032174
-179.156900	-0.032285
-178.158400	-0.030728
-177.187400	-0.028709
-176.180700	-0.025200
-175.164100	-0.021212
-174.174300	-0.019422
-173.152300	-0.018351
-172.175900	-0.019993
-171.188600	-0.020794
-170.169300	-0.019866
-169.183700	-0.020068
-168.187700	-0.019041
-167.189500	-0.018540
-166.232300	-0.018222
-165.230700	-0.015582
-164.210200	-0.012771
-163.199700	-0.010111
-162.169700	-0.007820
-161.151100	-0.006584
-160.160400	-0.006202
-159.160900	-0.006436
-158.173600	-0.006971
-157.183200	-0.006051
-156.177800	-0.006436
-155.179000	-0.005443
-154.162500	-0.003806
-153.171900	-0.003034
-152.160400	-0.000881
-151.140600	0.000708
-150.136300	0.001710
-149.131300	0.003866
-148.149800	0.004862
-147.197600	0.005001
-146.224000	0.004773
-145.228500	0.002922
-144.227200	0.002381
-143.203500	0.003125
-142.195300	0.004570
-141.196800	0.006142
-140.207900	0.007406
-139.225400	0.008773
-138.232900	0.011230
-137.237200	0.013237
-136.253700	0.015089
-135.241200	0.015189
-134.240700	0.013774
-133.234400	0.012685
-132.200500	0.012013
-131.197300	0.012123
-130.183700	0.012414
-129.197800	0.012835
-128.208500	0.013408
-127.227700	0.013953
-126.245400	0.016291
-125.229200	0.019658
-124.222900	0.020065
-123.212200	0.019654
-122.201000	0.017933
-121.207200	0.014257
-120.208600	0.014288
-119.219500	0.015625
-118.237100	0.016825
-117.233000	0.019305
-116.254800	0.020094
-115.254800	0.021745
-114.240400	0.023954
-113.262900	0.026141
-112.210500	0.028280
-111.184500	0.027450
-110.178100	0.026501
-109.145700	0.025164
-108.188600	0.023979
-107.197900	0.024215
-106.199900	0.024543
-105.209000	0.025128
-104.211100	0.025976
-103.210300	0.028587
-102.203300	0.029821
-101.199600	0.031354
-100.188100	0.032819
-99.184350	0.033801
-98.185950	0.034389
-97.192380	0.033967
-96.202010	0.033245
-95.215620	0.031170
-94.216370	0.030307
-93.222820	0.030631
-92.196720	0.031375
-91.195500	0.032754
-90.196560	0.033502
-89.201990	0.033723
-88.232970	0.035536
-87.229290	0.037367
-86.245690	0.038706
-85.259480	0.039362
-84.247080	0.037515
-83.242920	0.036038
-82.239250	0.035573
-81.213810	0.035880
-80.226200	0.037130
-79.236340	0.037842
-78.251630	0.037950
-77.251240	0.039247
-76.250410	0.040190
-75.267370	0.042845
-74.236110	0.044012
-73.224000	0.043229
-72.222400	0.041493
-71.203720	0.039769
-70.239170	0.040020
-69.255230	0.040183
-68.274470	0.042916
-67.283620	0.042419
-66.263590	0.042322
-65.272270	0.044320
-64.264210	0.044415
-63.275060	0.045288
-62.284920	0.046752
-61.270770	0.046203
-60.266410	0.045284
-59.264640	0.045811
-58.240470	0.048249
-57.244240	0.048899
-56.218050	0.051828
-55.192770	0.053995
-54.216770	0.052349
-53.229770	0.053829
-52.230470	0.054548
-51.248070	0.054131
-50.236840	0.055510
-49.232530	0.056476
-48.237550	0.056357
-47.239050	0.056181
-46.256770	0.054894
-45.245890	0.054446
-44.251570	0.053564
-43.249450	0.054664
-42.217940	0.056160
-41.211800	0.056311
-40.223260	0.057252
-39.202850	0.058268
-38.208720	0.059537
-37.231390	0.061557
-36.213890	0.062968
-35.214750	0.063110
-34.226840	0.061614
-33.210870	0.059676
-32.227170	0.058540
-31.235840	0.057933
-30.240030	0.058315
-29.242840	0.059423
-28.234610	0.059932
-27.245080	0.060675
-26.237400	0.062950
-25.236480	0.064317
-24.248320	0.065528
-23.232810	0.065062
-22.244520	0.063596
-21.266690	0.062276
-20.271830	0.061758
-19.284110	0.062355
-18.279010	0.062583
-17.276500	0.063192
-16.263670	0.064026
-15.248760	0.065455
-14.237620	0.066761
-13.238790	0.068288
-12.236250	0.067814
-11.233340	0.067841
-10.237170	0.067575
-9.234860	0.066648
-8.228207	0.067296
-7.220017	0.066785
-6.224855	0.066872
-5.200188	0.068293
-4.182407	0.070706
-3.219290	0.071668
-2.245971	0.073085
-1.292068	0.073634
-0.351489	0.073289
0.628632	0.074896
1.625925	0.076067
2.623976	0.075700
3.618330	0.074631
4.614895	0.074566
5.613426	0.074260
6.606327	0.075606
7.609992	0.078388
8.602496	0.080437
9.599194	0.081305
10.583560	0.082142
11.585230	0.082518
12.603440	0.083101
13.589550	0.084294
14.610870	0.084029
15.598480	0.082382
16.575930	0.080343
17.571590	0.078622
18.556760	0.079418
19.545850	0.080274
20.562740	0.082110
21.575350	0.085170
22.597230	0.086488
23.621010	0.089704
24.614600	0.092511
25.596980	0.093155
26.581360	0.093165
27.561140	0.092368
28.567840	0.091252
29.587210	0.091017
30.583060	0.092205
31.589390	0.094217
32.555570	0.095837
33.525660	0.098896
34.545780	0.102782
35.546420	0.104783
36.567380	0.107575
37.591770	0.109356
38.569690	0.108959
39.562100	0.109691
40.544930	0.110523
41.549200	0.110609
42.543540	0.111997
43.540190	0.112846
44.556400	0.115108
45.534930	0.117614
46.546510	0.120612
47.577480	0.124641
48.591920	0.126266
49.608440	0.129144
50.610120	0.132043
51.589120	0.133751
52.558480	0.135627
53.551770	0.137206
54.529500	0.138267
55.517500	0.141150
56.535760	0.144094
57.527940	0.147274
58.521020	0.151046
59.519320	0.153217
60.502400	0.156557
61.504710	0.160421
62.504620	0.164006
63.512450	0.168176
64.514130	0.171198
65.518490	0.172648
66.550670	0.174511
67.556500	0.175575
68.554570	0.179415
69.542710	0.183189
70.523020	0.187360
71.491320	0.194290
72.493100	0.199919
73.514660	0.207183
74.509610	0.214617
75.521050	0.219213
76.513310	0.223836
77.483430	0.227381
78.490170	0.231061
79.491230	0.236103
80.463550	0.240704
81.451640	0.247000
82.444980	0.255764
83.435280	0.263993
84.454730	0.275692
85.474960	0.286581
86.482540	0.294116
87.502450	0.304167
88.488180	0.311051
89.483240	0.316414
90.452420	0.323806
91.442830	0.330728
92.462950	0.339525
93.455790	0.348868
94.448030	0.359232
95.449050	0.371441
96.454280	0.382678
97.474760	0.396827
98.505550	0.410023
99.521070	0.419653
100.523400	0.426936
101.505000	0.437401
102.504800	0.447570
103.484400	0.458565
104.489100	0.471469
105.494800	0.482200
106.483800	0.493917
107.489800	0.507186
108.461800	0.523142
109.463500	0.541555
110.461200	0.559841
111.485400	0.578886
112.502200	0.596063
113.497400	0.609539
114.505400	0.624323
115.473500	0.638536
116.475200	0.655785
117.474600	0.676538
118.457100	0.695169
119.482100	0.718772
120.468700	0.740979
121.481900	0.762159
122.493800	0.788200
123.471800	0.810713
124.468700	0.833307
125.450900	0.857873
126.447800	0.881365
127.430600	0.905216
128.431100	0.930831
129.422700	0.958931
130.430900	0.989129
131.438900	1.016862
132.440000	1.048239
133.456100	1.078698
134.424900	1.104236
135.420000	1.136314
136.431600	1.172406
137.421200	1.207034
138.452300	1.246971
139.453600	1.285402
140.453800	1.318852
141.454800	1.353321
142.444200	1.389770
143.456900	1.428702
144.470900	1.462447
145.471800	1.499518
146.472000	1.541253
147.458700	1.578850
148.436400	1.627705
149.448600	1.681384
150.471300	1.725307
151.495400	1.771063
152.491700	1.813536
153.475500	1.849011
154.448500	1.889188
155.427800	1.931960
156.429000	1.977548
157.413700	2.023611
158.413400	2.073754
159.393400	2.130143
160.397300	2.182245
161.419400	2.235082
162.435000	2.293733
163.440900	2.337605
164.432300	2.382779
165.423400	2.431306
166.412400	2.471723
167.426100	2.521797
168.429200	2.575142
169.446800	2.631899
170.449400	2.688941
171.435700	2.742463
172.434300	2.796844
173.411600	2.844725
174.393900	2.892917
175.424200	2.948129
176.424900	2.991662
177.435200	3.039593
178.431300	3.092284
179.395400	3.136138
180.389700	3.189291
181.390500	3.240568
182.392500	3.283806
183.414400	3.328406
184.401600	3.369126
185.398700	3.407689
186.404500	3.454290
187.387200	3.500899
188.410800	3.552962
189.418000	3.600537
190.423200	3.639193
191.424400	3.677763
192.402600	3.710158
193.399200	3.742935
194.420100	3.779577
195.424100	3.807655
196.439200	3.838350
197.425100	3.871062
198.402700	3.900843
199.416500	3.939222
200.422800	3.969668
201.452000	3.997991
202.474400	4.021842
203.471100	4.036080
204.467800	4.051298
205.450400	4.063718
206.400500	4.077045
207.381100	4.096714
208.375600	4.113847
209.372600	4.132118
210.389000	4.151262
211.396100	4.159375
212.385000	4.171199
213.389000	4.179228
214.415200	4.178001
215.397000	4.182132
216.389800	4.182225
217.387500	4.178628
218.361500	4.183567
219.368100	4.188419
220.384200	4.190978
221.360600	4.191381
222.373300	4.185984
223.384100	4.178213
224.398700	4.168658
225.412400	4.163350
226.400700	4.159957
227.381500	4.148314
228.342700	4.139285
229.329000	4.127756
230.320700	4.109384
231.308700	4.098281
232.319300	4.086143
233.299600	4.066062
234.299300	4.049774
235.315200	4.031869
236.287200	4.013611
237.313500	4.000059
238.312700	3.985206
239.321000	3.970734
240.349300	3.949990
241.340700	3.930446
242.327400	3.911013
243.306500	3.887534
244.303500	3.868112
245.291800	3.850191
246.304500	3.828678
247.298000	3.809606
248.309700	3.790295
249.313200	3.769260
250.311300	3.750147
251.349200	3.730885
252.338700	3.711865
253.340800	3.688261
254.364100	3.663655
255.338000	3.641201
256.343100	3.616246
257.346400	3.595642
258.330200	3.576764
259.321600	3.555245
260.316200	3.534981
261.337800	3.515172
262.341500	3.491045
263.366800	3.470072
264.364600	3.448042
265.344200	3.425277
266.341500	3.404440
267.322400	3.381950
268.314800	3.360789
269.332900	3.342060
270.327000	3.322808
271.347300	3.305925
272.353300	3.286732
273.345000	3.265457
274.351500	3.246182
275.320100	3.225282
276.321000	3.207633
277.301700	3.189659
278.293500	3.168941
279.323400	3.150508
280.324500	3.131063
281.311800	3.111755
282.302700	3.094593
283.290300	3.077311
284.269000	3.058300
285.287100	3.041192
286.270800	3.024774
287.252100	3.009114
288.251100	2.994142
289.250500	2.978759
290.288100	2.961622
291.286900	2.942574
292.302600	2.925469
293.297300	2.908727
294.270100	2.890837
295.260200	2.875378
296.242900	2.861065
297.256300	2.846174
298.265500	2.835565
299.291000	2.822695
300.309800	2.808521
301.295900	2.794000
302.302300	2.778087
303.335800	2.764268
304.340900	2.748619
305.336300	2.734313
306.319900	2.720469
307.269100	2.705540
308.245800	2.694464
309.258800	2.684014
310.265100	2.671702
311.284300	2.662017
312.301800	2.650137
313.309500	2.636819
314.306500	2.625576
315.295400	2.612801
316.288800	2.600595
317.272200	2.588692
318.267700	2.576751
319.272000	2.565865
320.274700	2.555073
321.280600	2.544634
322.292700	2.534516
323.285900	2.522792
324.281100	2.512762
325.269400	2.503405
326.255800	2.493371
327.266200	2.483808
328.274100	2.474291
329.292300	2.464403
330.298600	2.455461
331.290300	2.446411
332.288800	2.436647
333.267200	2.426423
334.261900	2.416185
335.257100	2.408176
336.251000	2.400056
337.255500	2.393099
338.263200	2.385729
339.273400	2.375895
340.259700	2.366296
341.280500	2.357941
342.275800	2.349445
343.296400	2.342631
344.309200	2.335169
345.272600	2.326315
346.276500	2.318729
347.258600	2.311397
348.255300	2.305897
349.280200	2.298778
350.273400	2.290310
351.280900	2.281619
352.278000	2.272618
353.275200	2.265680
354.299200	2.260159
355.269000	2.253761
356.285500	2.247078
357.285900	2.240498
358.263200	2.233268
359.280900	2.227946
360.276100	2.222636
361.274000	2.216661
362.269000	2.210350
363.257300	2.202777
364.243700	2.195703
365.223100	2.188624
366.206400	2.183046
367.218800	2.178059
368.209700	2.172897
369.215200	2.168476
370.244600	2.164181
371.247900	2.159321
372.267800	2.153967
373.278000	2.149233
374.263100	2.143916
375.263600	2.139112
376.259600	2.133576
377.254700	2.127040
378.262300	2.120938
379.255900	2.115785
380.272700	2.111428
381.281800	2.107221
382.283700	2.103084
383.291700	2.097766
384.277300	2.092712
385.272200	2.089335
386.278900	2.085556
387.259200	2.080353
388.235100	2.076306
389.237500	2.071456
390.212500	2.064270
391.215000	2.060931
392.244200	2.056843
393.242000	2.052267
394.246300	2.050194
395.241700	2.044635
396.232700	2.040595
397.235200	2.036741
398.249700	2.033126
398.786400	2.011794
398.812300	1.984474
398.360200	1.954161
397.407200	1.921311
396.417900	1.905740
395.416200	1.891363
394.391400	1.878482
393.359500	1.866098
392.349700	1.855333
391.356200	1.845115
390.359700	1.836362
389.385900	1.828017
388.385400	1.818805
387.398000	1.811811
386.423900	1.803598
385.400400	1.794718
384.414400	1.787572
383.419700	1.780943
382.426000	1.774226
381.459900	1.768815
380.469300	1.760962
379.462800	1.750942
378.443100	1.741717
377.417400	1.732370
376.437200	1.724937
375.426500	1.717613
374.409900	1.710879
373.427800	1.705001
372.384600	1.698308
371.375000	1.693386
370.414000	1.689580
369.390500	1.684602
368.411900	1.680369
367.427400	1.675689
366.405600	1.669569
365.425800	1.664481
364.414200	1.660236
363.432900	1.656055
362.420800	1.651200
361.423300	1.645091
360.448600	1.638107
359.420500	1.630618
358.438400	1.623752
357.442800	1.618234
356.427000	1.611930
355.428000	1.605451
354.421500	1.599757
353.407600	1.593641
352.402600	1.588565
351.417400	1.585093
350.416200	1.581397
349.429500	1.577265
348.434700	1.572829
347.443500	1.568584
346.454300	1.563466
345.452000	1.560149
344.451100	1.557074
343.430400	1.551710
342.404900	1.546667
341.410500	1.540112
340.412200	1.532872
339.413800	1.527082
338.448800	1.521530
337.429400	1.516165
336.409100	1.511776
335.410200	1.505892
334.390300	1.500259
333.410600	1.495171
332.435800	1.489811
331.427100	1.485875
330.433400	1.482235
329.399400	1.477128
328.391800	1.472557
327.427900	1.467975
326.415900	1.462656
325.446000	1.458935
324.446200	1.453653
323.409600	1.448271
322.413800	1.442672
321.401400	1.436228
320.389100	1.431425
319.415800	1.426110
318.440000	1.420547
317.442000	1.415227
316.452500	1.409280
315.435800	1.402875
314.408900	1.397011
313.416300	1.391556
312.436000	1.385852
311.438200	1.380649
310.455600	1.375866
309.443400	1.370793
308.427400	1.364506
307.465100	1.358682
306.485400	1.351622
305.503500	1.343221
304.505500	1.335387
303.475100	1.327704
302.433300	1.319742
301.403700	1.313306
300.409000	1.307633
299.425700	1.300551
298.442900	1.293636
297.452100	1.286016
296.449500	1.277994
295.426400	1.269064
294.434000	1.260668
293.455700	1.253378
292.450000	1.243958
291.439100	1.237728
290.426100	1.229464
289.411300	1.219697
288.411200	1.211435
287.433700	1.200889
286.436000	1.190420
285.433700	1.179540
284.435400	1.167660
283.422900	1.156412
282.406700	1.145792
281.412800	1.135288
280.439100	1.126768
279.441500	1.114715
278.464600	1.102973
277.479600	1.091437
276.456900	1.075709
275.456300	1.062349
274.453400	1.049951
273.436000	1.035993
272.456700	1.024290
271.451300	1.013105
270.464100	0.997373
269.481600	0.982732
268.465300	0.966068
267.495500	0.947802
266.484000	0.930332
265.460600	0.910666
264.454300	0.892718
263.450000	0.873328
262.454700	0.856072
261.488000	0.841100
260.499600	0.823086
259.484300	0.804966
258.485600	0.784824
257.471300	0.761004
256.474800	0.738333
255.488600	0.717617
254.488300	0.695016
253.502300	0.673500
252.479300	0.648127
251.435200	0.621518
250.423300	0.596179
249.400600	0.569331
248.405300	0.542443
247.449400	0.514238
246.440400	0.484941
245.421600	0.457829
244.425900	0.427754
243.412100	0.397951
242.441100	0.369524
241.469400	0.336018
240.475900	0.305569
239.483200	0.273055
238.482200	0.238905
237.511900	0.209310
236.521300	0.176620
235.520900	0.141987
234.503100	0.104368
233.457200	0.064074
232.448300	0.025846
231.461800	-0.013678
230.471600	-0.049906
229.503800	-0.086059
228.505500	-0.130348
227.515100	-0.173166
226.534800	-0.219110
225.525200	-0.272847
224.533200	-0.317648
223.516900	-0.362613
222.499400	-0.410191
221.507900	-0.451439
220.525900	-0.493201
219.553900	-0.536237
218.580700	-0.580716
217.577000	-0.625243
216.568200	-0.674847
215.557800	-0.731762
214.552100	-0.786232
213.555200	-0.837383
212.552700	-0.894574
211.540000	-0.942802
210.539300	-0.985347
209.532400	-1.039356
208.542600	-1.086856
207.563500	-1.136812
206.565000	-1.194584
205.583100	-1.249984
204.583500	-1.304424
203.583600	-1.358139
202.576900	-1.415334
201.564300	-1.469001
200.565500	-1.517397
199.555800	-1.570540
198.566700	-1.621437
197.591000	-1.666217
196.594900	-1.726339
195.584200	-1.784784
194.573400	-1.837062
193.550400	-1.895242
192.539300	-1.943465
191.555100	-1.986644
190.551700	-2.030573
189.548100	-2.076322
188.539300	-2.123559
187.532000	-2.169828
186.532500	-2.217892
185.525100	-2.268407
184.535000	-2.310927
183.501600	-2.357491
182.502000	-2.402027
181.532700	-2.431455
180.540400	-2.466741
179.567200	-2.496102
178.606700	-2.524313
177.590100	-2.563578
176.569200	-2.601233
175.581100	-2.642840
174.533700	-2.682538
173.511700	-2.713332
172.506600	-2.742118
171.508400	-2.765186
170.514800	-2.783369
169.540900	-2.805699
168.569100	-2.823013
167.577300	-2.841304
166.587300	-2.862024
165.598400	-2.879859
164.591000	-2.903776
163.563700	-2.920882
162.551000	-2.934874
161.542700	-2.945956
160.532700	-2.946794
159.549400	-2.950045
158.587000	-2.957129
157.590000	-2.961714
156.614700	-2.970174
155.613400	-2.979326
154.602900	-2.981921
153.602600	-2.983405
152.606900	-2.979980
151.609400	-2.977436
150.611700	-2.971333
149.612600	-2.963671
148.595900	-2.961725
147.605900	-2.951543
146.596000	-2.943178
145.586500	-2.941612
144.582600	-2.931318
143.585400	-2.920479
142.569500	-2.911171
141.570600	-2.892332
140.574600	-2.874219
139.574300	-2.860685
138.578800	-2.846858
137.586200	-2.835191
136.581300	-2.821219
135.570300	-2.809333
134.557600	-2.792937
133.560400	-2.773357
132.549500	-2.759409
131.541400	-2.737993
130.578100	-2.714164
129.576400	-2.695242
128.597000	-2.671753
127.623000	-2.648454
126.632600	-2.631874
125.646100	-2.613197
124.644300	-2.594717
123.618100	-2.575306
122.570300	-2.554471
121.562800	-2.533020
120.586300	-2.508682
119.601000	-2.489602
118.617100	-2.469246
117.619200	-2.446873
116.599600	-2.428766
115.602900	-2.409074
114.631800	-2.386339
113.624500	-2.368271
112.624400	-2.347953
111.608000	-2.325262
110.595200	-2.303804
109.615500	-2.280285
108.625200	-2.258128
107.635700	-2.236286
106.634000	-2.220095
105.615800	-2.201342
104.617100	-2.181805
103.627800	-2.164552
102.631000	-2.142917
101.643000	-2.122722
100.640800	-2.106345
99.625820	-2.087515
98.624920	-2.069580
97.630740	-2.052993
96.622160	-2.031676
95.618110	-2.013910
94.603140	-1.994855
93.591220	-1.976187
92.607220	-1.959138
91.642870	-1.938597
90.643340	-1.922385
89.648560	-1.903711
88.630310	-1.888785
87.605280	-1.873753
86.610980	-1.856905
85.610720	-1.842790
84.612800	-1.824601
83.620290	-1.808538
82.619470	-1.791967
81.608730	-1.776963
80.588510	-1.763214
79.590480	-1.748818
78.578740	-1.734509
77.585440	-1.719110
76.634540	-1.702757
75.650390	-1.685720
74.672500	-1.670819
73.683080	-1.656604
72.689590	-1.642246
71.672290	-1.629786
70.668080	-1.616058
69.672390	-1.601034
68.639600	-1.588151
67.631000	-1.575431
66.625510	-1.563369
65.627500	-1.553214
64.642950	-1.541633
63.659770	-1.530515
62.683990	-1.518947
61.670850	-1.506945
60.649910	-1.496894
59.646910	-1.485605
58.642040	-1.474626
57.642190	-1.463773
56.644570	-1.450759
55.666770	-1.439285
54.664130	-1.428370
53.704830	-1.416315
52.731140	-1.406759
51.739910	-1.397003
50.762940	-1.385821
49.722720	-1.377540
48.723700	-1.367854
47.689450	-1.358866
46.662460	-1.351079
45.671790	-1.342154
44.671280	-1.333148
43.687810	-1.323663
42.673840	-1.314109
41.671790	-1.304820
40.639560	-1.296792
39.644520	-1.288462
38.638870	-1.280174
37.649320	-1.271117
36.668500	-1.261983
35.629390	-1.252052
34.665910	-1.242601
33.657330	-1.234538
32.660070	-1.226301
31.700170	-1.220214
30.708790	-1.213956
29.712320	-1.207186
28.704360	-1.200365
27.702960	-1.192899
26.692680	-1.185417
25.700120	-1.178766
24.738950	-1.171344
23.729440	-1.164096
22.734840	-1.157393
21.743930	-1.149880
20.709320	-1.143574
19.707850	-1.137163
18.686800	-1.130165
17.688830	-1.123352
16.711700	-1.115190
15.730350	-1.107359
14.761540	-1.100868
13.748810	-1.095042
12.750630	-1.090184
11.749450	-1.085780
10.726930	-1.080968
9.735900	-1.076062
8.725614	-1.070778
7.717408	-1.065522
6.738707	-1.059066
5.741431	-1.052321
4.747127	-1.046816
3.764430	-1.040091
2.759163	-1.034489
1.737881	-1.029989
0.746186	-1.024038
-0.232383	-1.018372
-1.188202	-1.010884
-2.105666	-1.002876
-3.066289	-0.995581
-4.038436	-0.990703
-5.016346	-0.988249
-6.054187	-0.985554
-7.064225	-0.982597
-8.083922	-0.979104
-9.110768	-0.975149
-10.108950	-0.970509
-11.110220	-0.966372
-12.110770	-0.961637
-13.110470	-0.955960
-14.094030	-0.951337
-15.079940	-0.946360
-16.074760	-0.941194
-17.085160	-0.936792
-18.089010	-0.933053
-19.103500	-0.928643
-20.116580	-0.922933
-21.120280	-0.917613
-22.121950	-0.911248
-23.131090	-0.905975
-24.124290	-0.903818
-25.116700	-0.902000
-26.110730	-0.899498
-27.098090	-0.897595
-28.104860	-0.893722
-29.091520	-0.889504
-30.108610	-0.886804
-31.103440	-0.883021
-32.096280	-0.878935
-33.100880	-0.874854
-34.096490	-0.869845
-35.098400	-0.865521
-36.089090	-0.861656
-37.079480	-0.857817
-38.068250	-0.854112
-39.046770	-0.848965
-40.061700	-0.844722
-41.065500	-0.841139
-42.060210	-0.837607
-43.070960	-0.836007
-44.051020	-0.834192
-45.063840	-0.831745
-46.078700	-0.830289
-47.072350	-0.828534
-48.080790	-0.824904
-49.094230	-0.821217
-50.084560	-0.817643
-51.100940	-0.813144
-52.110070	-0.811488
-53.084900	-0.808672
-54.096320	-0.805779
-55.102910	-0.803141
-56.093980	-0.798655
-57.116250	-0.795239
-58.120890	-0.791616
-59.123550	-0.789681
-60.150740	-0.787446
-61.135170	-0.784579
-62.125890	-0.783598
-63.134290	-0.781723
-64.109130	-0.780865
-65.121190	-0.779778
-66.109400	-0.776343
-67.107320	-0.773953
-68.113330	-0.771212
-69.102710	-0.770615
-70.121410	-0.769972
-71.100430	-0.767637
-72.099870	-0.765828
-73.107450	-0.763411
-74.114430	-0.760586
-75.129710	-0.759430
-76.135600	-0.756857
-77.107890	-0.754481
-78.082500	-0.753335
-79.078770	-0.750612
-80.076100	-0.749557
-81.098830	-0.748247
-82.096860	-0.746727
-83.090900	-0.745509
-84.066270	-0.742755
-85.037230	-0.740235
-86.057090	-0.737667
-87.041490	-0.734835
-88.041900	-0.733205
-89.070540	-0.731914
-90.067130	-0.729465
-91.074040	-0.727761
-92.107060	-0.724437
-93.093980	-0.719334
-94.067320	-0.714619
-95.073970	-0.709087
-96.032140	-0.704484
-97.040000	-0.701886
-98.065190	-0.698871
-99.061230	-0.695795
-100.071000	-0.692591
-101.052700	-0.688633
-102.036700	-0.685641
-103.030000	-0.683346
-104.023400	-0.680530
-105.031200	-0.678367
-106.032200	-0.675663
-107.037000	-0.673034
-108.045600	-0.670839
-109.067100	-0.669095
-110.076400	-0.667781
-111.092800	-0.665739
-112.109500	-0.663592
-113.115400	-0.659760
-114.097200	-0.656969
-115.076600	-0.655625
-116.055200	-0.655111
-117.034700	-0.655223
-118.078100	-0.654846
-119.090200	-0.654112
-120.119400	-0.653444
-121.125700	-0.652940
-122.106000	-0.651623
-123.118300	-0.650786
-124.095900	-0.648212
-125.085400	-0.646051
-126.078000	-0.644064
-127.062300	-0.640762
-128.052400	-0.639181
-129.056900	-0.637802
-130.055400	-0.635578
-131.049500	-0.633353
-132.074600	-0.630857
-133.070800	-0.628115
-134.069700	-0.627258
-135.073200	-0.626989
-136.080500	-0.627956
-137.090200	-0.628181
-138.100900	-0.627024
-139.083200	-0.627372
-140.074600	-0.625657
-141.048200	-0.624564
-142.023500	-0.624559
-143.043200	-0.622385
-144.040300	-0.620454
-145.058400	-0.618736
-146.068100	-0.616568
-147.058900	-0.615486
-148.047200	-0.615012
-149.058500	-0.613949
-150.047700	-0.612175
-151.036400	-0.609167
-152.035300	-0.607272
-153.002400	-0.606191
-153.987200	-0.606202
-154.993400	-0.608325
-155.983100	-0.609788
-156.968200	-0.609893
-157.991700	-0.610130
-158.997900	-0.610114
-160.004300	-0.609250
-161.048200	-0.609226
-162.038000	-0.608868
-163.035400	-0.607871
-164.053800	-0.605819
-165.025000	-0.604299
-166.027200	-0.602983
-167.025000	-0.601214
-168.001000	-0.601917
-169.013600	-0.601274
-170.005700	-0.599669
-171.013300	-0.598811
-172.026600	-0.597925
-173.020500	-0.598009
-174.038200	-0.599691
-175.038300	-0.600777
-176.034500	-0.600716
-177.022200	-0.601276
-178.010100	-0.600506
-178.983600	-0.600917
-179.968900	-0.601481
-180.965800	-0.601410
-181.977300	-0.601941
-183.007600	-0.601287
-184.022800	-0.600167
-185.039700	-0.598571
-186.035500	-0.597211
-187.009000	-0.596863
-188.003400	-0.597127
-188.986700	-0.596924
-189.984000	-0.597307
-190.976900	-0.596936
-191.951300	-0.597574
-192.962200	-0.599430
-193.957800	-0.600538
-194.974700	-0.601670
-195.994000	-0.602348
-196.994200	-0.602815
