1 298.1248 195.3211 -0.2935488 0.337473
2 297.0349 193.431 -0.3081684 0.324795
3 262.8973 200.5651 -0.3251114 0.3330482
4 276.8304 195.544 -0.3337905 0.339573
5 252.751 196.723 -0.3438284 0.3523526
6 250.6684 196.8172 -0.3499439 0.3598378
7 247.5065 199.9072 -0.3592889 0.3593467
8 248.4355 199.0183 -0.3667259 0.3802775
9 249.355 194.0807 -0.3702013 0.3725305
10 251.2669 193.1995 -0.3767145 0.3720028
11 247.1404 199.3099 -0.3697962 0.3750432
12 244.9952 195.3906 -0.3749563 0.3724377
13 238.9341 196.523 -0.37738 0.3782821
14 252.8693 193.5981 -0.3764212 0.380478
15 241.7258 193.7074 -0.3829988 0.3784131
16 249.5922 193.7948 -0.3733776 0.3761639
17 244.5051 198.8949 -0.3790482 0.402199
18 280.4248 194.035 -0.3855329 0.383187
19 247.3056 0.4674455 0.09139337 0.3798048
