-99.73949 -7.408228
-99.50903 -7.388659
-99.02031 -7.360393
-98.3045 -7.328917
-97.32639 -7.291191
-96.34348 -7.269458
-95.36136 -7.250845
-94.35133 -7.228255
-93.32398 -7.205126
-92.32657 -7.185165
-91.31999 -7.167796
-90.30331 -7.152114
-89.33317 -7.138299
-88.3138 -7.121262
-87.30012 -7.102297
-86.32198 -7.087068
-85.3139 -7.070439
-84.32082 -7.054949
-83.32962 -7.040068
-82.32977 -7.021796
-81.33073 -7.004446
-80.29913 -6.986415
-79.30843 -6.971611
-78.28384 -6.956686
-77.29347 -6.943465
-76.32852 -6.932202
-75.33916 -6.916197
-74.35973 -6.900755
-73.34683 -6.885217
-72.35315 -6.868629
-71.3403 -6.851665
-70.33539 -6.836107
-69.34044 -6.817816
-68.31979 -6.801754
-67.30786 -6.788261
-66.30579 -6.775751
-65.30828 -6.766932
-64.32508 -6.754894
-63.35306 -6.743428
-62.35281 -6.729672
-61.33206 -6.714447
-60.31598 -6.700559
-59.32001 -6.68426
-58.31763 -6.668243
-57.32264 -6.652298
-56.32465 -6.633813
-55.2856 -6.617808
-54.30434 -6.605271
-53.30693 -6.594784
-52.3185 -6.586521
-51.32687 -6.577102
-50.32323 -6.565478
-49.31878 -6.552167
-48.31448 -6.537923
-47.31345 -6.525725
-46.31785 -6.514206
-45.33115 -6.500934
-44.3293 -6.488447
-43.34482 -6.471924
-42.3335 -6.455758
-41.32746 -6.445174
-40.32277 -6.4345
-39.30876 -6.427361
-38.30146 -6.420313
-37.31272 -6.405636
-36.31507 -6.391703
-35.32299 -6.379589
-34.32563 -6.365901
-33.32433 -6.35594
-32.31642 -6.344686
-31.31567 -6.33011
-30.31991 -6.318216
-29.29238 -6.304962
-28.30145 -6.295374
-27.30966 -6.285701
-26.32093 -6.274036
-25.35469 -6.261446
-24.3637 -6.248956
-23.34989 -6.23513
-22.33985 -6.222003
-21.34444 -6.211007
-20.33741 -6.19596
-19.36182 -6.184819
-18.36947 -6.172232
-17.36137 -6.159731
-16.35577 -6.151876
-15.33198 -6.142497
-14.31099 -6.134673
-13.29131 -6.125922
-12.30168 -6.115036
-11.33425 -6.102726
-10.34459 -6.087368
-9.356654 -6.075837
-8.356404 -6.063605
-7.333139 -6.052359
-6.334768 -6.040564
-5.332275 -6.028008
-4.319031 -6.017371
-3.324415 -6.008723
-2.348744 -6.002586
-1.378639 -5.993913
-.4076708 -5.981733
.5700113 -5.968425
1.57031 -5.955268
2.572172 -5.942587
3.551682 -5.930195
4.563115 -5.916565
5.55464 -5.902984
6.533169 -5.891376
7.521819 -5.880952
8.505568 -5.870464
9.494583 -5.86118
10.49854 -5.850736
11.50851 -5.840072
12.51653 -5.827547
13.52792 -5.812061
14.53071 -5.796846
15.53947 -5.780253
16.53746 -5.766014
17.53907 -5.753734
18.54068 -5.73807
19.53254 -5.72546
20.52388 -5.715451
21.52162 -5.705188
22.51843 -5.699172
23.53003 -5.688945
24.55173 -5.676936
25.5447 -5.665956
26.54635 -5.651991
27.53466 -5.639925
28.51067 -5.627716
29.49478 -5.614029
30.48067 -5.600108
31.46361 -5.58278
32.43722 -5.567924
33.44235 -5.551929
34.46085 -5.537872
35.47855 -5.527129
36.50911 -5.510764
37.50244 -5.494956
38.4691 -5.480173
39.44702 -5.465768
40.44848 -5.452268
41.45741 -5.440673
42.47376 -5.424533
43.48825 -5.408877
44.47034 -5.393993
45.48056 -5.378497
46.48935 -5.365035
47.51482 -5.348112
48.53069 -5.334259
49.51865 -5.318444
50.52419 -5.299954
51.50238 -5.284379
52.47461 -5.262512
53.48117 -5.238246
54.47127 -5.217747
55.48829 -5.194491
56.5135 -5.174367
57.49834 -5.157562
58.49854 -5.138298
59.48036 -5.12088
60.47398 -5.101693
61.47874 -5.080548
62.45774 -5.058142
63.44862 -5.031278
64.45375 -5.004811
65.44832 -4.976923
66.47536 -4.946643
67.48375 -4.92265
68.47836 -4.894142
69.48137 -4.865751
70.45324 -4.841676
71.44785 -4.813163
72.45337 -4.78508
73.46642 -4.756001
74.47966 -4.72442
75.48797 -4.692101
76.45043 -4.660208
77.42984 -4.627815
78.41533 -4.595345
79.40656 -4.559574
80.42906 -4.522588
81.41434 -4.484026
82.43211 -4.440024
83.42812 -4.399921
84.43178 -4.358819
85.45116 -4.315692
86.46217 -4.276269
87.4657 -4.232684
88.45801 -4.190951
89.44641 -4.14946
90.42633 -4.100011
91.41045 -4.051336
92.43218 -3.994393
93.45595 -3.934553
94.45636 -3.878506
95.46327 -3.819898
96.4469 -3.76488
97.45358 -3.708208
98.48245 -3.645255
99.51402 -3.586106
100.5174 -3.522847
101.5126 -3.4573
102.4913 -3.392631
103.4655 -3.316365
104.4776 -3.238496
105.4653 -3.162547
106.4724 -3.082387
107.4904 -3.007764
108.4636 -2.932244
109.4632 -2.851946
110.4439 -2.767746
111.4445 -2.674735
112.4573 -2.581625
113.4559 -2.486932
114.4526 -2.384023
115.4192 -2.289012
116.4133 -2.185957
117.4098 -2.077316
118.416 -1.974582
119.4243 -1.863573
120.4186 -1.748918
121.4131 -1.635954
122.4053 -1.511205
123.4144 -1.382402
124.437 -1.248074
125.4511 -1.11503
126.461 -.9883642
127.4391 -.8517233
128.42 -.7248371
129.4128 -.5850086
130.4055 -.4252428
131.4049 -.2850442
132.398 -.1244721
133.3984 4.247659E-02
134.3966 .1925555
135.4197 .3745527
136.4344 .5559093
137.4356 .7343135
138.4278 .9147001
139.4115 1.084424
140.3859 1.257629
141.3815 1.436708
142.3867 1.633678
143.4127 1.851496
144.4443 2.061365
145.4501 2.272839
146.4615 2.494307
147.4498 2.694839
148.4278 2.905232
149.4299 3.132596
150.4477 3.348012
151.4346 3.572723
152.4447 3.806852
153.438 4.040433
154.4264 4.286828
155.4344 4.536873
156.4365 4.792998
157.4473 5.039925
158.4188 5.276663
159.4208 5.528428
160.4094 5.775686
161.386 6.035105
162.4243 6.327341
163.4323 6.611149
164.4406 6.899146
165.4699 7.190627
166.4683 7.459042
167.4558 7.736003
168.4426 8.017736
169.421 8.296148
170.4063 8.588011
171.4071 8.875529
172.4103 9.169456
173.4146 9.482571
174.4099 9.797928
175.4255 10.1282
176.4374 10.44365
177.4456 10.74086
178.4437 11.03638
179.4172 11.31097
180.4127 11.61058
181.3958 11.92479
182.3897 12.23151
183.3945 12.56267
184.3962 12.88548
185.3978 13.19809
186.4258 13.52826
187.4347 13.84857
188.4235 14.16129
189.4429 14.47031
190.4273 14.76975
191.4238 15.07197
192.421 15.37722
193.4111 15.70128
194.4336 16.04124
195.4401 16.35579
196.4745 16.67246
197.479 16.97889
198.4574 17.24949
199.4554 17.54659
200.4491 17.84951
201.4586 18.13868
202.4758 18.4397
203.472 18.73268
204.4731 19.00953
205.4679 19.28517
206.4436 19.55973
207.4542 19.83169
208.4204 20.07744
209.4129 20.31944
210.42 20.57231
211.4142 20.79761
212.4198 21.05044
213.4268 21.32339
214.4351 21.56524
215.4334 21.81223
216.4512 22.04472
217.4264 22.23961
218.4042 22.43398
219.4001 22.62513
220.3965 22.81395
221.4064 22.99617
222.4036 23.17328
223.4097 23.36233
224.3957 23.53296
225.3837 23.70438
226.3945 23.88521
227.3744 24.01689
228.3847 24.12883
229.3981 24.23823
230.3973 24.31821
231.4007 24.41511
232.3848 24.52386
233.3712 24.62224
234.3813 24.71399
235.3763 24.78934
236.3901 24.85274
237.3986 24.90048
238.3837 24.93012
239.4035 24.9714
240.3981 24.99132
241.391 24.99839
242.4044 25.02029
243.388 25.01404
244.3837 25.01082
245.4047 25.01093
246.3935 24.97944
247.4011 24.94185
248.4054 24.88894
249.3797 24.82182
250.3912 24.76495
251.4005 24.70257
252.4056 24.64513
253.4331 24.57962
254.4264 24.4926
255.4175 24.40175
256.4136 24.2918
257.4012 24.17425
258.3934 24.06043
259.3744 23.92755
260.3414 23.80109
261.3363 23.67562
262.3113 23.5397
263.3145 23.42251
264.3494 23.2939
265.3443 23.1627
266.3647 23.02304
267.368 22.85931
268.3411 22.70321
269.3432 22.5386
270.3307 22.38074
271.3361 22.23647
272.3431 22.07794
273.3447 21.9244
274.3664 21.77316
275.3727 21.61136
276.3935 21.45823
277.3971 21.30238
278.3828 21.13197
279.3805 20.96673
280.3645 20.80214
281.3551 20.63052
282.3514 20.47513
283.3523 20.31795
284.3642 20.16033
285.3666 20.00247
286.3632 19.84191
287.3737 19.68313
288.3535 19.52804
289.3407 19.38004
290.3758 19.2356
291.3713 19.08726
292.3774 18.93511
293.3712 18.78005
294.342 18.62173
295.3325 18.47366
296.3478 18.32811
297.3647 18.18741
298.3836 18.05085
299.3853 17.91339
300.3681 17.77618
301.3598 17.64159
302.3641 17.50452
303.3796 17.3717
304.3975 17.23849
305.4087 17.10827
306.391 16.97862
307.3856 16.84762
308.3901 16.72451
309.4106 16.60099
310.4247 16.47673
311.4204 16.35901
312.4336 16.2394
313.4148 16.11922
314.4061 16.00554
315.4055 15.89288
316.3922 15.78275
317.3931 15.67797
318.3929 15.57155
319.3895 15.46539
320.3572 15.35769
321.3439 15.25239
322.3579 15.15079
323.3355 15.04851
324.3428 14.95076
325.3511 14.85418
326.3262 14.75538
327.338 14.66415
328.3682 14.57551
329.3757 14.485
330.3901 14.3969
331.378 14.30627
332.3625 14.21356
333.3429 14.12386
334.3244 14.03624
335.3474 13.9541
336.3278 13.87165
337.3135 13.79222
338.3274 13.71713
339.3216 13.63789
340.3396 13.56205
341.3651 13.48788
342.3608 13.41006
343.3557 13.33837
344.3478 13.26601
345.335 13.1909
346.3342 13.11865
347.335 13.04528
348.3594 12.97695
349.3897 12.9101
350.3821 12.84379
351.3854 12.77972
352.3663 12.71303
353.3503 12.64925
354.3786 12.58901
355.3766 12.52949
356.3886 12.47056
357.4078 12.4109
358.4035 12.34843
359.413 12.28662
360.405 12.22759
361.3852 12.17088
362.3557 12.11437
363.3508 12.05833
364.3291 12.00311
365.3201 11.94955
366.3303 11.89702
367.3351 11.85062
368.3632 11.79941
369.3519 11.74741
370.3515 11.69724
371.3325 11.64225
372.3293 11.594
373.3613 11.54597
374.369 11.49915
375.3644 11.45366
376.3601 11.40809
377.3431 11.36382
378.3502 11.32199
379.3695 11.27937
380.3815 11.23737
381.3952 11.19523
382.3822 11.15057
383.3575 11.10887
384.3319 11.06792
385.3036 11.02784
386.3 10.99093
387.3039 10.95153
388.3082 10.91506
389.3283 10.87976
390.3315 10.84258
391.3427 10.80884
392.3541 10.77404
393.3542 10.74242
394.3612 10.70902
395.3591 10.6739
396.3593 10.63735
397.3569 10.59905
398.357 10.56704
399.3941 10.53812
400.391 10.50954
401.409 10.48061
402.4155 10.451
403.3893 10.41835
404.3804 10.3917
405.3811 10.36883
406.3747 10.34107
407.3764 10.31511
408.3946 10.28496
409.379 10.25193
410.3829 10.22312
411.3742 10.19722
412.3764 10.17152
413.3691 10.14659
414.3558 10.1225
415.3615 10.09741
416.3447 10.07381
417.3511 10.05412
418.3804 10.03414
419.381 10.01184
420.3873 9.988438
421.3939 9.96394
422.3621 9.938799
423.3527 9.917798
424.3423 9.898165
425.3163 9.876847
426.3217 9.860229
427.318 9.841719
428.3225 9.824471
429.3359 9.80913
430.3382 9.792825
431.3568 9.775858
432.3509 9.759238
433.3359 9.741225
434.3238 9.725082
435.3011 9.706527
436.2876 9.689913
437.3016 9.676495
438.2915 9.66053
439.2897 9.652052
440.2963 9.643513
441.285 9.631194
442.299 9.62097
443.3029 9.609943
444.3261 9.597135
445.3412 9.584337
446.3413 9.570351
447.3416 9.558393
448.3069 9.548344
449.2916 9.542078
450.3062 9.539762
451.3141 9.532243
452.3474 9.524889
453.35 9.515827
454.3328 9.506314
455.3242 9.502478
456.3131 9.498477
457.3147 9.494061
458.3253 9.489634
459.3344 9.481539
460.3242 9.473379
461.3176 9.468262
462.3105 9.462556
463.305 9.456257
464.3074 9.448252
465.3069 9.440963
466.3024 9.436631
467.2965 9.433763
468.2955 9.43283
469.3269 9.428329
470.3273 9.415453
471.3339 9.400047
472.3285 9.383904
473.288 9.362274
474.2839 9.345519
475.2479 9.327002
476.2627 9.305636
477.2878 9.285724
478.2869 9.263879
479.3273 9.240366
480.3164 9.212263
481.3165 9.182955
482.3368 9.148749
483.3306 9.106306
484.3339 9.065552
485.3136 9.024554
486.278 8.980556
487.2618 8.943487
488.2564 8.908247
489.2692 8.869597
490.2924 8.831351
491.2979 8.79078
492.3084 8.746378
493.2874 8.704437
494.2783 8.662811
495.3076 8.623613
496.2984 8.580878
497.3019 8.538702
498.3016 8.503042
498.8126 8.382409
498.8629 8.244846
498.4184 8.093565
497.437 7.922184
496.4216 7.82574
495.3856 7.744972
494.3781 7.673771
493.3878 7.614567
492.4101 7.564156
491.4304 7.516077
490.4307 7.46804
489.4179 7.420329
488.4271 7.375165
487.4461 7.330686
486.4541 7.290611
485.5032 7.255711
484.4952 7.216372
483.4641 7.181123
482.468 7.147883
481.439 7.114912
480.4264 7.085779
479.4487 7.057014
478.4485 7.027401
477.4478 6.995903
476.4499 6.963348
475.4433 6.933148
474.4546 6.905854
473.4557 6.881718
472.4779 6.862002
471.4939 6.835615
470.4618 6.806011
469.485 6.776278
468.4624 6.743776
467.4575 6.717896
466.4833 6.692639
465.4655 6.666005
464.496 6.642192
463.4864 6.618051
462.4654 6.596084
461.4953 6.577524
460.4805 6.558269
459.4809 6.537704
458.5043 6.516096
457.4785 6.491152
456.4792 6.466882
455.478 6.44637
454.4697 6.427682
453.4722 6.410326
452.458 6.387942
451.4642 6.364455
450.4577 6.341128
449.4538 6.316762
448.462 6.299638
447.4763 6.280887
446.4714 6.259139
445.4723 6.238495
444.4795 6.217841
443.4613 6.198631
442.449 6.182899
441.4535 6.169788
440.4496 6.155198
439.4325 6.138447
438.4348 6.122453
437.4327 6.104603
436.4323 6.089025
435.4498 6.07654
434.4868 6.062737
433.4944 6.046053
432.4717 6.027969
431.4769 6.010055
430.4539 5.992513
429.4498 5.979683
428.4846 5.967423
427.4997 5.954061
426.5107 5.938389
425.5009 5.921018
424.4757 5.904932
423.4645 5.891588
422.4666 5.881021
421.4721 5.870716
420.4833 5.85873
419.4733 5.84606
418.4636 5.833577
417.4521 5.824041
416.4703 5.814511
415.4771 5.803531
414.4854 5.792222
413.5056 5.778691
412.5075 5.766123
411.5336 5.756859
410.5561 5.745732
409.543 5.738733
408.5465 5.730604
407.5317 5.719922
406.5166 5.70973
405.543 5.697102
404.5323 5.685167
403.5314 5.672395
402.5347 5.663679
401.5167 5.653099
400.5112 5.643791
399.5021 5.634606
398.4893 5.623834
397.5113 5.612241
396.5092 5.600133
395.5261 5.589497
394.5189 5.578519
393.4824 5.569361
392.4772 5.56099
391.4598 5.552683
390.4643 5.544724
389.4963 5.536262
388.4998 5.526268
387.4952 5.515434
386.5109 5.504381
385.4982 5.492435
384.5009 5.482822
383.5279 5.47286
382.5229 5.465636
381.5184 5.458286
380.507 5.448809
379.4798 5.43849
378.4728 5.425507
377.4759 5.411937
376.4862 5.398672
375.4907 5.385624
374.4817 5.373918
373.468 5.36422
372.4521 5.353168
371.4414 5.345468
370.4648 5.336765
369.4914 5.3252
368.4982 5.315582
367.5101 5.303973
366.4793 5.290401
365.4641 5.279179
364.475 5.268291
363.4855 5.259439
362.4864 5.251709
361.466 5.239479
360.4796 5.226937
359.4901 5.209472
358.5299 5.193782
357.5564 5.181581
356.5441 5.163699
355.5291 5.148728
354.5013 5.133666
353.4998 5.118142
352.4935 5.106571
351.4733 5.097502
350.4833 5.08325
349.4915 5.069617
348.4912 5.05465
347.5032 5.038236
346.5115 5.022263
345.4884 5.008674
344.5064 4.998088
343.5024 4.980591
342.4805 4.965101
341.4935 4.946843
340.4739 4.922529
339.4534 4.903237
338.4644 4.884519
337.4579 4.863208
336.4524 4.843838
335.4712 4.824215
334.4752 4.803442
333.4803 4.784938
332.4991 4.766911
331.5187 4.748819
330.5347 4.728592
329.5281 4.70585
328.5222 4.68402
327.5149 4.658128
326.4911 4.634833
325.5022 4.614204
324.5045 4.586948
323.4799 4.560507
322.4724 4.531958
321.4822 4.500911
320.5017 4.472998
319.5272 4.445951
318.5482 4.415875
317.5418 4.384946
316.5222 4.350803
315.5197 4.315665
314.5043 4.282195
313.5007 4.247639
312.5101 4.217224
311.5143 4.184898
310.5423 4.15035
309.5539 4.117626
308.5618 4.078255
307.5837 4.03834
306.5857 3.998884
305.5835 3.950471
304.5671 3.903835
303.5461 3.85549
302.5204 3.80301
301.5104 3.759859
300.5099 3.712778
299.5262 3.663449
298.5412 3.612808
297.5427 3.554039
296.541 3.49421
295.5107 3.433513
294.4982 3.374117
293.5067 3.317352
292.5205 3.253034
291.5391 3.193278
290.5426 3.129814
289.5186 3.059353
288.5062 2.99488
287.5104 2.921321
286.5054 2.840012
285.5255 2.761036
284.5027 2.677187
283.4791 2.59371
282.4713 2.512279
281.4595 2.435547
280.4825 2.357237
279.5035 2.267397
278.5192 2.173891
277.539 2.075888
276.5366 1.958877
275.5149 1.851722
274.5055 1.747917
273.4929 1.629743
272.4844 1.522443
271.4911 1.409245
270.4919 1.287746
269.4822 1.173147
268.5068 1.057517
267.5095 .9307264
266.4948 .8028433
265.4962 .6656814
264.4877 .529622
263.4808 .3876326
262.4928 .245026
261.5108 .1021489
260.4918 -6.031987E-02
259.5044 -.214277
258.5052 -.3722911
257.4927 -.5375971
256.5081 -.6895952
255.515 -.8439624
254.5321 -1.015464
253.542 -1.187907
252.5381 -1.376468
251.5144 -1.576018
250.5138 -1.769168
249.5003 -1.967313
248.5085 -2.161044
247.5195 -2.366129
246.5059 -2.567582
245.5009 -2.764539
244.5032 -2.979417
243.4921 -3.184791
242.5187 -3.396334
241.5295 -3.641967
240.5142 -3.879629
239.5178 -4.124804
238.5021 -4.378512
237.5099 -4.608418
236.5193 -4.833452
235.5381 -5.063085
234.534 -5.305047
233.5122 -5.55414
232.5219 -5.810392
231.5374 -6.084111
230.5425 -6.350227
229.56 -6.604906
228.549 -6.889093
227.5432 -7.163463
226.5556 -7.428163
225.5549 -7.717862
224.5723 -7.988698
223.5748 -8.25905
222.5791 -8.553253
221.5796 -8.855328
220.5675 -9.162663
219.57 -9.467691
218.5683 -9.770307
217.5526 -10.0579
216.5647 -10.3322
215.5388 -10.62794
214.5348 -10.92997
213.5687 -11.22515
212.5499 -11.548
211.585 -11.86818
210.5814 -12.17241
209.5652 -12.49878
208.584 -12.81348
207.5605 -13.11604
206.5826 -13.41603
205.5964 -13.70192
204.6093 -13.99047
203.6345 -14.28092
202.6335 -14.59723
201.6348 -14.93823
200.6299 -15.27027
199.6034 -15.60725
198.5778 -15.92822
197.5895 -16.21174
196.5803 -16.5092
195.5976 -16.80386
194.5941 -17.09608
193.5806 -17.4054
192.5848 -17.7001
191.5938 -17.9962
190.6057 -18.30086
189.5869 -18.59804
188.5768 -18.90153
187.5547 -19.18863
186.5443 -19.44973
185.5461 -19.70764
184.5424 -19.9493
183.5466 -20.20118
182.5403 -20.46552
181.5587 -20.72447
180.566 -20.98861
179.5657 -21.23048
178.5771 -21.45304
177.5635 -21.68446
176.5759 -21.89877
175.5957 -22.11765
174.6 -22.34612
173.6228 -22.54951
172.6139 -22.75525
171.597 -22.96188
170.5722 -23.16059
169.5523 -23.35501
168.5494 -23.53042
167.5441 -23.69088
166.5709 -23.82464
165.5886 -23.94295
164.5821 -24.08094
163.589 -24.20906
162.5876 -24.33902
161.5617 -24.48369
160.5679 -24.59427
159.5564 -24.69095
158.5414 -24.78814
157.5584 -24.85985
156.559 -24.92269
155.5803 -24.9797
154.5928 -25.02314
153.6041 -25.0619
152.6214 -25.09382
151.6093 -25.1398
150.5951 -25.18089
149.5726 -25.20197
148.5466 -25.23035
147.5454 -25.22409
146.5712 -25.1894
145.5757 -25.16714
144.5977 -25.12867
143.5933 -25.08299
142.5875 -25.04947
141.5911 -25.00046
140.5879 -24.94227
139.5914 -24.87997
138.5787 -24.81471
137.5691 -24.74429
136.5515 -24.65153
135.5469 -24.56309
134.5459 -24.45971
133.5744 -24.33922
132.5901 -24.24221
131.5779 -24.13541
130.5739 -24.01936
129.5521 -23.9104
128.543 -23.77892
127.5598 -23.63338
126.5905 -23.48999
125.5966 -23.34598
124.6016 -23.20718
123.6186 -23.07079
122.6039 -22.9373
121.5969 -22.8018
120.5905 -22.65452
119.5772 -22.51205
118.5781 -22.36651
117.5973 -22.20725
116.6045 -22.0555
115.5963 -21.89565
114.5934 -21.72889
113.5814 -21.57924
112.5912 -21.42269
111.6003 -21.26815
110.604 -21.11595
109.6096 -20.95393
108.5947 -20.7959
107.5948 -20.6361
106.5879 -20.4817
105.5879 -20.32755
104.5859 -20.17192
103.6023 -20.02095
102.6133 -19.86716
101.6236 -19.71041
100.6553 -19.56791
99.65566 -19.42297
98.65778 -19.2771
97.6498 -19.14054
96.62788 -18.99605
95.61678 -18.85272
94.59809 -18.71462
93.58809 -18.57761
92.57734 -18.43886
91.57895 -18.29706
90.60353 -18.15873
89.61443 -18.02152
88.64499 -17.88346
87.64553 -17.75771
86.62597 -17.6321
85.62407 -17.50411
84.59743 -17.38413
83.60262 -17.26066
82.6134 -17.13584
81.61408 -17.01765
80.62448 -16.89639
79.62798 -16.77761
78.62621 -16.66124
77.63661 -16.54568
76.6424 -16.43538
75.63128 -16.32529
74.6581 -16.21841
73.64163 -16.11446
72.63329 -16.00544
71.64491 -15.89849
70.61974 -15.79295
69.62427 -15.68594
68.63303 -15.5856
67.61681 -15.48853
66.60307 -15.39141
65.59765 -15.29881
64.58771 -15.20393
63.59642 -15.11051
62.60396 -15.01929
61.6213 -14.92692
60.63301 -14.83687
59.63946 -14.74616
58.64251 -14.6562
57.63904 -14.57009
56.6218 -14.4862
55.62211 -14.40489
54.6203 -14.32371
53.61867 -14.24158
52.65081 -14.15934
51.66413 -14.07558
50.69295 -13.99451
49.71465 -13.91967
48.70398 -13.84518
47.70079 -13.7756
46.6769 -13.70686
45.65551 -13.63438
44.64418 -13.56294
43.62724 -13.49098
42.62016 -13.42045
41.61342 -13.34887
40.62628 -13.27799
39.62807 -13.2092
38.64449 -13.13887
37.6652 -13.07225
36.6412 -13.01224
35.64423 -12.95014
34.65209 -12.88772
33.63261 -12.82605
32.64549 -12.75603
31.6551 -12.69062
30.66354 -12.63153
29.67636 -12.57377
28.68964 -12.52106
27.69636 -12.46665
26.66643 -12.41194
25.66068 -12.35696
24.67505 -12.3003
23.66311 -12.24683
22.67879 -12.19071
21.7031 -12.13395
20.6808 -12.08081
19.66997 -12.02675
18.67165 -11.97211
17.6369 -11.92345
16.636 -11.87337
15.65481 -11.82076
14.65267 -11.76987
13.66541 -11.71526
12.6764 -11.66491
11.68757 -11.61908
10.69789 -11.57631
9.706494 -11.53526
8.707376 -11.49012
7.691256 -11.44582
6.700014 -11.40106
5.709851 -11.35589
4.719323 -11.31256
3.726768 -11.26749
2.734246 -11.2222
1.737603 -11.17814
.7425219 -11.13324
-.2340302 -11.09056
-1.203636 -11.04546
-2.185639 -11.00428
-3.150907 -10.96374
-4.137696 -10.92007
-5.148332 -10.88275
-6.141087 -10.8439
-7.147019 -10.8053
-8.140903 -10.77106
-9.150109 -10.7346
-10.13013 -10.6966
-11.15539 -10.66155
-12.16267 -10.62364
-13.1488 -10.58717
-14.16003 -10.55257
-15.1577 -10.516
-16.1758 -10.48117
-17.18993 -10.44585
-18.21003 -10.4078
-19.20606 -10.3719
-20.19687 -10.33635
-21.19566 -10.30126
-22.19514 -10.26894
-23.17439 -10.23225
-24.17032 -10.19909
-25.15556 -10.16534
-26.16167 -10.1325
-27.18245 -10.10647
-28.16694 -10.07611
-29.16478 -10.04793
-30.15546 -10.01927
-31.14262 -9.987328
-32.15752 -9.956844
-33.20322 -9.926678
-34.21565 -9.896175
-35.2265 -9.866573
-36.24039 -9.835999
-37.20942 -9.804823
-38.18697 -9.77244
-39.18467 -9.742349
-40.17341 -9.712482
-41.15878 -9.681232
-42.1709 -9.653378
-43.15172 -9.623391
-44.15913 -9.597262
-45.16088 -9.569466
-46.15203 -9.541765
-47.16639 -9.518081
-48.14935 -9.492045
-49.17512 -9.467424
-50.16937 -9.443026
-51.16834 -9.414614
-52.17037 -9.388222
-53.16176 -9.364574
-54.16219 -9.33915
-55.17756 -9.313946
-56.18521 -9.286985
-57.16784 -9.259751
-58.17934 -9.232408
-59.16552 -9.205781
-60.16289 -9.180788
-61.18338 -9.156773
-62.18873 -9.135898
-63.18187 -9.115065
-64.17596 -9.095014
-65.16637 -9.074154
-66.14894 -9.051674
-67.1606 -9.030721
-68.18349 -9.00868
-69.2005 -8.985687
-70.22379 -8.962892
-71.21584 -8.937832
-72.20402 -8.915168
-73.1817 -8.893602
-74.17442 -8.869343
-75.16565 -8.848719
-76.15338 -8.824818
-77.15201 -8.8007
-78.13242 -8.781848
-79.13418 -8.761138
-80.12675 -8.742423
-81.13716 -8.724878
-82.14067 -8.705328
-83.14906 -8.68736
-84.17184 -8.667075
-85.17001 -8.647132
-86.18228 -8.627287
-87.17596 -8.605474
-88.16463 -8.586519
-89.15795 -8.56776
-90.15646 -8.548752
-91.15712 -8.532071
-92.16723 -8.514063
-93.16076 -8.494339
-94.15437 -8.474601
-95.14453 -8.455041
-96.11526 -8.436078
-97.13119 -8.418457
-98.14264 -8.40194
-98.73155 -8.34618
-98.80501 -8.282307
-98.37002 -8.213667
-97.4185 -8.141616
-96.41074 -8.102872
-95.42459 -8.067685
-94.39943 -8.034544
-93.40137 -8.002569
-92.39456 -7.975841
-91.39579 -7.949275
-90.42377 -7.923521
-89.43494 -7.898467
-88.4304 -7.872304
-87.43506 -7.850701
-86.43452 -7.830016
-85.4194 -7.809659
-84.443 -7.786753
-83.43437 -7.762411
-82.43913 -7.737958
-81.43554 -7.714998
-80.40401 -7.694624
-79.40751 -7.676278
-78.40569 -7.654845
-77.44132 -7.633725
-76.47011 -7.612819
-75.46087 -7.591281
-74.44379 -7.573351
-73.42833 -7.555724
-72.42799 -7.536559
-71.43537 -7.51808
-70.44252 -7.500445
-69.44102 -7.481934
-68.42922 -7.464776
-67.43957 -7.447253
-66.46186 -7.428982
-65.46338 -7.409949
-64.48421 -7.390534
-63.47717 -7.372379
-62.46032 -7.355242
-61.45261 -7.338973
-60.43148 -7.325796
-59.43625 -7.310493
-58.41136 -7.293416
-57.4146 -7.276666
-56.411 -7.25657
-55.39431 -7.236816
-54.38919 -7.219615
-53.38771 -7.202335
-52.37397 -7.186438
-51.3806 -7.172666
-50.42967 -7.158847
-49.43931 -7.14557
-48.44609 -7.130988
-47.45877 -7.116138
-46.43848 -7.099435
-45.40724 -7.08045
-44.42342 -7.064311
-43.40232 -7.047414
-42.37709 -7.030945
-41.41586 -7.017078
-40.41121 -7.000465
-39.43218 -6.984857
-38.46248 -6.970982
-37.45558 -6.956749
-36.44593 -6.944195
-35.44378 -6.930627
-34.42447 -6.916953
-33.41862 -6.902902
-32.41349 -6.888767
-31.41402 -6.873438
-30.41874 -6.859313
-29.42356 -6.844003
-28.43571 -6.827394
-27.43737 -6.810756
-26.44536 -6.794077
-25.42758 -6.781009
-24.4302 -6.769281
-23.41718 -6.758875
-22.42065 -6.746305
-21.43811 -6.731891
-20.44873 -6.719048
-19.45279 -6.706706
-18.46211 -6.692741
-17.46233 -6.680417
-16.4479 -6.663703
-15.44267 -6.647558
-14.41593 -6.634178
-13.40102 -6.620006
-12.42013 -6.60688
-11.43984 -6.595788
-10.45849 -6.582541
-9.455364 -6.56892
-8.437949 -6.556397
-7.422395 -6.540427
-6.398116 -6.528884
-5.398847 -6.513667
-4.375615 -6.498918
-3.388311 -6.488081
-2.441156 -6.477396
-1.471251 -6.467147
-.5206727 -6.457864
.4757046 -6.446394
1.476336 -6.429569
2.478796 -6.415416
3.484213 -6.40108
4.452705 -6.385567
5.442336 -6.372426
6.434409 -6.360334
7.420035 -6.346498
8.444197 -6.332369
9.460183 -6.316361
10.46568 -6.301982
11.4542 -6.289494
12.45018 -6.277678
13.44531 -6.266836
14.40142 -6.253342
15.42193 -6.239209
16.39652 -6.224926
17.38898 -6.212329
18.41907 -6.197767
19.39991 -6.183492
20.42657 -6.16829
21.45189 -6.15056
22.46879 -6.136639
23.49719 -6.122308
24.47173 -6.109672
25.44706 -6.098369
26.41253 -6.085399
27.38088 -6.072453
28.38688 -6.057008
29.38662 -6.039778
30.38358 -6.02337
31.38306 -6.005177
32.39687 -5.988333
33.39175 -5.971708
34.41076 -5.951487
35.41457 -5.934058
36.40181 -5.919092
37.39931 -5.9057
38.37772 -5.895498
39.36411 -5.881373
40.35097 -5.863735
41.35084 -5.846084
42.36629 -5.826204
43.36112 -5.808112
44.3753 -5.791469
45.37341 -5.772741
46.37731 -5.752119
47.40768 -5.729388
48.40533 -5.710908
49.41692 -5.692852
50.41357 -5.675439
51.41563 -5.661309
52.41246 -5.640579
53.39944 -5.618719
54.39112 -5.600702
55.37133 -5.579377
56.37336 -5.557446
57.36767 -5.537348
58.36312 -5.512001
59.36622 -5.484916
60.36581 -5.459991
61.37159 -5.434904
62.37926 -5.41178
63.38027 -5.390228
64.3925 -5.36748
65.39445 -5.342356
66.3983 -5.312579
67.37857 -5.286353
68.34889 -5.257185
69.34238 -5.224273
70.32717 -5.196712
71.34578 -5.162931
72.36929 -5.130745
73.37704 -5.101429
74.38459 -5.071571
75.38186 -5.042618
76.36672 -5.009977
77.35689 -4.977403
78.35124 -4.939287
79.3382 -4.896365
80.33992 -4.856828
81.33286 -4.815587
82.34555 -4.770777
83.34351 -4.733329
84.342 -4.689457
85.36127 -4.641989
86.33841 -4.600798
87.34467 -4.554688
88.34045 -4.509281
89.33487 -4.462417
90.34538 -4.409213
91.37135 -4.356124
92.38261 -4.30046
93.36864 -4.246903
94.36136 -4.196119
95.32674 -4.139205
96.31012 -4.078758
97.34066 -4.01351
98.37256 -3.940967
99.40022 -3.87389
100.4333 -3.810225
101.4275 -3.745714
102.3936 -3.682863
103.3973 -3.612985
104.3837 -3.54089
105.3742 -3.467348
106.3731 -3.388424
107.3614 -3.310127
108.3397 -3.225157
109.3299 -3.132522
110.3421 -3.040113
111.3535 -2.940392
112.3738 -2.847318
113.3819 -2.757655
114.3717 -2.662506
115.3563 -2.57316
116.3383 -2.470061
117.3393 -2.359694
118.3273 -2.25082
119.3076 -2.128059
120.3137 -2.005796
121.3101 -1.885949
122.3322 -1.756292
123.3465 -1.631221
124.3574 -1.506091
125.3726 -1.378699
126.3506 -1.252192
127.3433 -1.119359
128.3393 -.9821446
129.315 -.830729
130.3433 -.6668646
131.3459 -.5126795
132.3339 -.352539
133.334 -.1925321
134.3106 -.0415716
135.2915 .1266349
136.298 .3021688
137.3134 .4761295
138.3214 .6603389
139.3447 .8493671
140.3587 1.032545
141.3546 1.218325
142.3554 1.41216
143.3449 1.613142
144.3186 1.8126
145.2969 2.018095
146.2878 2.235732
147.2852 2.441657
148.287 2.667373
149.2989 2.911013
150.2993 3.14022
151.3087 3.373493
152.3169 3.606617
153.3024 3.827964
154.3115 4.058891
155.3273 4.299291
156.3108 4.546392
157.3251 4.793368
158.2993 5.046418
159.2838 5.31511
160.2893 5.576775
161.2984 5.848535
162.3198 6.149654
163.3031 6.427773
164.2933 6.701056
165.2854 6.981295
166.2742 7.232786
167.3016 7.506116
168.3361 7.803214
169.3266 8.108023
170.3528 8.418913
171.3334 8.724771
172.3201 9.027681
173.3308 9.3229
174.3185 9.618472
175.3202 9.922908
176.3044 10.21859
177.2887 10.51131
178.3031 10.81944
179.3011 11.12116
180.3027 11.43991
181.3143 11.77094
182.306 12.08566
183.3258 12.40285
184.3459 12.7113
185.3339 13.00626
186.3209 13.31654
187.3076 13.63018
188.2867 13.95418
189.3091 14.28538
190.3121 14.60848
191.3207 14.93096
192.334 15.24017
193.3246 15.54799
194.3345 15.86222
195.3162 16.1579
196.32 16.46122
197.3168 16.76826
198.3167 17.05983
199.3134 17.37469
200.3284 17.69426
201.3568 17.99829
202.355 18.30029
203.3628 18.5807
204.3363 18.83677
205.3033 19.08929
206.287 19.34275
207.2915 19.60758
208.2967 19.8693
209.3111 20.13843
210.3287 20.41298
211.329 20.66069
212.3235 20.91288
213.3287 21.16339
214.3275 21.38121
215.3233 21.60209
216.3226 21.81534
217.2994 22.00727
218.2866 22.21264
219.2796 22.42529
220.2805 22.63668
221.2878 22.8399
222.3008 23.02686
223.3015 23.20075
224.2951 23.34769
225.2968 23.49335
226.2783 23.65163
227.28 23.77968
228.2921 23.90859
229.2892 24.04204
230.2766 24.14258
231.2817 24.25349
232.2837 24.36313
233.2729 24.4465
234.3071 24.52175
235.2821 24.58044
236.2629 24.62711
237.2403 24.66944
238.2238 24.71114
239.2445 24.77056
240.271 24.80981
241.3074 24.83317
242.3113 24.85342
243.3048 24.83356
244.2785 24.8093
245.2731 24.79027
246.2647 24.75392
247.2648 24.71924
248.2737 24.68371
249.2691 24.63713
250.2798 24.59026
251.2942 24.53659
252.3121 24.4779
253.3179 24.39889
254.324 24.29166
255.3028 24.18362
256.2626 24.06271
257.2599 23.94574
258.2668 23.85081
259.281 23.74109
260.3043 23.62824
261.304 23.51168
262.2786 23.37216
263.2626 23.23799
264.2427 23.09893
265.2429 22.95465
266.242 22.81127
267.237 22.6587
268.2518 22.50746
269.2536 22.36093
270.2723 22.21341
271.2916 22.07116
272.2888 21.9187
273.2622 21.75731
274.2427 21.59377
275.2382 21.42072
276.242 21.25863
277.2686 21.10238
278.2831 20.94072
279.2832 20.79064
280.2821 20.63429
281.2689 20.47
282.252 20.31387
283.2569 20.15118
284.2674 19.98982
285.2971 19.82932
286.2971 19.66635
287.2935 19.50844
288.2715 19.35221
289.2412 19.20581
290.2519 19.06387
291.262 18.91383
292.2671 18.76731
293.275 18.61617
294.2576 18.45337
295.2459 18.30754
296.2591 18.1628
297.2664 18.01933
298.2836 17.88839
299.2744 17.7494
300.2716 17.61247
301.2773 17.47543
302.2822 17.34093
303.3062 17.2131
304.3016 17.08106
305.2833 16.95198
306.2592 16.82765
307.2204 16.69705
308.2157 16.57519
309.2358 16.45956
310.2485 16.33306
311.2772 16.2149
312.2778 16.09612
313.2549 15.97379
314.2527 15.86089
315.2466 15.74969
316.2408 15.64119
317.2361 15.53381
318.2455 15.4256
319.2416 15.32254
320.2446 15.218
321.2468 15.11743
322.259 15.01951
323.2548 14.9171
324.2716 14.81583
325.2819 14.71703
326.258 14.61734
327.2561 14.52381
328.2564 14.43456
329.2731 14.34517
330.2771 14.25835
331.291 14.16848
332.2716 14.0794
333.2482 13.99245
334.2392 13.90638
335.2437 13.82449
336.2476 13.74056
337.2517 13.65736
338.2523 13.57689
339.2297 13.49662
340.2215 13.42097
341.2338 13.34791
342.2462 13.27423
343.2676 13.20073
344.274 13.12611
345.2574 13.05392
346.2499 12.9866
347.2391 12.91811
348.2506 12.84966
349.2607 12.78093
350.2609 12.70753
351.2716 12.63974
352.2708 12.57398
353.2704 12.50891
354.286 12.44739
355.2953 12.38318
356.2925 12.32139
357.2762 12.2597
358.2578 12.20216
359.2374 12.14653
360.2419 12.0881
361.2498 12.02962
362.2506 11.96895
363.2607 11.91139
364.256 11.85555
365.2502 11.80168
366.2536 11.7486
367.2654 11.69686
368.2699 11.64554
369.274 11.59538
370.2711 11.54717
371.246 11.49647
372.2387 11.45006
373.2477 11.40274
374.2465 11.35143
375.2408 11.30314
376.2357 11.25455
377.2116 11.20728
378.212 11.16406
379.2362 11.1235
380.2605 11.0838
381.2977 11.04334
382.3186 11.00258
383.3107 10.96012
384.2716 10.91721
385.2452 10.87562
386.2267 10.83604
387.2208 10.79454
388.2253 10.75507
389.2178 10.71908
390.2173 10.68145
391.2133 10.64757
392.2462 10.61299
393.281 10.57844
394.291 10.54286
395.2831 10.51106
396.2773 10.48143
397.263 10.44799
398.255 10.41688
399.2725 10.38336
400.248 10.34634
401.2609 10.31259
402.2705 10.28305
403.2766 10.25199
404.3046 10.22309
405.3058 10.19569
406.3164 10.16451
407.3035 10.13722
408.3034 10.11327
409.2928 10.0867
410.2747 10.06113
411.2745 10.03273
412.261 10.00354
413.2505 9.976122
414.2615 9.948494
415.2665 9.924712
416.2764 9.900841
417.2778 9.877932
418.2649 9.858442
419.2589 9.837356
420.2342 9.815571
421.2489 9.794594
422.2433 9.770774
423.2529 9.747163
424.2494 9.724794
425.2187 9.702929
426.2116 9.684345
427.2018 9.665145
428.2135 9.647505
429.2428 9.631212
430.2405 9.615452
431.2473 9.601465
432.2597 9.585166
433.2447 9.568727
434.2543 9.551954
435.231 9.532546
436.2112 9.515463
437.2161 9.498838
438.2239 9.480452
439.2191 9.468054
440.2065 9.455714
441.1935 9.44301
442.177 9.435456
443.1696 9.422911
444.1708 9.411464
445.1808 9.402
446.1769 9.391107
447.189 9.378843
448.1779 9.367258
449.1696 9.35969
450.1758 9.349288
451.1745 9.339233
452.187 9.328704
453.1975 9.317429
454.1892 9.306936
455.1886 9.298882
456.2067 9.295098
457.2143 9.284841
458.2258 9.27955
459.2348 9.277167
460.2068 9.267347
461.1768 9.259727
462.1545 9.253529
463.144 9.243332
464.1448 9.234201
465.1553 9.224826
466.1606 9.21504
467.1494 9.20646
468.1582 9.197718
469.1731 9.19331
470.1785 9.179682
471.1903 9.163968
472.1781 9.147764
473.1836 9.123797
474.1904 9.10169
475.1827 9.080627
476.1906 9.058667
477.1582 9.034435
478.1506 9.008757
479.1733 8.983916
480.1914 8.955812
481.1961 8.928841
482.2239 8.903101
483.2245 8.867557
484.2132 8.832884
485.2138 8.796351
486.1801 8.755436
487.1668 8.719936
488.1672 8.684738
489.1697 8.650694
490.1776 8.618628
491.1851 8.5856
492.1878 8.55223
493.179 8.518058
494.1714 8.482305
495.157 8.4521
496.1349 8.42003
497.1375 8.384743
498.1416 8.352055
498.7393 8.242105
498.8535 8.113352
498.4615 7.974951
497.5618 7.823531
496.5529 7.736321
495.5473 7.662536
494.5131 7.598035
493.5039 7.541767
492.5184 7.490778
491.5153 7.444043
490.5401 7.400284
489.55 7.358901
488.5574 7.320009
487.5585 7.28232
486.5593 7.246343
485.5723 7.211754
484.5734 7.175611
483.578 7.142275
482.564 7.10791
481.5265 7.073289
480.4987 7.044313
479.4866 7.014085
478.4786 6.984681
477.4975 6.956924
476.5011 6.926446
475.5129 6.897837
474.5203 6.87104
473.4999 6.845525
472.5115 6.821203
471.5132 6.795986
470.5218 6.771948
469.5363 6.749698
468.5305 6.72461
467.5149 6.702361
466.528 6.6794
465.5325 6.650928
464.5206 6.62785
463.5347 6.603968
462.5394 6.579578
461.5389 6.559379
460.5815 6.539846
459.5984 6.520304
458.5944 6.498595
457.5956 6.478353
456.5705 6.456026
455.5631 6.432287
454.55 6.411917
453.5581 6.39226
452.5726 6.369983
451.5651 6.352366
450.5784 6.336131
449.5544 6.315552
448.5372 6.298491
447.5363 6.279015
446.5307 6.256659
445.5517 6.236547
444.5381 6.216799
443.5435 6.198172
442.5329 6.180355
441.5426 6.163538
440.5627 6.149536
439.564 6.133691
438.5617 6.119771
437.5594 6.106902
436.5579 6.090002
435.5627 6.074605
434.5829 6.059476
433.5888 6.041909
432.5899 6.028262
431.5811 6.015982
430.5915 6.001714
429.5975 5.987483
428.6132 5.969953
427.6263 5.951779
426.6263 5.93505
425.6119 5.919128
424.5978 5.906807
423.5985 5.893045
422.5894 5.880731
421.5916 5.870997
420.6036 5.859013
419.577 5.848708
418.5799 5.838471
417.5809 5.826712
416.589 5.816209
415.6151 5.803621
414.6186 5.79338
413.6255 5.785804
412.6122 5.775306
411.6252 5.766637
410.6323 5.753777
409.6298 5.737739
408.6494 5.724733
407.6393 5.710999
406.6436 5.699179
405.6627 5.688964
404.6592 5.67655
403.6587 5.666575
402.6372 5.656355
401.6251 5.645127
400.5993 5.636465
399.5785 5.625954
398.5649 5.613106
397.5604 5.608371
396.5723 5.598912
395.5848 5.591415
394.5869 5.585536
393.5807 5.571778
392.5697 5.561164
391.5441 5.548938
390.5425 5.539105
389.5333 5.526691
388.524 5.515941
387.5411 5.505138
386.5485 5.496374
385.5507 5.486551
384.5574 5.4758
383.5649 5.468259
382.575 5.454659
381.5851 5.445006
380.5932 5.435035
379.5875 5.422803
378.5846 5.413614
377.5871 5.406586
376.5889 5.397215
375.5928 5.385259
374.5663 5.374249
373.5432 5.361463
372.5378 5.348404
371.5453 5.337153
370.5805 5.325955
369.5975 5.312302
368.5872 5.301824
367.5758 5.291607
366.5732 5.279344
365.5732 5.268066
364.5905 5.256889
363.5811 5.245214
362.6009 5.232041
361.5907 5.219458
360.595 5.207585
359.6049 5.195487
358.6027 5.184337
357.6147 5.174041
356.615 5.158106
355.6313 5.142608
354.602 5.126212
353.5993 5.108573
352.596 5.094261
351.5894 5.079476
350.5791 5.065185
349.5727 5.052314
348.5763 5.039567
347.5795 5.026443
346.5989 5.012568
345.6198 4.995285
344.6146 4.978152
343.6062 4.957924
342.5785 4.939405
341.5601 4.92541
340.5503 4.910048
339.5659 4.896249
338.5982 4.880692
337.6086 4.85926
336.6231 4.837208
335.6111 4.814875
334.5885 4.791708
333.5941 4.771837
332.6058 4.751509
331.5908 4.731982
330.6071 4.712791
329.6039 4.691999
328.5928 4.670979
327.6174 4.647323
326.6253 4.622378
325.6174 4.597808
324.6236 4.568985
323.6203 4.542346
322.6022 4.518571
321.5886 4.493891
320.5743 4.473308
319.5768 4.447577
318.5843 4.415363
317.5994 4.38226
316.6 4.345876
315.5989 4.310588
314.5865 4.276684
313.5825 4.240911
312.601 4.207271
311.5855 4.172371
310.6061 4.138212
309.6256 4.106449
308.6284 4.067701
307.6391 4.032083
306.6681 3.994509
305.6621 3.945545
304.6476 3.900843
303.6516 3.854617
302.6203 3.805786
301.5964 3.761006
300.6002 3.712489
299.6122 3.660111
298.6296 3.605765
297.6445 3.550759
296.6352 3.496803
295.6269 3.436284
294.6019 3.376188
293.6256 3.31927
292.6292 3.250359
291.6023 3.186256
290.6158 3.123695
289.5724 3.054983
288.5688 2.992
287.6045 2.926173
286.6007 2.851557
285.6169 2.774288
284.6113 2.694746
283.5945 2.613233
282.5913 2.529608
281.5986 2.445064
280.6256 2.36342
279.6264 2.271723
278.6247 2.175434
277.6236 2.082661
276.6275 1.973623
275.6263 1.866361
274.6099 1.762111
273.6128 1.646527
272.5834 1.53494
271.5875 1.422973
270.5967 1.312037
269.6102 1.203541
268.6178 1.088878
267.6189 .9682897
266.6271 .8350381
265.6022 .6908209
264.6063 .5487448
263.6115 .4018455
262.6152 .2548908
261.6297 .12028
260.6336 -2.852895E-02
259.6278 -.1755305
258.6329 -.3244504
257.6393 -.488672
256.6412 -.6475295
255.6523 -.8147036
254.6484 -.9953789
253.6512 -1.177684
252.6435 -1.369785
251.6485 -1.561352
250.651 -1.74639
249.6432 -1.934015
248.646 -2.117791
247.6252 -2.314197
246.6182 -2.520808
245.6191 -2.737083
244.5974 -2.966485
243.5836 -3.18617
242.5807 -3.401214
241.573 -3.6268
240.6043 -3.850733
239.6304 -4.086228
238.6216 -4.329214
237.6192 -4.558093
236.6116 -4.792156
235.5874 -5.028531
234.6078 -5.271636
233.5969 -5.52885
232.6137 -5.782933
231.6333 -6.043932
230.6178 -6.305053
229.636 -6.549031
228.6122 -6.824701
227.6111 -7.103562
226.6157 -7.386566
225.6157 -7.689571
224.6266 -7.964976
223.6289 -8.229799
222.6365 -8.503788
221.6378 -8.779458
220.6401 -9.072556
219.6345 -9.384801
218.6483 -9.691822
217.6607 -9.995026
216.6736 -10.29072
215.6697 -10.58827
214.6633 -10.88316
213.6635 -11.17418
212.6534 -11.48046
211.6802 -11.77982
210.6908 -12.08064
209.6943 -12.40965
208.6881 -12.72821
207.6793 -13.04489
206.6686 -13.36827
205.6798 -13.66523
204.7136 -13.95026
203.7237 -14.24044
202.7433 -14.54084
201.7246 -14.85736
200.7087 -15.18429
199.682 -15.52518
198.6745 -15.85127
197.682 -16.15594
196.6782 -16.47412
195.702 -16.77433
194.6965 -17.05806
193.6744 -17.36027
192.6512 -17.64403
191.6436 -17.91589
190.6335 -18.21608
189.6575 -18.51431
188.6518 -18.81779
187.6385 -19.12271
186.6478 -19.41136
185.6225 -19.68104
184.644 -19.92227
183.6509 -20.1732
182.6472 -20.42065
181.6717 -20.65756
180.6673 -20.91746
179.6741 -21.17076
178.6772 -21.40224
177.6691 -21.65031
176.6773 -21.88647
175.6806 -22.10317
174.6695 -22.32336
173.6771 -22.52427
172.6677 -22.71709
171.6648 -22.90559
170.6808 -23.09976
169.6604 -23.29893
168.6622 -23.48029
167.642 -23.65854
166.6214 -23.81831
165.6308 -23.94408
164.6387 -24.07661
163.6365 -24.20337
162.6551 -24.32021
161.6605 -24.44721
160.6685 -24.56095
159.6781 -24.66463
158.6738 -24.76493
157.682 -24.84958
156.6774 -24.9242
155.6797 -24.97868
154.6877 -25.02003
153.6766 -25.05826
152.6966 -25.08133
151.7201 -25.1165
150.7136 -25.15686
149.7201 -25.18646
148.6821 -25.22108
147.6676 -25.23162
146.6729 -25.21596
145.6688 -25.19668
144.6763 -25.15648
143.6709 -25.11271
142.6636 -25.06698
141.6656 -25.00941
140.6751 -24.95094
139.6994 -24.89153
138.6904 -24.82684
137.6846 -24.75845
136.6808 -24.67693
135.6461 -24.58544
134.6548 -24.48207
133.6646 -24.36586
132.6569 -24.26111
131.6752 -24.14768
130.6799 -24.03498
129.6622 -23.93081
128.6634 -23.80569
127.6687 -23.67212
126.6544 -23.54106
125.6679 -23.39841
124.6769 -23.25782
123.6753 -23.11929
122.701 -22.97334
121.71 -22.82945
120.7196 -22.68037
119.7185 -22.5349
118.7031 -22.38599
117.7036 -22.22873
116.6909 -22.07932
115.6873 -21.91916
114.7047 -21.7539
113.7189 -21.60386
112.7257 -21.44719
111.7301 -21.29353
110.7263 -21.14803
109.6965 -20.9936
108.7044 -20.83853
107.6972 -20.68398
106.693 -20.52855
105.7121 -20.3714
104.7176 -20.21031
103.7391 -20.05431
102.7622 -19.89742
101.7727 -19.73956
100.7722 -19.59936
99.7688 -19.45705
98.74302 -19.31533
97.72979 -19.18159
96.71918 -19.03547
95.71243 -18.88935
94.7009 -18.74683
93.69984 -18.60514
92.68692 -18.46777
91.68631 -18.3334
90.69548 -18.19978
89.68943 -18.066
88.69441 -17.93174
87.69825 -17.80195
86.71113 -17.67415
85.69392 -17.54283
84.673 -17.42119
83.659 -17.29377
82.64446 -17.1636
81.66199 -17.04694
80.67936 -16.92423
79.68187 -16.80749
78.68002 -16.69638
77.68978 -16.58073
76.70377 -16.46582
75.71956 -16.35271
74.7266 -16.24123
73.70156 -16.13426
72.69636 -16.02468
71.69127 -15.91793
70.67839 -15.81202
69.70166 -15.70863
68.69959 -15.61272
67.68358 -15.51679
66.69895 -15.42047
65.69879 -15.32056
64.70171 -15.2184
63.73878 -15.11943
62.7569 -15.02672
61.76778 -14.93845
60.78918 -14.85306
59.7747 -14.76942
58.74867 -14.68313
57.7326 -14.59656
56.71399 -14.51087
55.71247 -14.42569
54.71173 -14.33956
53.73832 -14.25398
52.75101 -14.17105
51.75421 -14.08863
50.79911 -14.0098
49.78094 -13.93829
48.77471 -13.86408
47.79397 -13.78973
46.75565 -13.71492
45.75193 -13.63478
44.76163 -13.56084
43.7403 -13.48958
42.73978 -13.42193
41.73809 -13.35667
40.745 -13.28787
39.72584 -13.22269
38.72934 -13.15579
37.73155 -13.08824
36.70646 -13.02533
35.7084 -12.95961
34.71 -12.89337
33.71754 -12.83007
32.73258 -12.7651
31.76516 -12.70151
30.76587 -12.64222
29.78074 -12.58401
28.76816 -12.52381
27.75838 -12.46282
26.76743 -12.40357
25.75714 -12.34625
24.78593 -12.29098
23.78257 -12.24128
22.7737 -12.18984
21.77666 -12.13586
20.76331 -12.08496
19.75648 -12.03203
18.77361 -11.97891
17.78558 -11.92898
16.78488 -11.87763
15.79736 -11.82479
14.79479 -11.77325
13.80025 -11.72074
12.81787 -11.66993
11.82122 -11.62147
10.82872 -11.57429
9.80346 -11.52651
8.780444 -11.47701
7.779547 -11.43155
6.772667 -11.38704
5.790664 -11.34408
4.803543 -11.30441
3.816921 -11.26268
2.821075 -11.21862
1.814012 -11.17636
.8118851 -11.13388
-.1735576 -11.09022
-1.154613 -11.04719
-2.096367 -11.00526
-3.063364 -10.96416
-4.055936 -10.92286
-5.045766 -10.88225
-6.057282 -10.84086
-7.056983 -10.79797
-8.062799 -10.75774
-9.070925 -10.72022
-10.09477 -10.68138
-11.11536 -10.64552
-12.11272 -10.61019
-13.07638 -10.57504
-14.08502 -10.54236
-15.06042 -10.50748
-16.03915 -10.4697
-17.06793 -10.43254
-18.06579 -10.39471
-19.07368 -10.35924
-20.08543 -10.32617
-21.07993 -10.29393
-22.06265 -10.26157
-23.07046 -10.22812
-24.07468 -10.19487
-25.0748 -10.15946
-26.05849 -10.12364
-27.04439 -10.09231
-28.04957 -10.05989
-29.05748 -10.03205
-30.08527 -10.00467
-31.09019 -9.973007
-32.09178 -9.943352
-33.11024 -9.911879
-34.10446 -9.879947
-35.11483 -9.847322
-36.09537 -9.815767
-37.06373 -9.78304
-38.07621 -9.752926
-39.05821 -9.725691
-40.08598 -9.698402
-41.11604 -9.671939
-42.11034 -9.64325
-43.12804 -9.616414
-44.11433 -9.585504
-45.10908 -9.555925
-46.11719 -9.529587
-47.10358 -9.500973
-48.09401 -9.477608
-49.0456 -9.453404
-50.03162 -9.427485
-51.02039 -9.40218
-52.02546 -9.375327
-53.04852 -9.349079
-54.03651 -9.324272
-55.04715 -9.297101
-56.05647 -9.270966
-57.04146 -9.243149
-58.04872 -9.215588
-59.04839 -9.193262
-60.04513 -9.168742
-61.08914 -9.147376
-62.09587 -9.124973
-63.0918 -9.098645
-64.09542 -9.076057
-65.08141 -9.051388
-66.08226 -9.029802
-67.11119 -9.010302
-68.12116 -8.987825
-69.11562 -8.966145
-70.12212 -8.94324
-71.11037 -8.919511
-72.11026 -8.896246
-73.1208 -8.873713
-74.10957 -8.849472
-75.10648 -8.829597
-76.09586 -8.808084
-77.07754 -8.788173
-78.08727 -8.772498
-79.07832 -8.750707
-80.08412 -8.72926
-81.08563 -8.708134
-82.08105 -8.684487
-83.07529 -8.662933
-84.04832 -8.644614
-85.05991 -8.625559
-86.03851 -8.606447
-87.03517 -8.588633
-88.06345 -8.571358
-89.05291 -8.553589
-90.05038 -8.53286
-91.05752 -8.512697
-92.0549 -8.492232
-93.04082 -8.470473
-94.05457 -8.45359
-95.04796 -8.437044
-96.04839 -8.418669
-97.05882 -8.401443
