Potencial	Intensidad
mv	uA
-599.509700	-5.214237
-599.286400	-5.208752
-598.801200	-5.195882
-598.079100	-5.178191
-597.119100	-5.156587
-596.112200	-5.135317
-595.107200	-5.114990
-594.095900	-5.098288
-593.049600	-5.079690
-592.047400	-5.061717
-591.061500	-5.046968
-590.097900	-5.031418
-589.126300	-5.015643
-588.135100	-5.001355
-587.151100	-4.985609
-586.132800	-4.967371
-585.136800	-4.952545
-584.162800	-4.936365
-583.165600	-4.921096
-582.164300	-4.906211
-581.148000	-4.891093
-580.129600	-4.876095
-579.111300	-4.861046
-578.106200	-4.848392
-577.135200	-4.833041
-576.146900	-4.817198
-575.167500	-4.801756
-574.171300	-4.786006
-573.162300	-4.769288
-572.154100	-4.755927
-571.143600	-4.743876
-570.143400	-4.729239
-569.133400	-4.719087
-568.108500	-4.707922
-567.098300	-4.693640
-566.070300	-4.682524
-565.073600	-4.670087
-564.071500	-4.656942
-563.071700	-4.643836
-562.098800	-4.629843
-561.086900	-4.616042
-560.105000	-4.600913
-559.101100	-4.588208
-558.106100	-4.573749
-557.116500	-4.557868
-556.112500	-4.546319
-555.108000	-4.534608
-554.093000	-4.521618
-553.080700	-4.511389
-552.081200	-4.498243
-551.087200	-4.483251
-550.087500	-4.472186
-549.074300	-4.459311
-548.076300	-4.446359
-547.077800	-4.433047
-546.088300	-4.420354
-545.102800	-4.406905
-544.107400	-4.393670
-543.116300	-4.383094
-542.106000	-4.368646
-541.105300	-4.355563
-540.088900	-4.343848
-539.085000	-4.331613
-538.100300	-4.318801
-537.121200	-4.308174
-536.134100	-4.296454
-535.140100	-4.284118
-534.151600	-4.274330
-533.154800	-4.261289
-532.168600	-4.247847
-531.168400	-4.233724
-530.158500	-4.220291
-529.146300	-4.207084
-528.128800	-4.192354
-527.125600	-4.180614
-526.136800	-4.171474
-525.125500	-4.162435
-524.159600	-4.154551
-523.177900	-4.144237
-522.151500	-4.128726
-521.175100	-4.114594
-520.147900	-4.100735
-519.120900	-4.086818
-518.132800	-4.075723
-517.110200	-4.064886
-516.097800	-4.053838
-515.086400	-4.042879
-514.066500	-4.032650
-513.056800	-4.019828
-512.065900	-4.007199
-511.086500	-3.996366
-510.098400	-3.982803
-509.124800	-3.968655
-508.129600	-3.956363
-507.127500	-3.945048
-506.116300	-3.933634
-505.125800	-3.926201
-504.115200	-3.915253
-503.099900	-3.901656
-502.108500	-3.889381
-501.088300	-3.877119
-500.092400	-3.865674
-499.099600	-3.854200
-498.115400	-3.844316
-497.121900	-3.832514
-496.122000	-3.823445
-495.105000	-3.814755
-494.114300	-3.804489
-493.098700	-3.793355
-492.104000	-3.782322
-491.142900	-3.770257
-490.128800	-3.756862
-489.159900	-3.746931
-488.146800	-3.735656
-487.131900	-3.727020
-486.112400	-3.718947
-485.105300	-3.708869
-484.121400	-3.696843
-483.140700	-3.683751
-482.162400	-3.672510
-481.151300	-3.659612
-480.156500	-3.648558
-479.147700	-3.637797
-478.122500	-3.627259
-477.112500	-3.619061
-476.113200	-3.611496
-475.115500	-3.602394
-474.145200	-3.591214
-473.147100	-3.579271
-472.121200	-3.567629
-471.116600	-3.554961
-470.102700	-3.543582
-469.099500	-3.532507
-468.123400	-3.518668
-467.112900	-3.508368
-466.103200	-3.497718
-465.108100	-3.486828
-464.087900	-3.478491
-463.085100	-3.469351
-462.090300	-3.460098
-461.082500	-3.450438
-460.114600	-3.439792
-459.137900	-3.428683
-458.140300	-3.418272
-457.168400	-3.409809
-456.157300	-3.401907
-455.138900	-3.392674
-454.147800	-3.383223
-453.139400	-3.371644
-452.123600	-3.359536
-451.115400	-3.349650
-450.091400	-3.340177
-449.093700	-3.329658
-448.102200	-3.320319
-447.096300	-3.310744
-446.114500	-3.300277
-445.104800	-3.290817
-444.105100	-3.282824
-443.140300	-3.272795
-442.129100	-3.262887
-441.121600	-3.253113
-440.100200	-3.242181
-439.065700	-3.231112
-438.085200	-3.220630
-437.096600	-3.211870
-436.115100	-3.202127
-435.140800	-3.194664
-434.134300	-3.188774
-433.135600	-3.179096
-432.131900	-3.168465
-431.120700	-3.158505
-430.133700	-3.145015
-429.133700	-3.135154
-428.145000	-3.127795
-427.144800	-3.117944
-426.126400	-3.108684
-425.127300	-3.100970
-424.123700	-3.091515
-423.123100	-3.082959
-422.123300	-3.075101
-421.130700	-3.065361
-420.146600	-3.055092
-419.124900	-3.045077
-418.112800	-3.035050
-417.103900	-3.025508
-416.060300	-3.015573
-415.075100	-3.007031
-414.084000	-3.000038
-413.029100	-2.990044
-412.031900	-2.982543
-411.020800	-2.972674
-410.013400	-2.960228
-409.076000	-2.950952
-408.080400	-2.939209
-407.095500	-2.929671
-406.101800	-2.922010
-405.102400	-2.912607
-404.115400	-2.903696
-403.110400	-2.892990
-402.101900	-2.882721
-401.082400	-2.872229
-400.060300	-2.862442
-399.047800	-2.854982
-398.063400	-2.845382
-397.065300	-2.836211
-396.087000	-2.828780
-395.117900	-2.818244
-394.110000	-2.809104
-393.113400	-2.800992
-392.128000	-2.790812
-391.120800	-2.780850
-390.141400	-2.771401
-389.143000	-2.761258
-388.124300	-2.752676
-387.107900	-2.744822
-386.081000	-2.737701
-385.076300	-2.729939
-384.090300	-2.719952
-383.110200	-2.712238
-382.128400	-2.701044
-381.130900	-2.688781
-380.120300	-2.678558
-379.110900	-2.666236
-378.109300	-2.656101
-377.133200	-2.649628
-376.132900	-2.642231
-375.117800	-2.634198
-374.110200	-2.627002
-373.096200	-2.618223
-372.116700	-2.610237
-371.136200	-2.602126
-370.139800	-2.593115
-369.140700	-2.582600
-368.125300	-2.571496
-367.131000	-2.563056
-366.137600	-2.551432
-365.121600	-2.539331
-364.121900	-2.530542
-363.126700	-2.520165
-362.118900	-2.511169
-361.118500	-2.504900
-360.099100	-2.495066
-359.073100	-2.484255
-358.091300	-2.475980
-357.110900	-2.469068
-356.129400	-2.458969
-355.118700	-2.449688
-354.111500	-2.440988
-353.108300	-2.430680
-352.087000	-2.421983
-351.092400	-2.412821
-350.087800	-2.401978
-349.076900	-2.390381
-348.090900	-2.381469
-347.129900	-2.372947
-346.145000	-2.362953
-345.149100	-2.354189
-344.161400	-2.344679
-343.149200	-2.335345
-342.145800	-2.328006
-341.150400	-2.317823
-340.153400	-2.306310
-339.154100	-2.296180
-338.131900	-2.285407
-337.117200	-2.272919
-336.112700	-2.262752
-335.104800	-2.252224
-334.142400	-2.244669
-333.163500	-2.237496
-332.155000	-2.228528
-331.130200	-2.218987
-330.104400	-2.204503
-329.111200	-2.195101
-328.138200	-2.185570
-327.152800	-2.173811
-326.145500	-2.165085
-325.130900	-2.155641
-324.104100	-2.147933
-323.125600	-2.138977
-322.120300	-2.129750
-321.144900	-2.118081
-320.145700	-2.105739
-319.122000	-2.096681
-318.143700	-2.084765
-317.140200	-2.071511
-316.157800	-2.060277
-315.184100	-2.049945
-314.179700	-2.040404
-313.154400	-2.033494
-312.125600	-2.022659
-311.114300	-2.009747
-310.087500	-1.998965
-309.085000	-1.986336
-308.088400	-1.973496
-307.097100	-1.962523
-306.126800	-1.950924
-305.141800	-1.941578
-304.149300	-1.933226
-303.154500	-1.923273
-302.136800	-1.911458
-301.133100	-1.896142
-300.129900	-1.885393
-299.103000	-1.871834
-298.089400	-1.857378
-297.109300	-1.846605
-296.113800	-1.832847
-295.132000	-1.821389
-294.172600	-1.812301
-293.165400	-1.799535
-292.183300	-1.784923
-291.172200	-1.770993
-290.161000	-1.755141
-289.138900	-1.740559
-288.135200	-1.726563
-287.142800	-1.714039
-286.113600	-1.703539
-285.101600	-1.689137
-284.089200	-1.678329
-283.093000	-1.661137
-282.123300	-1.642407
-281.171300	-1.628819
-280.180600	-1.609507
-279.200700	-1.592275
-278.187100	-1.575236
-277.160300	-1.555551
-276.171700	-1.538977
-275.158000	-1.523108
-274.159100	-1.504925
-273.178100	-1.487587
-272.165700	-1.465346
-271.160400	-1.447227
-270.163000	-1.429860
-269.131300	-1.408765
-268.139600	-1.392806
-267.157700	-1.370198
-266.164200	-1.347539
-265.193700	-1.326996
-264.193200	-1.305197
-263.165100	-1.281494
-262.154800	-1.259036
-261.134300	-1.233553
-260.111900	-1.207251
-259.109700	-1.182712
-258.127600	-1.157404
-257.145500	-1.134495
-256.161400	-1.109376
-255.159100	-1.086101
-254.140200	-1.057706
-253.118800	-1.025148
-252.116200	-0.998035
-251.119500	-0.967048
-250.133000	-0.937864
-249.142300	-0.909893
-248.144500	-0.875394
-247.145400	-0.842513
-246.141400	-0.811417
-245.133900	-0.778246
-244.120900	-0.745618
-243.135200	-0.710379
-242.143900	-0.674473
-241.165000	-0.637440
-240.162300	-0.595114
-239.146700	-0.554958
-238.147500	-0.513561
-237.117300	-0.471299
-236.125800	-0.435893
-235.116600	-0.393702
-234.107200	-0.346143
-233.093000	-0.302409
-232.083800	-0.256291
-231.102300	-0.210067
-230.105900	-0.167808
-229.128400	-0.117206
-228.120100	-0.066099
-227.130300	-0.018392
-226.109100	0.029868
-225.102700	0.075695
-224.110900	0.125275
-223.106400	0.175974
-222.118700	0.229571
-221.115700	0.289315
-220.121700	0.344462
-219.119100	0.401963
-218.123700	0.462360
-217.142000	0.513534
-216.145900	0.571784
-215.129800	0.635514
-214.109000	0.695506
-213.085800	0.761796
-212.086600	0.823170
-211.090300	0.886247
-210.095800	0.952002
-209.086200	1.018406
-208.050900	1.090153
-207.055700	1.149281
-206.044400	1.210228
-205.067900	1.275433
-204.115800	1.333368
-203.104700	1.401723
-202.126600	1.471409
-201.138900	1.534186
-200.131200	1.603956
-199.141100	1.672002
-198.153500	1.732921
-197.138300	1.799799
-196.125400	1.867289
-195.120500	1.937729
-194.127000	2.005985
-193.139100	2.070714
-192.162100	2.134975
-191.172500	2.193985
-190.155900	2.260709
-189.151500	2.334415
-188.139900	2.393828
-187.138600	2.454447
-186.148700	2.520060
-185.157300	2.573453
-184.164700	2.639480
-183.165700	2.703815
-182.161500	2.757629
-181.142900	2.816759
-180.152800	2.870277
-179.169000	2.922680
-178.161500	2.973857
-177.184700	3.020812
-176.176500	3.076473
-175.181600	3.126071
-174.205400	3.174336
-173.190600	3.225238
-172.176000	3.257735
-171.138800	3.301772
-170.102400	3.349713
-169.119900	3.387211
-168.136800	3.430359
-167.169900	3.463375
-166.203400	3.490908
-165.178200	3.523811
-164.186900	3.552805
-163.150600	3.581918
-162.132500	3.608656
-161.170700	3.630889
-160.163400	3.656960
-159.188400	3.675826
-158.170100	3.693707
-157.138400	3.717687
-156.123600	3.729620
-155.121300	3.740615
-154.161500	3.750178
-153.165100	3.745457
-152.174700	3.752716
-151.187300	3.763083
-150.170600	3.767632
-149.172500	3.775513
-148.168900	3.774503
-147.148700	3.772589
-146.161800	3.770628
-145.161700	3.766525
-144.147300	3.767141
-143.152600	3.757701
-142.130000	3.750211
-141.121800	3.746194
-140.135500	3.732478
-139.149900	3.723619
-138.145700	3.714170
-137.171800	3.695856
-136.169900	3.682680
-135.160900	3.668566
-134.176300	3.650290
-133.145400	3.636488
-132.120900	3.622429
-131.118300	3.607320
-130.141700	3.589118
-129.166800	3.567851
-128.186000	3.547107
-127.186100	3.523163
-126.171800	3.503120
-125.148100	3.484466
-124.163400	3.458877
-123.177100	3.437063
-122.169800	3.416891
-121.190900	3.393141
-120.171200	3.373252
-119.153800	3.352829
-118.156700	3.329793
-117.149600	3.306136
-116.179000	3.282625
-115.157400	3.257805
-114.167500	3.232529
-113.150600	3.210125
-112.129600	3.188790
-111.152100	3.163833
-110.121800	3.140718
-109.126600	3.116788
-108.096300	3.090441
-107.087900	3.068421
-106.099400	3.046664
-105.108600	3.021596
-104.126800	2.998538
-103.138600	2.976346
-102.146400	2.951693
-101.145400	2.928794
-100.159100	2.906803
-99.150640	2.881807
-98.128430	2.857536
-97.124340	2.833725
-96.120130	2.810115
-95.121290	2.787297
-94.130000	2.766409
-93.112150	2.746768
-92.101920	2.727372
-91.112550	2.707017
-90.113270	2.686742
-89.144490	2.664727
-88.150490	2.642960
-87.119030	2.622738
-86.119540	2.601738
-85.109790	2.580297
-84.113970	2.561488
-83.140160	2.542009
-82.146770	2.522942
-81.144960	2.504472
-80.146970	2.486790
-79.138160	2.467607
-78.139600	2.448393
-77.124620	2.430814
-76.122460	2.409271
-75.135680	2.390978
-74.141140	2.375569
-73.167090	2.357808
-72.158490	2.342177
-71.149180	2.326675
-70.141120	2.308668
-69.142930	2.292330
-68.144160	2.277089
-67.133220	2.261359
-66.125240	2.245307
-65.119170	2.229970
-64.113330	2.216033
-63.139960	2.201901
-62.127980	2.188473
-61.108150	2.175447
-60.103690	2.160503
-59.082140	2.143843
-58.092480	2.128933
-57.093690	2.113666
-56.101920	2.098078
-55.092930	2.085121
-54.083540	2.071461
-53.066670	2.058274
-52.069660	2.047332
-51.084440	2.035641
-50.099590	2.023827
-49.127610	2.010772
-48.121210	1.996989
-47.122660	1.984637
-46.122190	1.971038
-45.119850	1.961151
-44.129300	1.951796
-43.126790	1.942194
-42.106170	1.934724
-41.100890	1.924626
-40.079480	1.914046
-39.077610	1.901980
-38.115910	1.890355
-37.113270	1.878347
-36.141740	1.867816
-35.141320	1.858960
-34.127130	1.850726
-33.121440	1.843301
-32.116810	1.837175
-31.099490	1.830982
-30.074480	1.825934
-29.062970	1.821808
-28.069910	1.815087
-27.078550	1.806935
-26.102670	1.798844
-25.128760	1.791054
-24.134970	1.784864
-23.142500	1.778882
-22.149050	1.770309
-21.148990	1.763252
-20.138710	1.756338
-19.140520	1.754268
-18.131650	1.755738
-17.138410	1.758862
-16.124370	1.764570
-15.119330	1.768310
-14.110670	1.768561
-13.104440	1.764711
-12.100820	1.757305
-11.115380	1.748599
-10.106600	1.740761
-9.094041	1.734934
-8.089454	1.728926
-7.066239	1.723714
-6.076210	1.721206
-5.076077	1.716812
-4.085333	1.713271
-3.084452	1.708472
-2.103746	1.701377
-1.123621	1.694739
-0.148049	1.687466
0.823086	1.682039
1.801865	1.675380
2.798890	1.670194
3.769227	1.665400
4.737453	1.660591
5.761184	1.657768
6.739614	1.652319
7.735459	1.647669
8.775591	1.642077
9.746643	1.637334
10.749290	1.634896
11.753120	1.630172
12.719370	1.626916
13.723760	1.623214
14.717410	1.619142
15.751480	1.618422
16.775680	1.615710
17.778570	1.611756
18.783500	1.609297
19.734360	1.605802
20.729940	1.602587
21.739760	1.598944
22.731240	1.595129
23.769380	1.590005
24.761270	1.587952
25.736690	1.586597
26.749150	1.584112
27.723910	1.581585
28.712860	1.578843
29.742190	1.575700
30.718190	1.571490
31.710650	1.569779
32.701990	1.566497
33.674290	1.564220
34.696090	1.563674
35.711000	1.562717
36.731040	1.560921
37.750100	1.559000
38.765770	1.559176
39.772520	1.556657
40.752820	1.552609
41.725290	1.549354
42.703370	1.544346
43.671100	1.542278
44.695000	1.543589
45.695460	1.544838
46.691770	1.543968
47.716500	1.543478
48.699210	1.540775
49.717290	1.535102
50.743560	1.532060
51.737930	1.528202
52.748860	1.525036
53.739960	1.525487
54.727320	1.526174
55.738730	1.525869
56.722100	1.526482
57.726350	1.525471
58.710380	1.522573
59.714370	1.520250
60.737570	1.517144
61.731140	1.513981
62.728200	1.511907
63.723540	1.511223
64.703700	1.510381
65.704950	1.509794
66.707020	1.510595
67.706360	1.507634
68.702370	1.505325
69.717930	1.503499
70.723220	1.499554
71.700580	1.499212
72.720590	1.499764
73.720670	1.500846
74.709850	1.500168
75.743240	1.497900
76.714650	1.495871
77.707810	1.491142
78.726530	1.486813
79.715050	1.485550
80.736190	1.482865
81.724440	1.482741
82.709420	1.485504
83.693630	1.486797
84.669820	1.485127
85.676000	1.484510
86.685870	1.482449
87.702440	1.477415
88.716600	1.476213
89.708750	1.473652
90.710390	1.472386
91.717630	1.473420
92.722630	1.474036
93.739970	1.473712
94.734600	1.471054
95.730210	1.470809
96.725620	1.469639
97.724620	1.469153
98.742420	1.467647
99.303670	1.452603
99.358430	1.431338
98.893420	1.407029
97.893660	1.379135
96.873410	1.359183
95.870360	1.343332
94.844920	1.325695
93.887990	1.311730
92.862420	1.297469
91.860120	1.281717
90.888500	1.267445
89.850370	1.253311
88.896220	1.240056
87.882400	1.226891
86.864130	1.213952
85.872560	1.200085
84.841700	1.188249
83.854840	1.175919
82.851360	1.166717
81.854450	1.155377
80.854520	1.143922
79.833040	1.132537
78.842960	1.119258
77.855710	1.107939
76.866520	1.093306
75.889090	1.084676
74.900340	1.073039
73.875980	1.062364
72.886960	1.054012
71.882400	1.041033
70.876810	1.032215
69.911670	1.022912
68.902520	1.014317
67.891200	1.004028
66.878340	0.992302
65.834850	0.981589
64.812980	0.967295
63.823120	0.958241
62.829500	0.948264
61.838840	0.937322
60.847030	0.928874
59.839190	0.918264
58.851170	0.909695
57.863330	0.902233
56.883880	0.896733
55.886720	0.888956
54.881810	0.880064
53.898330	0.869481
52.893510	0.859893
51.908790	0.848696
50.924090	0.841424
49.935190	0.833581
48.934810	0.822741
47.932580	0.817706
46.905740	0.808960
45.904880	0.801349
44.913570	0.796571
43.904610	0.787927
42.905570	0.782555
41.885700	0.776240
40.866830	0.767881
39.871760	0.762927
38.898050	0.752164
37.914370	0.746080
36.913850	0.739672
35.913670	0.731955
34.897870	0.728120
33.865050	0.722634
32.855130	0.717751
31.862650	0.713486
30.863930	0.709503
29.892430	0.702855
28.894010	0.697979
27.882810	0.690817
26.900290	0.685293
25.875500	0.680529
24.901640	0.672819
23.904230	0.668587
22.897790	0.660250
21.925290	0.655491
20.914200	0.651548
19.927400	0.646990
18.901600	0.642973
17.866870	0.637622
16.850840	0.632419
15.836730	0.627209
14.856000	0.623788
13.880750	0.617748
12.909330	0.612868
11.931950	0.606645
10.928580	0.602191
9.909432	0.598436
8.904447	0.595468
7.874485	0.592025
6.889225	0.589029
5.927978	0.585399
4.917808	0.580004
3.917858	0.575691
2.920949	0.567197
1.921946	0.562700
0.931850	0.556710
-0.048790	0.551662
-1.025708	0.550113
-1.997673	0.547000
-2.963723	0.546237
-3.916528	0.543566
-4.920300	0.539382
-5.940557	0.535544
-6.918107	0.529487
-7.932365	0.525377
-8.924521	0.520652
-9.930654	0.514884
-10.959050	0.508494
-11.980890	0.503848
-12.969070	0.499232
-13.965270	0.494143
-14.969060	0.490472
-15.969520	0.485800
-16.997510	0.480885
-17.993250	0.477496
-18.979530	0.473992
-19.952010	0.470454
-20.937770	0.467652
-21.934610	0.462334
-22.931170	0.459165
-23.938580	0.455169
-24.935390	0.449030
-25.904680	0.447270
-26.909630	0.442572
-27.894360	0.436950
-28.897930	0.434776
-29.914130	0.426583
-30.911090	0.423264
-31.934190	0.419408
-32.927460	0.415427
-33.935670	0.412758
-34.945300	0.407070
-35.949900	0.403612
-36.964220	0.396683
-37.976430	0.394215
-38.978490	0.388788
-39.972710	0.383475
-40.982720	0.378814
-41.981870	0.371514
-42.992870	0.369009
-43.986290	0.361889
-44.979790	0.359323
-45.979290	0.352661
-46.973240	0.347798
-47.968740	0.342346
-48.952760	0.335724
-49.966200	0.332258
-50.947520	0.321819
-51.945080	0.318755
-52.950260	0.309694
-53.943930	0.304036
-54.970200	0.298647
-55.992760	0.290653
-56.990830	0.284418
-57.986940	0.278522
-58.985940	0.272163
-59.986850	0.265005
-60.965780	0.260541
-61.971000	0.251277
-62.949750	0.243985
-63.935940	0.235674
-64.967900	0.225029
-65.952820	0.217839
-66.980560	0.208267
-68.001200	0.200393
-69.020750	0.191021
-70.053130	0.181669
-71.036050	0.174417
-72.037120	0.165337
-73.013610	0.157867
-73.979040	0.147418
-74.979730	0.136108
-75.955300	0.123847
-76.936510	0.113459
-77.927300	0.099885
-78.951100	0.088700
-79.955830	0.076207
-80.989070	0.063496
-82.026500	0.053014
-83.011200	0.041358
-84.020170	0.028954
-84.972020	0.014596
-85.934720	0.001665
-86.916530	-0.013299
-87.915020	-0.028442
-88.964520	-0.043837
-89.961590	-0.059066
-90.971950	-0.077778
-91.959430	-0.093274
-92.929320	-0.111572
-93.970200	-0.130861
-94.967670	-0.147161
-95.962040	-0.163991
-96.952840	-0.180057
-97.923780	-0.197913
-98.945340	-0.217148
-99.936270	-0.240303
-100.953100	-0.261948
-101.950000	-0.284906
-102.910600	-0.306774
-103.932100	-0.330453
-104.946100	-0.355583
-105.960500	-0.378039
-106.971100	-0.405038
-107.965200	-0.429005
-108.940400	-0.454141
-109.940400	-0.480441
-110.976700	-0.506054
-111.991200	-0.534278
-113.001500	-0.562910
-114.003400	-0.594201
-114.984100	-0.624314
-115.972800	-0.654780
-116.997900	-0.685020
-117.996800	-0.718455
-118.993300	-0.753272
-120.012300	-0.788768
-120.985200	-0.825423
-121.952800	-0.856108
-122.965100	-0.893995
-123.980000	-0.932577
-125.011100	-0.970596
-126.042300	-1.014756
-127.014900	-1.052141
-127.961200	-1.090665
-128.937100	-1.134282
-129.928400	-1.175661
-130.948700	-1.222549
-131.979500	-1.266591
-133.002100	-1.311372
-134.011500	-1.359928
-135.003200	-1.404092
-136.015400	-1.453442
-137.005000	-1.502367
-137.988900	-1.550195
-139.004400	-1.607292
-139.978800	-1.662278
-140.948700	-1.714214
-141.967300	-1.773777
-142.961300	-1.827863
-143.970400	-1.885184
-145.004900	-1.946602
-145.994000	-2.000190
-146.966400	-2.059259
-147.956200	-2.115237
-148.938300	-2.176284
-149.950700	-2.242328
-150.965100	-2.302301
-151.964800	-2.368643
-152.953300	-2.432015
-153.929000	-2.488194
-154.925000	-2.556849
-155.934300	-2.625746
-156.947800	-2.693692
-157.965400	-2.774271
-158.980700	-2.844615
-159.951300	-2.909355
-160.959100	-2.979320
-161.963700	-3.044023
-162.962800	-3.117737
-163.974900	-3.190460
-164.957200	-3.262463
-165.937200	-3.329216
-166.930100	-3.393066
-167.951800	-3.466409
-168.965500	-3.538185
-169.983100	-3.606210
-170.981700	-3.679011
-171.990600	-3.746873
-172.993700	-3.809293
-173.980900	-3.881896
-174.969700	-3.946079
-175.958700	-4.010520
-176.969200	-4.081543
-177.953500	-4.142426
-178.954800	-4.204572
-179.916600	-4.263513
-180.882000	-4.319998
-181.912900	-4.392369
-182.918200	-4.451825
-183.936500	-4.515937
-184.960200	-4.574076
-185.953800	-4.616832
-186.962700	-4.678368
-187.973200	-4.732525
-188.975300	-4.784935
-189.983300	-4.838854
-190.971300	-4.884178
-191.962600	-4.924112
-192.948000	-4.973049
-193.943300	-5.016263
-194.953200	-5.058182
-195.954200	-5.102660
-196.961800	-5.134979
-197.950800	-5.173290
-198.952900	-5.199018
-199.930900	-5.231265
-200.921200	-5.266682
-201.914200	-5.290138
-202.916100	-5.324745
-203.921700	-5.344563
-204.908100	-5.358233
-205.912800	-5.383149
-206.905100	-5.403299
-207.903700	-5.425220
-208.923800	-5.446328
-209.916900	-5.455488
-210.910000	-5.465516
-211.921000	-5.474146
-212.934300	-5.485560
-213.958400	-5.497916
-214.971500	-5.500079
-215.983000	-5.506006
-216.956700	-5.508698
-217.935400	-5.502818
-218.933300	-5.507482
-219.920600	-5.504559
-220.951100	-5.500999
-221.967800	-5.503668
-222.941800	-5.496141
-223.945200	-5.486811
-224.940800	-5.476587
-225.942200	-5.470284
-226.956700	-5.461352
-227.952400	-5.454236
-228.932200	-5.440896
-229.915200	-5.424994
-230.909300	-5.407422
-231.922300	-5.395646
-232.926000	-5.388443
-233.937600	-5.369856
-234.971300	-5.360205
-235.972800	-5.343438
-236.962100	-5.322108
-237.954900	-5.312781
-238.942800	-5.293252
-239.954500	-5.275137
-240.966000	-5.259759
-241.962400	-5.239324
-242.939800	-5.220804
-243.923600	-5.199043
-244.919400	-5.178865
-245.938400	-5.158992
-246.943100	-5.137516
-247.952600	-5.118201
-248.952100	-5.093486
-249.932000	-5.067871
-250.965300	-5.049710
-251.971900	-5.028959
-252.976300	-5.008797
-253.989200	-4.994121
-254.950500	-4.972464
-255.921100	-4.951081
-256.913300	-4.932696
-257.909900	-4.911892
-258.947300	-4.895532
-259.966600	-4.878776
-260.963700	-4.863362
-261.972700	-4.845797
-262.946400	-4.820511
-263.946300	-4.804894
-264.952000	-4.788690
-265.954500	-4.771903
-266.962300	-4.757422
-267.961800	-4.739351
-268.981000	-4.716863
-269.965200	-4.703836
-270.965300	-4.691456
-271.983000	-4.677498
-272.987500	-4.667035
-274.003800	-4.648314
-275.009600	-4.634471
-276.003600	-4.618683
-276.999900	-4.601809
-277.995400	-4.590423
-278.988900	-4.574379
-279.973000	-4.561475
-280.967900	-4.551079
-281.971500	-4.532967
-282.978400	-4.523215
-283.987200	-4.512506
-284.988800	-4.498135
-285.980800	-4.491857
-286.989400	-4.477374
-287.975000	-4.465133
-288.970900	-4.455489
-289.965800	-4.444568
-290.980900	-4.434537
-291.998000	-4.421945
-292.995100	-4.409683
-293.989700	-4.397350
-294.958400	-4.388692
-295.953100	-4.380623
-296.953100	-4.377254
-297.968600	-4.367091
-298.946300	-4.359173
-299.952300	-4.350238
-300.953500	-4.336877
-301.935800	-4.331179
-302.939400	-4.321054
-303.930300	-4.313586
-304.924900	-4.307362
-305.922100	-4.297545
-306.920800	-4.291339
-307.898100	-4.284550
-308.883900	-4.280229
-309.889400	-4.278836
-310.914300	-4.270275
-311.925000	-4.265580
-312.915700	-4.256663
-313.912600	-4.249789
-314.913500	-4.246666
-315.926900	-4.239683
-316.945300	-4.234123
-317.966400	-4.226917
-318.949800	-4.224107
-319.935600	-4.221045
-320.955600	-4.216886
-321.954400	-4.215370
-322.973300	-4.211224
-324.001200	-4.207356
-325.004600	-4.206211
-326.009200	-4.201610
-326.995100	-4.196621
-327.993300	-4.193492
-328.981800	-4.190610
-329.957600	-4.185774
-330.966400	-4.182187
-331.961500	-4.179617
-332.941400	-4.175899
-333.948500	-4.178233
-334.944700	-4.177763
-335.935200	-4.174870
-336.957100	-4.172320
-337.974200	-4.168759
-338.968400	-4.166204
-339.975300	-4.164979
-340.955100	-4.162941
-341.943300	-4.161274
-342.954900	-4.160835
-343.958400	-4.161237
-344.974400	-4.163496
-345.965400	-4.162458
-346.955400	-4.163562
-347.953000	-4.163242
-348.957200	-4.162086
-349.963200	-4.161947
-350.984500	-4.159771
-351.969700	-4.157182
-352.958800	-4.156416
-353.965700	-4.156479
-354.949400	-4.156145
-355.942200	-4.155004
-356.948500	-4.156038
-357.936700	-4.156308
-358.941100	-4.157079
-359.959700	-4.159125
-360.971200	-4.159522
-361.978100	-4.161186
-362.974100	-4.161684
-363.961400	-4.163571
-364.937000	-4.161489
-365.954300	-4.161604
-366.955900	-4.162949
-367.972300	-4.164147
-369.004400	-4.168233
-369.972900	-4.168467
-370.974400	-4.169912
-371.966700	-4.169695
-372.955100	-4.171592
-373.977300	-4.174187
-374.985200	-4.173425
-375.989700	-4.174979
-376.976200	-4.174656
-377.968500	-4.172684
-378.958500	-4.172717
-379.972900	-4.174566
-380.983700	-4.172667
-381.976600	-4.174643
-382.957700	-4.176940
-383.915300	-4.177293
-384.883000	-4.177838
-385.883200	-4.180672
-386.901300	-4.182019
-387.933100	-4.181975
-388.949000	-4.184807
-389.964200	-4.183381
-390.956100	-4.183357
-391.940100	-4.184760
-392.950800	-4.188753
-393.933900	-4.189966
-394.932300	-4.190681
-395.914000	-4.192933
-396.913200	-4.191151
-397.929100	-4.194583
-398.931100	-4.196814
-399.950000	-4.198128
-400.976000	-4.198664
-401.971300	-4.200041
-402.962100	-4.201538
-403.975400	-4.201797
-404.942400	-4.202599
-405.934600	-4.202565
-406.920500	-4.201224
-407.889300	-4.203390
-408.880800	-4.203892
-409.850000	-4.204190
-410.863800	-4.206812
-411.886800	-4.206673
-412.877300	-4.210232
-413.913400	-4.212112
-414.921100	-4.212879
-415.941300	-4.213180
-416.939800	-4.212368
-417.926100	-4.214782
-418.933300	-4.215382
-419.922500	-4.216843
-420.948500	-4.218639
-421.968800	-4.219939
-422.945400	-4.222101
-423.926800	-4.224190
-424.907500	-4.228134
-425.898800	-4.226335
-426.939400	-4.229511
-427.953700	-4.230326
-428.967200	-4.229469
-429.987100	-4.228598
-430.970900	-4.227859
-431.962100	-4.226242
-432.966300	-4.226530
-433.935100	-4.231075
-434.924700	-4.230589
-435.916600	-4.233201
-436.907700	-4.235383
-437.914200	-4.236552
-438.930900	-4.237864
-439.962200	-4.239360
-440.989000	-4.239571
-441.991400	-4.239403
-442.980400	-4.241216
-443.973900	-4.241080
-444.952100	-4.240503
-445.966700	-4.240156
-446.973300	-4.241178
-447.963100	-4.241323
-448.973600	-4.243105
-449.968200	-4.245124
-450.968000	-4.246022
-451.964100	-4.246980
-452.961200	-4.249654
-453.944800	-4.251386
-454.936900	-4.250876
-455.954500	-4.252195
-456.959900	-4.249742
-457.963600	-4.247402
-458.978200	-4.250172
-459.957200	-4.249461
-460.923200	-4.250001
-461.938700	-4.253288
-462.925000	-4.251093
-463.937700	-4.253945
-464.975600	-4.254969
-465.968600	-4.255732
-466.971600	-4.256396
-467.974300	-4.255760
-468.980200	-4.255629
-469.997100	-4.254859
-470.995300	-4.254621
-472.003000	-4.256675
-472.983800	-4.257620
-473.952300	-4.258002
-474.966600	-4.260127
-475.974400	-4.260381
-476.977300	-4.260210
-477.998500	-4.261609
-478.995200	-4.261758
-479.989200	-4.261692
-480.990200	-4.262380
-481.992300	-4.262691
-482.985000	-4.262277
-483.962500	-4.261780
-484.939400	-4.262596
-485.920700	-4.262414
-486.911300	-4.262577
-487.914200	-4.263437
-488.948000	-4.264392
-489.945700	-4.264560
-490.965100	-4.267739
-491.968600	-4.267660
-492.961200	-4.266636
-493.959200	-4.266244
-494.968600	-4.263607
-495.968400	-4.263423
-496.957200	-4.263050
-497.973300	-4.263549
-498.950900	-4.263513
-499.933100	-4.264655
-500.930200	-4.266950
-501.950100	-4.267145
-502.960400	-4.267710
-503.983000	-4.266746
-504.999900	-4.266511
-505.972400	-4.265608
-506.940300	-4.267599
-507.938800	-4.269610
-508.922700	-4.268214
-509.924500	-4.270103
-510.928600	-4.270168
-511.913900	-4.266721
-512.912900	-4.269876
-513.899400	-4.269313
-514.917100	-4.270129
-515.942600	-4.271046
-516.951500	-4.268869
-517.982900	-4.268534
-518.988200	-4.265786
-519.976900	-4.268619
-520.987000	-4.267717
-521.977100	-4.268276
-522.990100	-4.268290
-524.006000	-4.265495
-524.993000	-4.265723
-525.993800	-4.264071
-526.968000	-4.265926
-527.965800	-4.265827
-528.975000	-4.265862
-529.975000	-4.268025
-530.991000	-4.264789
-531.973900	-4.264903
-532.984100	-4.267613
-533.986600	-4.264622
-534.970200	-4.266410
-535.966900	-4.266336
-536.942200	-4.264484
-537.899400	-4.262441
-538.900500	-4.263118
-539.917400	-4.261984
-540.930900	-4.259377
-541.977800	-4.261346
-542.990900	-4.258581
-544.004600	-4.257057
-544.994700	-4.259176
-546.001600	-4.260268
-547.006600	-4.260811
-547.988500	-4.262728
-548.992800	-4.262994
-549.969500	-4.261709
-550.957500	-4.260382
-551.965300	-4.258718
-552.951800	-4.258132
-553.948300	-4.254879
-554.952600	-4.256328
-555.930200	-4.254458
-556.936500	-4.251180
-557.934200	-4.254034
-558.966300	-4.253096
-559.981900	-4.255998
-561.008900	-4.255125
-562.002700	-4.254025
-562.992600	-4.250520
-563.987800	-4.250406
-564.970000	-4.251081
-565.973000	-4.250278
-566.934300	-4.251544
-567.946700	-4.250340
-568.943600	-4.249549
-569.955900	-4.249483
-570.993000	-4.250411
-571.997400	-4.251129
-573.008900	-4.250932
-574.028300	-4.252186
-575.005700	-4.252230
-576.000000	-4.248152
-576.994000	-4.248556
-577.971800	-4.245429
-578.973000	-4.243971
-579.961400	-4.245691
-580.967000	-4.244991
-581.984700	-4.243152
-582.999400	-4.243067
-583.975200	-4.243548
-584.968700	-4.245242
-585.940100	-4.247758
-586.903500	-4.249032
-587.914400	-4.249274
-588.910000	-4.247094
-589.921500	-4.247234
-590.957900	-4.245066
-591.969100	-4.244951
-592.966600	-4.243745
-593.967500	-4.243049
-594.948700	-4.241570
-595.947000	-4.239491
-596.960900	-4.243605
