Potencial	Intensidad
mv	uA
-594.524800	-2.703335
-595.517300	-2.700763
-596.550500	-2.703353
-597.529300	-2.705133
-598.120300	-2.674417
-598.182200	-2.643677
-597.719500	-2.605783
-596.789600	-2.561318
-595.749800	-2.530743
-594.754100	-2.505152
-593.771000	-2.480931
-592.787700	-2.459990
-591.775900	-2.440944
-590.776100	-2.423782
-589.758200	-2.407735
-588.720100	-2.390574
-587.749400	-2.373897
-586.743000	-2.357667
-585.743600	-2.342693
-584.786300	-2.328980
-583.793500	-2.313760
-582.795900	-2.300130
-581.802000	-2.287262
-580.778000	-2.273799
-579.774600	-2.262445
-578.777700	-2.249127
-577.768800	-2.234942
-576.787400	-2.222019
-575.777600	-2.210844
-574.803000	-2.199914
-573.809900	-2.187869
-572.796600	-2.175117
-571.797700	-2.163435
-570.785200	-2.150705
-569.779100	-2.138633
-568.787400	-2.126918
-567.777300	-2.113231
-566.745600	-2.101895
-565.756500	-2.090891
-564.719200	-2.078923
-563.714300	-2.068431
-562.746600	-2.059569
-561.758100	-2.049677
-560.807400	-2.039926
-559.816400	-2.029483
-558.814800	-2.019153
-557.829300	-2.009536
-556.816200	-1.999951
-555.813500	-1.991931
-554.805800	-1.979852
-553.778700	-1.968575
-552.778700	-1.958622
-551.778800	-1.948430
-550.782100	-1.939962
-549.796300	-1.931020
-548.823400	-1.922379
-547.841700	-1.911982
-546.861100	-1.904188
-545.851100	-1.896131
-544.826500	-1.884870
-543.815200	-1.875631
-542.800900	-1.866651
-541.809500	-1.857073
-540.793500	-1.848381
-539.802000	-1.839295
-538.821700	-1.829105
-537.808900	-1.820495
-536.833900	-1.814237
-535.826500	-1.804820
-534.811100	-1.795187
-533.822200	-1.784321
-532.810100	-1.774476
-531.843300	-1.765653
-530.835600	-1.757353
-529.835200	-1.747495
-528.839000	-1.737328
-527.806100	-1.729632
-526.812100	-1.720318
-525.809800	-1.713272
-524.794100	-1.704860
-523.807600	-1.697158
-522.819000	-1.689078
-521.823200	-1.680259
-520.839200	-1.672262
-519.844500	-1.661675
-518.838100	-1.651663
-517.836100	-1.644970
-516.828300	-1.636123
-515.796700	-1.627287
-514.783800	-1.619198
-513.766500	-1.610812
-512.772500	-1.603967
-511.777300	-1.598668
-510.772300	-1.592452
-509.796400	-1.584611
-508.782700	-1.577060
-507.811000	-1.569522
-506.823500	-1.560907
-505.823400	-1.552375
-504.845300	-1.544945
-503.822600	-1.536885
-502.826900	-1.529790
-501.807600	-1.523222
-500.807100	-1.514739
-499.809100	-1.507201
-498.794800	-1.500093
-497.794600	-1.491378
-496.787300	-1.482383
-495.783300	-1.475047
-494.805400	-1.467937
-493.829600	-1.462303
-492.836500	-1.456185
-491.851200	-1.448864
-490.836100	-1.442569
-489.821300	-1.433779
-488.837700	-1.427688
-487.835600	-1.420335
-486.835100	-1.412356
-485.842100	-1.407820
-484.826400	-1.401194
-483.842300	-1.394671
-482.847400	-1.386921
-481.860200	-1.378112
-480.859400	-1.371383
-479.848600	-1.365725
-478.862700	-1.360889
-477.867400	-1.355117
-476.871400	-1.347108
-475.881400	-1.339646
-474.876900	-1.333275
-473.869100	-1.327047
-472.867600	-1.320933
-471.881700	-1.313627
-470.896400	-1.305731
-469.891000	-1.300204
-468.895000	-1.292453
-467.880600	-1.286947
-466.856900	-1.280647
-465.852100	-1.270259
-464.855000	-1.263670
-463.830000	-1.254769
-462.829700	-1.247194
-461.823300	-1.240477
-460.801200	-1.232648
-459.819600	-1.225173
-458.835900	-1.214943
-457.842100	-1.206863
-456.868700	-1.201433
-455.869900	-1.194966
-454.869300	-1.187972
-453.877700	-1.179312
-452.898600	-1.168271
-451.888100	-1.158331
-450.879300	-1.152594
-449.873400	-1.144573
-448.848900	-1.135594
-447.882400	-1.126860
-446.893100	-1.116590
-445.910200	-1.107753
-444.897300	-1.098199
-443.889800	-1.088480
-442.890000	-1.077426
-441.868200	-1.066935
-440.900000	-1.058586
-439.892900	-1.048600
-438.887100	-1.037931
-437.880500	-1.027109
-436.860800	-1.014692
-435.856800	-1.004458
-434.870400	-0.996617
-433.894100	-0.987273
-432.903700	-0.976349
-431.889300	-0.962764
-430.869900	-0.948755
-429.862400	-0.935827
-428.842900	-0.922921
-427.857400	-0.910970
-426.859900	-0.895733
-425.837000	-0.882815
-424.840200	-0.869514
-423.828200	-0.855264
-422.836500	-0.842887
-421.848200	-0.829967
-420.848700	-0.816631
-419.877500	-0.803225
-418.869200	-0.787569
-417.871800	-0.770029
-416.879200	-0.753292
-415.848500	-0.737608
-414.835200	-0.723275
-413.833800	-0.705401
-412.806000	-0.686321
-411.789900	-0.669116
-410.773200	-0.650074
-409.779800	-0.633793
-408.795600	-0.618471
-407.810500	-0.598679
-406.829700	-0.578731
-405.836800	-0.560676
-404.851500	-0.540592
-403.858100	-0.519557
-402.879800	-0.497948
-401.862200	-0.474200
-400.874400	-0.450472
-399.866800	-0.424337
-398.860700	-0.400986
-397.874000	-0.376305
-396.873200	-0.349124
-395.879900	-0.327745
-394.865000	-0.301000
-393.866500	-0.270793
-392.873300	-0.244491
-391.863100	-0.215108
-390.874200	-0.185807
-389.887300	-0.158657
-388.859600	-0.124770
-387.855000	-0.091195
-386.839000	-0.058936
-385.838000	-0.027374
-384.855100	0.003512
-383.887500	0.031601
-382.931800	0.063272
-381.958500	0.097751
-380.955000	0.136078
-379.961200	0.175081
-378.955300	0.215443
-377.932300	0.256603
-376.946600	0.290195
-375.945900	0.329983
-374.932300	0.373137
-373.923300	0.413614
-372.903100	0.459247
-371.912500	0.502298
-370.915900	0.541853
-369.924400	0.587013
-368.933800	0.634414
-367.921400	0.687246
-366.916700	0.736597
-365.919500	0.783142
-364.908500	0.838560
-363.919800	0.885587
-362.928200	0.938856
-361.902700	0.998317
-360.904900	1.046222
-359.907100	1.099786
-358.885600	1.152715
-357.915300	1.198565
-356.929500	1.251993
-355.898500	1.306747
-354.930500	1.366555
-353.913300	1.427104
-352.919600	1.480778
-351.950700	1.537951
-350.944300	1.591996
-349.962000	1.653134
-348.958500	1.726606
-347.938800	1.788678
-346.931200	1.849660
-345.933700	1.911855
-344.927400	1.965365
-343.939400	2.028031
-342.961300	2.095667
-341.947000	2.156919
-340.953900	2.226058
-339.961500	2.293401
-338.961100	2.358399
-337.969100	2.428246
-336.959600	2.496806
-335.936300	2.575151
-334.917300	2.645252
-333.908600	2.710123
-332.902500	2.776054
-331.929400	2.830635
-330.950700	2.896916
-329.973300	2.974700
-329.003600	3.042306
-328.002300	3.112964
-326.988400	3.183686
-325.991800	3.248329
-324.975300	3.326357
-323.972000	3.402328
-322.984000	3.483015
-321.978400	3.557708
-320.986600	3.623550
-319.999700	3.690978
-318.998000	3.745158
-317.989700	3.809346
-316.958100	3.889457
-315.964100	3.958949
-314.971700	4.038050
-313.969000	4.115339
-313.001900	4.177937
-311.965700	4.255982
-310.936500	4.336699
-309.929800	4.412190
-308.915400	4.483727
-307.922500	4.546485
-306.946300	4.600772
-305.947500	4.654739
-304.950300	4.713685
-303.941000	4.781967
-302.954600	4.844518
-301.989300	4.906424
-301.000300	4.978663
-300.037300	5.035128
-299.022000	5.098683
-297.990800	5.174483
-296.979100	5.235457
-295.960400	5.301740
-294.958300	5.365563
-293.973700	5.411610
-292.985000	5.462249
-291.990200	5.521857
-290.992700	5.582862
-289.987900	5.646791
-289.012000	5.703439
-287.996500	5.759185
-286.995800	5.811828
-285.988400	5.867660
-284.954300	5.942236
-283.964600	5.995638
-282.978800	6.041198
-282.003800	6.087620
-281.009900	6.117827
-280.020300	6.157053
-278.997500	6.206471
-277.988400	6.251736
-276.996100	6.299355
-275.988900	6.344653
-275.012000	6.383058
-274.019700	6.420572
-273.013800	6.460351
-271.998000	6.517249
-270.976200	6.561395
-269.965200	6.595968
-268.952000	6.634508
-267.985000	6.649927
-266.993200	6.682186
-266.002800	6.725563
-265.051900	6.750526
-264.041300	6.780699
-263.039000	6.807776
-262.016700	6.828081
-260.978400	6.858982
-259.969000	6.892854
-258.956900	6.928048
-257.960000	6.957682
-256.960800	6.975208
-255.966000	6.988634
-254.978300	6.989788
-253.998700	6.996079
-253.009200	7.025681
-252.007100	7.040851
-251.005400	7.055832
-249.991600	7.075249
-249.009400	7.068975
-248.009800	7.083629
-247.022200	7.107255
-246.033400	7.121570
-245.011200	7.138557
-244.023900	7.141741
-243.013800	7.142669
-242.011600	7.141815
-241.017400	7.141353
-239.998100	7.152334
-239.001300	7.154216
-238.005200	7.158566
-237.002200	7.173309
-236.004600	7.168311
-235.020500	7.170790
-233.997500	7.184770
-232.977800	7.182430
-231.983300	7.173801
-230.956900	7.169524
-229.977700	7.146966
-228.994900	7.134184
-228.004100	7.136996
-227.008400	7.131818
-226.007900	7.125493
-225.015400	7.112209
-224.024200	7.107344
-223.032900	7.098544
-222.023400	7.092570
-221.013400	7.101005
-219.989800	7.088890
-218.998700	7.077206
-217.976500	7.070251
-216.985100	7.037970
-215.995900	7.021726
-214.980000	7.012839
-214.004200	7.000276
-212.985300	6.996963
-211.984000	6.980353
-210.982400	6.960687
-209.970600	6.941553
-208.988600	6.928032
-207.968900	6.927359
-206.959600	6.906536
-205.970900	6.879497
-204.965900	6.855973
-203.987300	6.817796
-203.000900	6.795300
-202.012200	6.782152
-201.016400	6.751396
-200.030100	6.731527
-199.027300	6.714148
-198.034500	6.686210
-197.044200	6.669003
-196.046700	6.650356
-195.038800	6.637727
-193.999700	6.620644
-193.006200	6.594405
-191.989700	6.567366
-190.984100	6.528488
-190.022100	6.502104
-189.000700	6.493314
-188.014600	6.468369
-187.048200	6.442253
-186.032900	6.419404
-185.043700	6.382144
-184.020600	6.361365
-183.004300	6.349016
-182.004900	6.318600
-181.016100	6.287049
-180.017100	6.254594
-179.046900	6.216566
-178.055400	6.184888
-177.062600	6.154225
-176.085800	6.129751
-175.070300	6.099880
-174.088000	6.070706
-173.065300	6.047808
-172.072900	6.009302
-171.078000	5.980138
-170.063700	5.959046
-169.078300	5.924384
-168.065400	5.895947
-167.049900	5.858545
-166.056100	5.814152
-165.040100	5.780849
-164.059600	5.750860
-163.075100	5.723971
-162.083600	5.695180
-161.113100	5.661078
-160.097200	5.629654
-159.096300	5.594765
-158.086700	5.563066
-157.052800	5.539226
-156.049700	5.498070
-155.050300	5.458914
-154.030100	5.423496
-153.071700	5.373208
-152.055600	5.337551
-151.059300	5.305214
-150.079400	5.266084
-149.058000	5.233967
-148.083100	5.196003
-147.059900	5.156775
-146.055700	5.122068
-145.067700	5.085208
-144.061700	5.060216
-143.105700	5.026850
-142.093100	4.988605
-141.098800	4.955810
-140.113400	4.910573
-139.100200	4.876094
-138.116500	4.845656
-137.105200	4.806410
-136.087800	4.773794
-135.078200	4.739952
-134.074200	4.701805
-133.071500	4.671464
-132.064900	4.639504
-131.042000	4.608555
-130.057900	4.575445
-129.067300	4.540751
-128.085900	4.508457
-127.105500	4.471611
-126.093500	4.442155
-125.064500	4.414102
-124.071900	4.378081
-123.069200	4.346493
-122.089500	4.317240
-121.111200	4.281264
-120.098900	4.255280
-119.096200	4.229681
-118.075400	4.200164
-117.065600	4.175801
-116.069600	4.149021
-115.086400	4.117562
-114.089800	4.088534
-113.098200	4.059028
-112.099600	4.036056
-111.092300	4.010717
-110.091100	3.987197
-109.074300	3.963104
-108.063700	3.933298
-107.042400	3.911739
-106.036200	3.888533
-105.040700	3.862980
-104.038700	3.840578
-103.053400	3.816279
-102.054700	3.789930
-101.048400	3.766762
-100.060900	3.744626
-99.047310	3.724962
-98.053040	3.705986
-97.047490	3.686400
-96.057750	3.667721
-95.094360	3.644730
-94.076830	3.625646
-93.077390	3.610141
-92.046590	3.589467
-91.029480	3.571152
-90.038940	3.551326
-89.081280	3.528166
-88.098850	3.512597
-87.098180	3.496393
-86.116080	3.477216
-85.093810	3.458747
-84.090200	3.438951
-83.093160	3.420199
-82.103130	3.404835
-81.103230	3.388997
-80.095720	3.373693
-79.100370	3.355556
-78.089580	3.337907
-77.082770	3.322495
-76.094920	3.300061
-75.117460	3.281802
-74.111150	3.265516
-73.120000	3.245530
-72.117340	3.230712
-71.085380	3.215856
-70.093540	3.199916
-69.093080	3.187906
-68.112170	3.176002
-67.132000	3.162636
-66.137250	3.146533
-65.160060	3.129609
-64.141770	3.115453
-63.120200	3.100452
-62.094860	3.086989
-61.075200	3.074412
-60.068230	3.057056
-59.069000	3.043083
-58.069500	3.029099
-57.077320	3.013283
-56.071980	3.001289
-55.064480	2.987500
-54.069810	2.976736
-53.053300	2.965792
-52.069250	2.952456
-51.074680	2.938613
-50.060620	2.922873
-49.094340	2.909270
-48.081730	2.897961
-47.092450	2.884956
-46.121350	2.873188
-45.083640	2.862413
-44.086180	2.850158
-43.094270	2.840910
-42.084680	2.830311
-41.103930	2.816000
-40.116890	2.804707
-39.117020	2.794399
-38.109200	2.782884
-37.109280	2.773236
-36.122820	2.761355
-35.120250	2.751016
-34.129450	2.741946
-33.128240	2.733280
-32.099910	2.725754
-31.106870	2.716434
-30.120160	2.708727
-29.109760	2.701885
-28.117690	2.691483
-27.101370	2.681257
-26.065340	2.671971
-25.067270	2.662655
-24.064450	2.657541
-23.063050	2.650700
-22.091070	2.643268
-21.102550	2.634076
-20.125950	2.626748
-19.136100	2.618799
-18.125230	2.609922
-17.126050	2.603566
-16.101830	2.596264
-15.103460	2.588948
-14.109410	2.582008
-13.081190	2.576732
-12.091800	2.569267
-11.084680	2.564033
-10.069180	2.559155
-9.092861	2.548915
-8.084452	2.540651
-7.082059	2.534250
-6.087461	2.526615
-5.087427	2.524859
-4.078586	2.521677
-3.100638	2.512935
-2.137879	2.507514
-1.180703	2.500161
-0.214753	2.494724
0.768695	2.491313
1.759456	2.486128
2.782903	2.482503
3.775492	2.475685
4.766136	2.470263
5.767881	2.467286
6.741176	2.459953
7.713739	2.456748
8.713773	2.453761
9.730391	2.448936
10.736260	2.444847
11.740160	2.438871
12.726020	2.432696
13.702640	2.427933
14.706860	2.425702
15.723230	2.424129
16.743270	2.420230
17.755170	2.417006
18.745650	2.413053
19.736290	2.407805
20.738100	2.404517
21.717510	2.401143
22.716320	2.395829
23.706200	2.393985
24.706750	2.392804
25.709550	2.387587
26.708350	2.386261
27.717410	2.383821
28.691890	2.381465
29.676780	2.377978
30.681750	2.372873
31.669640	2.369195
32.687970	2.365959
33.705930	2.366718
34.708210	2.368140
35.712890	2.365378
36.711110	2.362754
37.708140	2.361743
38.707940	2.357377
39.687890	2.356293
40.688730	2.354800
41.695480	2.351140
42.696970	2.351287
43.716660	2.349144
44.709070	2.347469
45.702620	2.345235
46.704350	2.342758
47.709040	2.342789
48.725260	2.340715
49.722750	2.338535
50.720210	2.335798
51.713240	2.330949
52.702470	2.329201
53.700490	2.327904
54.695080	2.323804
55.689990	2.322039
56.690440	2.321340
57.689860	2.320165
58.661660	2.321199
59.645790	2.320387
60.654480	2.317928
61.679070	2.317363
62.687320	2.315746
63.713410	2.316173
64.709600	2.313854
65.682720	2.312608
66.708540	2.314550
67.715090	2.312256
68.699150	2.312239
69.705870	2.313159
70.694180	2.310352
71.672080	2.310937
72.688800	2.313099
73.676120	2.309274
74.667890	2.306918
75.690960	2.303750
76.674450	2.302065
77.675740	2.301775
78.680450	2.302002
79.647670	2.304820
80.644520	2.303094
81.640240	2.304393
82.643880	2.305905
83.658550	2.301996
84.650590	2.301661
85.669330	2.300446
86.672790	2.299801
87.686690	2.300855
88.695400	2.299402
89.681200	2.298158
90.677250	2.296319
91.646900	2.296435
92.665130	2.296474
93.671710	2.295029
94.665410	2.294737
95.676030	2.295618
96.641290	2.296748
97.645660	2.299554
98.665710	2.301220
99.275890	2.251455
99.400330	2.190679
98.979860	2.117651
98.056400	2.035498
97.037390	1.997306
96.024380	1.965051
95.019850	1.938334
94.007480	1.913596
93.021750	1.889611
92.029010	1.867375
91.034260	1.846692
90.029140	1.829335
89.024780	1.814083
88.017960	1.795246
87.014160	1.776306
86.031040	1.760925
85.018580	1.741065
84.006120	1.729889
82.988280	1.716974
81.975970	1.702327
80.962840	1.691313
79.968310	1.676982
78.996190	1.663663
78.012020	1.648859
77.055190	1.637630
76.087510	1.624338
75.086070	1.616429
74.072460	1.605155
73.039240	1.593846
71.999980	1.581455
71.002460	1.566741
70.019480	1.560105
69.026320	1.545993
68.049800	1.536478
67.040960	1.526578
66.033170	1.513036
65.036250	1.507776
64.026660	1.498805
63.030460	1.487845
62.030180	1.478326
61.040550	1.465845
60.034160	1.456943
59.034480	1.451364
58.030740	1.444000
57.033750	1.435897
56.035450	1.427325
55.038320	1.417178
54.042720	1.408667
53.038920	1.399156
52.053760	1.389808
51.069680	1.382682
50.067020	1.373218
49.080670	1.363942
48.076180	1.356711
47.042050	1.347438
46.019710	1.339508
45.000900	1.333862
43.996740	1.324142
42.999320	1.316664
42.006810	1.307104
41.004020	1.300138
39.996460	1.293839
39.012860	1.285605
38.043340	1.281233
37.044670	1.271749
36.048360	1.267553
35.043950	1.257852
34.025790	1.249235
33.018660	1.241775
32.035550	1.232994
31.045550	1.229095
30.050750	1.222936
29.069630	1.218197
28.053740	1.209001
27.069400	1.203260
26.068250	1.196904
25.073600	1.189527
24.088470	1.183265
23.062970	1.173469
22.076440	1.167749
21.075410	1.160074
20.065760	1.155498
19.092000	1.149067
18.089570	1.141048
17.077840	1.136746
16.092790	1.129301
15.070590	1.126872
14.076030	1.120202
13.101570	1.114784
12.108200	1.108743
11.124390	1.100201
10.117190	1.096307
9.112288	1.088341
8.101668	1.079978
7.094540	1.074995
6.112686	1.066653
5.111556	1.061998
4.129869	1.056189
3.149212	1.050609
2.130118	1.044616
1.134372	1.037404
0.145590	1.034522
-0.826210	1.027549
-1.764092	1.023336
-2.733531	1.017588
-3.728081	1.013445
-4.727150	1.003555
-5.752276	0.993383
-6.756365	0.988081
-7.759522	0.976605
-8.774677	0.974975
-9.762015	0.972005
-10.772350	0.962817
-11.764860	0.960772
-12.738920	0.955672
-13.733510	0.948723
-14.713370	0.943962
-15.717910	0.934872
-16.751080	0.927469
-17.776790	0.921231
-18.784280	0.916519
-19.775860	0.909865
-20.779310	0.902945
-21.768910	0.897101
-22.755720	0.890634
-23.762710	0.885882
-24.724790	0.878998
-25.717700	0.873802
-26.717000	0.866020
-27.705350	0.859960
-28.726500	0.854413
-29.732810	0.845427
-30.768030	0.840263
-31.780710	0.832037
-32.775810	0.823447
-33.745480	0.816328
-34.715640	0.806169
-35.702370	0.799572
-36.692340	0.794199
-37.702170	0.788669
-38.695760	0.785792
-39.697800	0.776942
-40.722800	0.766979
-41.740280	0.760589
-42.741760	0.749987
-43.727520	0.744705
-44.709170	0.737670
-45.713310	0.727743
-46.734810	0.719583
-47.747740	0.710858
-48.758060	0.703051
-49.738470	0.696391
-50.723180	0.689297
-51.729630	0.680407
-52.722160	0.672254
-53.749770	0.660178
-54.750530	0.651002
-55.748470	0.641813
-56.743680	0.633145
-57.727680	0.627474
-58.713760	0.614534
-59.718190	0.602910
-60.731120	0.591773
-61.729310	0.578522
-62.742650	0.571240
-63.727950	0.561748
-64.719700	0.549144
-65.734890	0.539054
-66.736790	0.525782
-67.747990	0.512658
-68.755350	0.500519
-69.739490	0.487809
-70.748240	0.474050
-71.754420	0.459905
-72.767960	0.445334
-73.764470	0.429967
-74.759070	0.415161
-75.764790	0.401927
-76.732090	0.389715
-77.739810	0.374110
-78.722180	0.357404
-79.702870	0.339438
-80.698880	0.319351
-81.686360	0.303421
-82.693470	0.286790
-83.695720	0.268990
-84.712840	0.250050
-85.727770	0.229497
-86.738930	0.210811
-87.745200	0.191013
-88.730970	0.170555
-89.716520	0.148763
-90.725650	0.123678
-91.717180	0.100144
-92.722330	0.076119
-93.713780	0.051442
-94.697870	0.030794
-95.692120	0.009411
-96.692610	-0.015361
-97.725660	-0.035285
-98.723830	-0.062852
-99.747290	-0.091532
-100.741500	-0.115134
-101.694900	-0.147387
-102.696200	-0.172787
-103.678200	-0.204341
-104.694300	-0.238714
-105.726200	-0.266641
-106.732100	-0.299507
-107.752900	-0.329893
-108.758100	-0.356929
-109.750700	-0.390412
-110.738300	-0.424001
-111.727700	-0.453504
-112.715500	-0.486557
-113.725300	-0.514258
-114.735000	-0.545482
-115.729800	-0.579878
-116.730300	-0.615739
-117.736900	-0.653848
-118.728000	-0.689984
-119.725600	-0.728036
-120.739500	-0.761553
-121.734000	-0.796256
-122.757100	-0.836979
-123.778100	-0.872986
-124.771600	-0.915258
-125.768700	-0.957367
-126.753600	-0.992053
-127.735400	-1.028711
-128.721300	-1.067842
-129.714800	-1.111653
-130.714800	-1.158839
-131.705400	-1.208167
-132.714700	-1.257089
-133.714200	-1.305121
-134.706700	-1.352497
-135.712100	-1.404560
-136.716000	-1.452550
-137.727800	-1.501453
-138.731100	-1.557638
-139.732000	-1.608491
-140.714600	-1.660446
-141.695900	-1.718291
-142.699900	-1.779011
-143.700300	-1.842208
-144.719500	-1.910414
-145.729800	-1.970192
-146.724100	-2.026982
-147.732200	-2.090385
-148.714100	-2.155680
-149.710100	-2.226532
-150.707800	-2.289868
-151.696600	-2.356349
-152.715800	-2.424090
-153.703100	-2.487294
-154.704700	-2.572090
-155.706700	-2.651435
-156.694600	-2.730784
-157.692500	-2.822855
-158.702100	-2.902667
-159.700800	-2.980525
-160.687300	-3.063490
-161.714400	-3.142092
-162.720800	-3.228658
-163.732900	-3.320497
-164.749900	-3.407656
-165.732600	-3.492703
-166.732000	-3.573542
-167.721000	-3.665443
-168.719300	-3.763785
-169.719500	-3.853460
-170.723000	-3.953429
-171.715000	-4.044890
-172.709200	-4.131854
-173.715100	-4.238389
-174.700600	-4.332047
-175.697400	-4.426121
-176.683000	-4.527576
-177.669500	-4.619878
-178.661700	-4.719017
-179.671200	-4.814622
-180.675300	-4.915212
-181.694000	-5.024179
-182.709200	-5.130124
-183.708200	-5.245934
-184.725000	-5.349699
-185.694500	-5.440306
-186.681900	-5.548371
-187.693300	-5.653990
-188.681400	-5.757476
-189.701400	-5.869033
-190.698000	-5.962699
-191.665400	-6.053210
-192.666200	-6.159959
-193.673400	-6.267026
-194.670800	-6.375409
-195.682700	-6.492207
-196.686500	-6.596883
-197.672500	-6.695019
-198.652600	-6.790036
-199.660500	-6.881487
-200.642300	-6.980975
-201.633700	-7.074228
-202.641400	-7.179134
-203.628400	-7.269832
-204.611600	-7.349320
-205.591500	-7.450572
-206.588300	-7.552727
-207.591100	-7.664540
-208.611500	-7.782113
-209.638000	-7.881823
-210.646800	-7.973670
-211.636300	-8.065833
-212.646800	-8.159627
-213.660200	-8.258569
-214.664500	-8.346703
-215.671600	-8.434187
-216.667900	-8.516823
-217.652000	-8.586436
-218.660000	-8.676357
-219.686000	-8.765451
-220.675700	-8.851723
-221.687800	-8.944958
-222.675200	-9.030596
-223.656500	-9.105412
-224.672200	-9.176726
-225.668800	-9.250308
-226.682300	-9.321502
-227.671300	-9.395545
-228.656800	-9.463842
-229.649900	-9.529430
-230.616200	-9.583868
-231.610500	-9.652185
-232.623000	-9.734406
-233.612500	-9.801464
-234.646300	-9.881119
-235.642800	-9.952659
-236.630900	-10.004150
-237.629800	-10.077870
-238.622900	-10.137150
-239.620200	-10.189390
-240.628500	-10.252590
-241.632400	-10.301160
-242.620300	-10.356460
-243.640600	-10.409110
-244.640900	-10.465760
-245.655800	-10.529550
-246.671700	-10.578280
-247.690200	-10.633750
-248.701100	-10.678260
-249.683300	-10.701110
-250.669600	-10.747400
-251.643100	-10.787800
-252.614700	-10.821930
-253.625500	-10.873140
-254.628200	-10.902300
-255.625600	-10.925260
-256.623700	-10.962320
-257.624600	-10.999220
-258.626200	-11.046900
-259.641800	-11.096090
-260.651600	-11.137170
-261.644200	-11.174240
-262.658100	-11.201100
-263.646800	-11.229470
-264.646800	-11.262390
-265.641400	-11.279620
-266.628600	-11.304610
-267.624000	-11.323670
-268.635000	-11.323380
-269.639500	-11.349250
-270.649200	-11.373550
-271.658500	-11.398190
-272.651800	-11.428840
-273.667100	-11.445860
-274.661400	-11.453370
-275.670800	-11.454380
-276.672600	-11.464640
-277.670700	-11.474130
-278.657900	-11.476960
-279.650000	-11.483000
-280.636500	-11.483420
-281.622600	-11.466120
-282.618000	-11.473440
-283.602400	-11.480300
-284.623100	-11.483280
-285.613500	-11.504470
-286.598300	-11.498700
-287.599900	-11.482060
-288.587300	-11.470620
-289.598100	-11.457980
-290.620600	-11.453230
-291.629500	-11.452140
-292.623600	-11.441860
-293.610900	-11.421730
-294.606500	-11.398700
-295.607700	-11.385980
-296.610600	-11.379660
-297.616000	-11.359050
-298.613200	-11.344980
-299.608200	-11.323690
-300.597800	-11.286710
-301.611700	-11.269380
-302.602900	-11.238740
-303.607500	-11.204670
-304.627000	-11.182640
-305.612700	-11.146120
-306.597700	-11.107260
-307.569700	-11.069540
-308.554100	-11.035900
-309.576500	-11.017140
-310.606400	-10.995700
-311.623500	-10.971520
-312.627400	-10.934100
-313.603500	-10.876510
-314.604600	-10.839430
-315.616300	-10.796080
-316.616000	-10.748070
-317.640900	-10.708660
-318.634100	-10.648180
-319.627900	-10.588290
-320.634600	-10.537830
-321.609700	-10.484680
-322.610500	-10.431660
-323.594800	-10.381750
-324.592200	-10.325280
-325.587100	-10.266830
-326.580800	-10.200060
-327.593900	-10.134630
-328.597000	-10.071730
-329.608800	-10.000630
-330.628900	-9.938877
-331.626200	-9.867787
-332.608300	-9.782660
-333.596000	-9.718035
-334.587000	-9.652290
-335.582200	-9.588645
-336.597100	-9.531163
-337.602100	-9.457951
-338.587000	-9.383768
-339.590900	-9.310211
-340.581800	-9.237036
-341.605700	-9.164196
-342.599900	-9.082355
-343.601000	-9.005184
-344.614200	-8.925645
-345.581400	-8.838960
-346.591600	-8.767872
-347.592800	-8.691198
-348.595900	-8.611534
-349.611500	-8.546403
-350.624500	-8.462455
-351.613200	-8.374783
-352.588600	-8.291464
-353.586400	-8.205218
-354.565400	-8.127365
-355.553500	-8.044359
-356.548100	-7.960482
-357.519500	-7.875052
-358.514600	-7.785667
-359.538300	-7.712337
-360.561300	-7.639413
-361.576400	-7.559824
-362.595200	-7.489565
-363.604200	-7.409170
-364.596100	-7.326715
-365.586000	-7.249958
-366.571700	-7.168262
-367.548200	-7.087204
-368.540000	-7.008170
-369.559400	-6.931029
-370.577500	-6.847949
-371.577700	-6.764762
-372.576800	-6.691404
-373.589200	-6.618631
-374.578100	-6.545891
-375.593700	-6.474821
-376.605300	-6.393871
-377.571200	-6.312769
-378.564800	-6.243009
-379.562700	-6.171521
-380.551900	-6.100199
-381.559500	-6.029710
-382.549900	-5.955147
-383.509100	-5.880149
-384.495700	-5.809992
-385.491100	-5.744598
-386.496800	-5.677514
-387.515300	-5.616581
-388.519600	-5.557690
-389.526200	-5.493161
-390.536800	-5.426883
-391.547200	-5.365917
-392.561200	-5.302958
-393.561300	-5.242926
-394.567800	-5.187293
-395.550000	-5.126689
-396.536400	-5.064332
-397.558200	-5.009861
-398.544900	-4.957065
-399.551100	-4.904355
-400.559000	-4.852413
-401.547700	-4.798713
-402.556600	-4.743144
-403.558200	-4.690051
-404.538600	-4.641378
-405.515600	-4.591576
-406.481800	-4.543551
-407.468700	-4.497169
-408.458100	-4.449769
-409.436200	-4.402263
-410.444400	-4.361863
-411.455800	-4.320713
-412.496000	-4.280265
-413.523800	-4.243215
-414.535900	-4.202293
-415.545700	-4.159489
-416.516200	-4.122278
-417.505000	-4.083694
-418.501600	-4.044322
-419.502000	-4.009862
-420.504400	-3.972046
-421.508900	-3.937948
-422.501400	-3.904608
-423.516000	-3.872983
-424.544800	-3.843809
-425.549600	-3.811011
-426.573300	-3.781616
-427.574300	-3.750627
-428.558300	-3.717453
-429.575400	-3.691805
-430.566300	-3.663081
-431.538300	-3.636776
-432.528700	-3.613079
-433.520700	-3.586138
-434.510500	-3.560131
-435.492100	-3.535240
-436.505000	-3.513797
-437.497400	-3.493532
-438.496200	-3.471953
-439.527300	-3.453017
-440.533100	-3.431051
-441.522700	-3.408802
-442.527900	-3.391953
-443.518500	-3.371886
-444.501700	-3.351875
-445.525000	-3.336083
-446.540400	-3.316963
-447.542500	-3.299453
-448.524200	-3.283799
-449.511000	-3.265358
-450.501700	-3.249417
-451.504000	-3.235683
-452.517600	-3.221740
-453.517600	-3.209028
-454.513200	-3.195458
-455.496400	-3.181529
-456.498500	-3.169776
-457.509400	-3.155901
-458.484400	-3.145187
-459.499400	-3.134307
-460.491200	-3.120215
-461.467200	-3.113237
-462.498400	-3.103135
-463.503200	-3.092392
-464.512700	-3.085259
-465.525700	-3.074298
-466.515700	-3.064076
-467.513300	-3.055120
-468.520400	-3.044309
-469.534700	-3.035420
-470.541000	-3.026098
-471.542500	-3.019254
-472.543800	-3.012014
-473.522000	-3.004923
-474.516700	-3.000475
-475.514300	-2.992472
-476.518100	-2.986997
-477.539100	-2.982315
-478.542400	-2.974494
-479.533200	-2.967511
-480.541200	-2.960124
-481.538800	-2.950920
-482.541800	-2.943518
-483.555000	-2.935863
-484.537700	-2.931315
-485.530100	-2.925992
-486.527700	-2.919766
-487.511800	-2.917400
-488.498000	-2.910163
-489.477800	-2.906572
-490.478500	-2.903196
-491.487000	-2.896622
-492.490400	-2.891562
-493.494800	-2.887182
-494.507000	-2.884647
-495.514600	-2.881467
-496.537400	-2.879803
-497.546100	-2.875354
-498.514800	-2.867969
-499.503300	-2.863708
-500.475300	-2.860639
-501.479100	-2.853539
-502.491500	-2.857578
-503.489700	-2.853995
-504.489400	-2.846832
-505.474600	-2.844059
-506.462200	-2.834433
-507.451400	-2.828546
-508.450400	-2.825778
-509.449200	-2.825704
-510.436700	-2.819482
-511.424200	-2.818551
-512.422400	-2.813232
-513.427000	-2.806540
-514.450200	-2.806779
-515.477500	-2.801030
-516.476100	-2.801277
-517.476000	-2.797340
-518.484800	-2.793303
-519.477400	-2.791955
-520.500700	-2.787794
-521.515300	-2.784676
-522.513700	-2.779487
-523.512700	-2.775921
-524.478900	-2.770988
-525.481100	-2.768531
-526.472800	-2.768272
-527.476900	-2.765194
-528.502800	-2.763850
-529.491700	-2.763974
-530.499900	-2.757758
-531.505700	-2.755883
-532.510600	-2.753370
-533.507600	-2.749477
-534.496700	-2.749148
-535.503500	-2.744957
-536.493900	-2.743134
-537.494200	-2.738852
-538.498300	-2.737550
-539.500700	-2.737361
-540.509400	-2.732048
-541.518300	-2.732865
-542.524600	-2.726662
-543.518600	-2.722244
-544.519500	-2.720165
-545.519100	-2.715328
-546.509900	-2.713502
-547.516900	-2.711096
-548.515300	-2.711548
-549.511600	-2.708050
-550.494900	-2.708586
-551.471400	-2.708157
-552.465000	-2.704319
-553.458200	-2.707478
-554.469700	-2.705634
-555.476000	-2.702361
-556.490800	-2.701888
-557.502600	-2.696405
-558.513100	-2.693288
-559.515400	-2.692580
-560.496500	-2.691517
-561.472100	-2.689358
-562.455200	-2.688896
-563.433300	-2.687106
-564.430400	-2.687760
-565.452100	-2.687976
-566.480900	-2.687631
-567.513400	-2.688174
-568.531600	-2.684289
-569.506800	-2.683280
-570.480000	-2.682053
-571.470500	-2.680888
-572.452200	-2.680500
-573.470000	-2.682371
-574.477400	-2.682377
-575.454500	-2.680179
-576.453600	-2.679195
-577.438700	-2.677693
-578.444500	-2.677561
-579.463500	-2.679431
-580.480000	-2.681380
-581.489100	-2.680808
-582.465500	-2.679745
-583.469700	-2.679487
-584.450300	-2.679090
-585.437000	-2.678218
-586.426000	-2.677741
-587.407700	-2.677332
-588.407700	-2.675031
-589.408200	-2.675331
-590.416500	-2.676586
-591.429700	-2.676227
-592.425000	-2.680264
-593.447400	-2.680480
