Potencial	Intensidad
mv	uA
-600.096400	-3.658550
-599.855000	-3.645526
-599.347300	-3.626410
-598.605800	-3.601692
-597.597700	-3.571380
-596.599500	-3.550109
-595.610000	-3.529948
-594.614100	-3.512444
-593.617900	-3.495775
-592.596700	-3.478635
-591.598400	-3.462697
-590.586500	-3.445685
-589.579500	-3.428277
-588.590000	-3.412414
-587.604400	-3.394978
-586.612800	-3.377480
-585.641200	-3.360666
-584.654000	-3.343560
-583.648700	-3.328747
-582.654200	-3.314063
-581.646200	-3.299861
-580.644200	-3.285439
-579.622900	-3.270040
-578.622900	-3.255092
-577.622300	-3.239784
-576.629900	-3.223858
-575.654700	-3.207713
-574.660300	-3.191144
-573.655800	-3.174306
-572.667400	-3.159507
-571.646100	-3.145176
-570.649400	-3.131231
-569.661400	-3.118390
-568.627100	-3.103969
-567.629400	-3.088976
-566.615800	-3.074408
-565.599600	-3.058803
-564.610400	-3.044033
-563.616500	-3.028923
-562.628200	-3.013475
-561.635700	-2.998313
-560.635600	-2.982439
-559.644200	-2.967157
-558.643100	-2.953289
-557.655200	-2.938769
-556.670900	-2.925065
-555.688400	-2.910480
-554.678600	-2.893208
-553.654400	-2.877371
-552.637500	-2.860546
-551.618300	-2.844315
-550.619200	-2.829254
-549.634700	-2.813203
-548.658100	-2.797583
-547.661200	-2.781128
-546.673400	-2.764790
-545.667600	-2.749241
-544.664600	-2.733155
-543.656900	-2.718350
-542.643300	-2.702892
-541.620700	-2.686041
-540.604600	-2.670376
-539.612600	-2.654645
-538.622500	-2.638709
-537.659900	-2.623414
-536.662800	-2.607017
-535.673300	-2.589561
-534.660900	-2.572582
-533.653300	-2.556242
-532.661000	-2.540900
-531.666600	-2.525376
-530.676800	-2.509837
-529.682000	-2.493424
-528.687100	-2.475419
-527.683300	-2.458596
-526.679400	-2.441369
-525.666700	-2.423431
-524.677000	-2.406234
-523.673300	-2.387740
-522.656200	-2.368890
-521.661300	-2.351802
-520.657000	-2.334771
-519.648000	-2.318220
-518.654500	-2.302113
-517.657100	-2.284558
-516.637700	-2.266423
-515.623800	-2.247872
-514.637100	-2.229681
-513.618000	-2.211290
-512.611200	-2.192756
-511.615600	-2.175152
-510.616100	-2.157484
-509.615700	-2.139481
-508.626100	-2.123189
-507.643600	-2.106062
-506.646600	-2.088681
-505.671100	-2.072505
-504.663900	-2.054026
-503.666500	-2.035854
-502.659900	-2.017536
-501.658100	-1.998616
-500.661100	-1.980982
-499.664900	-1.964316
-498.669300	-1.946301
-497.660100	-1.928703
-496.653300	-1.909931
-495.652300	-1.891504
-494.676400	-1.874601
-493.674500	-1.855842
-492.694200	-1.838447
-491.680800	-1.819677
-490.658400	-1.799339
-489.679500	-1.782753
-488.679100	-1.765309
-487.688100	-1.747710
-486.701600	-1.732077
-485.682900	-1.712562
-484.692500	-1.694261
-483.689100	-1.675373
-482.694600	-1.656901
-481.715600	-1.640291
-480.708800	-1.622867
-479.730100	-1.606129
-478.704300	-1.587733
-477.677200	-1.567379
-476.666200	-1.548189
-475.628400	-1.529400
-474.633700	-1.510726
-473.656500	-1.494284
-472.667900	-1.475159
-471.695500	-1.455167
-470.694500	-1.436329
-469.692500	-1.416578
-468.692300	-1.399035
-467.688200	-1.381785
-466.693400	-1.363497
-465.714200	-1.344493
-464.703400	-1.324353
-463.685700	-1.305144
-462.694500	-1.285866
-461.669400	-1.265743
-460.663600	-1.246715
-459.668700	-1.226211
-458.665900	-1.205778
-457.668400	-1.187538
-456.679700	-1.167504
-455.687300	-1.146917
-454.709800	-1.125919
-453.712600	-1.101817
-452.720000	-1.078368
-451.695100	-1.054123
-450.666400	-1.030569
-449.653100	-1.008340
-448.649700	-0.985646
-447.685200	-0.963223
-446.681400	-0.938657
-445.685500	-0.912185
-444.682300	-0.887807
-443.663100	-0.862885
-442.671100	-0.837267
-441.679700	-0.813304
-440.675400	-0.785496
-439.670300	-0.757122
-438.665000	-0.730835
-437.653400	-0.702489
-436.654900	-0.675221
-435.664500	-0.646739
-434.676700	-0.615707
-433.687100	-0.584469
-432.687900	-0.551833
-431.683900	-0.520374
-430.676300	-0.488901
-429.675800	-0.454849
-428.674800	-0.422537
-427.691700	-0.387055
-426.681600	-0.347951
-425.678700	-0.311040
-424.678900	-0.270451
-423.665200	-0.229629
-422.677800	-0.190965
-421.673700	-0.148626
-420.668200	-0.106744
-419.666200	-0.063731
-418.677700	-0.020864
-417.676100	0.022175
-416.679400	0.068432
-415.692000	0.114586
-414.683500	0.165331
-413.664300	0.221975
-412.652900	0.273667
-411.633000	0.326640
-410.611800	0.379963
-409.632400	0.427172
-408.657900	0.479858
-407.662100	0.536747
-406.683000	0.592944
-405.685300	0.653539
-404.680800	0.714721
-403.697500	0.777317
-402.686200	0.841555
-401.683000	0.907680
-400.674400	0.979021
-399.668200	1.045104
-398.669200	1.112057
-397.665000	1.184314
-396.682600	1.250996
-395.720600	1.325380
-394.737500	1.406653
-393.752200	1.482902
-392.734000	1.564312
-391.703200	1.646425
-390.705700	1.725431
-389.688000	1.809920
-388.692300	1.894842
-387.671000	1.982373
-386.654300	2.069646
-385.677200	2.156916
-384.697200	2.248947
-383.732300	2.340517
-382.742700	2.436651
-381.749100	2.540362
-380.737700	2.636362
-379.743100	2.733639
-378.738100	2.832703
-377.743200	2.926512
-376.758700	3.031158
-375.736200	3.141068
-374.733500	3.253237
-373.724500	3.370585
-372.709000	3.483489
-371.714100	3.595765
-370.735500	3.707279
-369.743100	3.817796
-368.731900	3.934529
-367.740100	4.048101
-366.750700	4.163898
-365.726700	4.287994
-364.746700	4.407778
-363.748500	4.538552
-362.721700	4.675821
-361.723300	4.803189
-360.732500	4.933884
-359.728400	5.057165
-358.747500	5.170695
-357.757300	5.294852
-356.747100	5.418969
-355.740800	5.548683
-354.729900	5.683271
-353.754500	5.816371
-352.768600	5.954524
-351.776800	6.089117
-350.767900	6.227912
-349.733500	6.372926
-348.710600	6.505606
-347.719200	6.639438
-346.753300	6.771297
-345.782700	6.891258
-344.792300	7.024822
-343.786300	7.164331
-342.763600	7.302707
-341.769900	7.448933
-340.783000	7.591240
-339.799700	7.730751
-338.810000	7.873279
-337.820500	8.017343
-336.819900	8.169773
-335.806600	8.316570
-334.800200	8.459797
-333.771500	8.605656
-332.772600	8.732903
-331.766700	8.868397
-330.763900	9.008898
-329.774500	9.137712
-328.789200	9.278835
-327.808000	9.416648
-326.825300	9.550163
-325.806600	9.693589
-324.795200	9.841486
-323.793400	9.993388
-322.754900	10.139820
-321.782100	10.276900
-320.758700	10.404000
-319.752100	10.522330
-318.785400	10.645850
-317.764200	10.782350
-316.771700	10.910830
-315.763400	11.045960
-314.735700	11.183280
-313.751300	11.305660
-312.752100	11.440000
-311.741300	11.571760
-310.747300	11.693340
-309.735900	11.813920
-308.733000	11.922950
-307.736600	12.026890
-306.746700	12.132170
-305.749000	12.242930
-304.748400	12.361880
-303.751300	12.471410
-302.763500	12.577590
-301.763700	12.684700
-300.772600	12.771230
-299.782600	12.866220
-298.763900	12.970380
-297.772800	13.061450
-296.765100	13.164170
-295.756400	13.265020
-294.770500	13.350790
-293.777400	13.441880
-292.800600	13.529410
-291.813500	13.611690
-290.819700	13.688170
-289.803200	13.757970
-288.790300	13.831050
-287.797500	13.898030
-286.787900	13.975150
-285.769300	14.068130
-284.775800	14.139590
-283.753000	14.207540
-282.769600	14.265880
-281.811700	14.298970
-280.801500	14.338730
-279.843000	14.383930
-278.837900	14.425800
-277.820700	14.470220
-276.841200	14.514320
-275.821600	14.556750
-274.815200	14.597630
-273.832600	14.636110
-272.828600	14.683200
-271.826400	14.710880
-270.816700	14.727440
-269.799900	14.747170
-268.789500	14.743720
-267.771500	14.747860
-266.795200	14.766570
-265.800200	14.771060
-264.801100	14.781920
-263.829300	14.789910
-262.791300	14.784150
-261.789200	14.781030
-260.795200	14.770670
-259.752600	14.759050
-258.782400	14.738820
-257.780300	14.706800
-256.785100	14.677200
-255.821600	14.638330
-254.836800	14.600120
-253.808200	14.572820
-252.805300	14.528090
-251.800800	14.477070
-250.793200	14.423160
-249.834100	14.350240
-248.837900	14.288130
-247.807400	14.230500
-246.787500	14.172650
-245.781400	14.117200
-244.775400	14.050310
-243.800800	13.974510
-242.796700	13.890940
-241.786500	13.802040
-240.783300	13.717790
-239.788000	13.624100
-238.792700	13.526060
-237.795900	13.434400
-236.793500	13.329780
-235.784500	13.236610
-234.760600	13.150040
-233.751500	13.041610
-232.744000	12.932290
-231.739300	12.807820
-230.774200	12.662430
-229.804100	12.530230
-228.828200	12.400700
-227.844900	12.275820
-226.857400	12.157640
-225.843100	12.032320
-224.834500	11.906880
-223.840700	11.773850
-222.818700	11.641530
-221.795800	11.514620
-220.775700	11.370910
-219.764100	11.226760
-218.758600	11.083260
-217.765700	10.922930
-216.776900	10.778270
-215.757000	10.641650
-214.771300	10.499260
-213.782300	10.361970
-212.771300	10.215110
-211.808200	10.058710
-210.797500	9.898928
-209.795600	9.737400
-208.787100	9.589874
-207.754600	9.435311
-206.760200	9.283780
-205.751800	9.141437
-204.782200	8.980670
-203.786800	8.828637
-202.800400	8.683199
-201.811100	8.522866
-200.813200	8.369287
-199.848900	8.217966
-198.844000	8.061010
-197.853900	7.916773
-196.825800	7.779331
-195.787500	7.648104
-194.792400	7.513051
-193.803000	7.371479
-192.813000	7.231403
-191.829400	7.083953
-190.842500	6.945263
-189.830900	6.819002
-188.839500	6.685991
-187.842300	6.557555
-186.841300	6.435812
-185.859600	6.307425
-184.843100	6.189915
-183.839200	6.078493
-182.809900	5.962417
-181.787800	5.847732
-180.813400	5.730087
-179.827400	5.608311
-178.866800	5.491896
-177.868400	5.379783
-176.860600	5.276490
-175.846200	5.173562
-174.818900	5.070433
-173.825600	4.974376
-172.837200	4.874641
-171.858800	4.781612
-170.867000	4.694796
-169.846800	4.601198
-168.848700	4.510673
-167.849100	4.420199
-166.850300	4.327799
-165.877600	4.242166
-164.879400	4.159858
-163.877000	4.080781
-162.870700	4.002876
-161.851900	3.922414
-160.859100	3.845351
-159.847500	3.767998
-158.852500	3.696873
-157.825800	3.632250
-156.809000	3.563361
-155.796500	3.495720
-154.780800	3.427277
-153.826900	3.352834
-152.821200	3.287540
-151.833800	3.224764
-150.865200	3.161513
-149.870900	3.104058
-148.869100	3.044546
-147.889000	2.987144
-146.867200	2.933497
-145.863100	2.881311
-144.860800	2.833464
-143.826100	2.782592
-142.831800	2.731100
-141.826200	2.680881
-140.853300	2.627431
-139.896700	2.579641
-138.884800	2.535529
-137.877700	2.489644
-136.861000	2.448833
-135.837700	2.408216
-134.855100	2.366146
-133.848300	2.327289
-132.858600	2.288012
-131.859100	2.248641
-130.867100	2.209666
-129.869600	2.169884
-128.871600	2.132413
-127.890300	2.094936
-126.889300	2.061130
-125.891000	2.030746
-124.881200	1.997859
-123.846700	1.967942
-122.837800	1.938935
-121.852300	1.907470
-120.853700	1.880592
-119.871500	1.853953
-118.862600	1.825777
-117.854000	1.800872
-116.862400	1.774932
-115.858200	1.748526
-114.882700	1.721415
-113.890500	1.691956
-112.858000	1.669549
-111.860800	1.650719
-110.835800	1.634619
-109.812400	1.619941
-108.836600	1.596055
-107.830000	1.571657
-106.819500	1.551951
-105.827800	1.530228
-104.821600	1.510623
-103.832600	1.488156
-102.837900	1.458824
-101.837600	1.432434
-100.856500	1.407467
-99.839680	1.385873
-98.841400	1.369027
-97.846320	1.353247
-96.833590	1.342739
-95.837810	1.340415
-94.841180	1.337987
-93.823470	1.329066
-92.819920	1.308970
-91.831630	1.276323
-90.846900	1.238966
-89.887980	1.206904
-88.894320	1.186993
-87.878300	1.174305
-86.860860	1.166965
-85.830110	1.162570
-84.844020	1.155179
-83.855290	1.145748
-82.862320	1.135026
-81.874050	1.123662
-80.860700	1.113844
-79.855190	1.102239
-78.876360	1.091709
-77.870120	1.081280
-76.855130	1.068506
-75.853370	1.058150
-74.825330	1.048401
-73.850810	1.036633
-72.860970	1.026813
-71.856810	1.016913
-70.856700	1.006311
-69.850430	0.999327
-68.850530	0.991225
-67.855710	0.982975
-66.866960	0.974256
-65.863970	0.963250
-64.881420	0.953707
-63.881740	0.943842
-62.881600	0.935418
-61.860850	0.928619
-60.843350	0.919743
-59.849110	0.912884
-58.840870	0.906860
-57.851290	0.900838
-56.847280	0.896534
-55.822590	0.890668
-54.812000	0.884250
-53.815580	0.878560
-52.818800	0.872680
-51.830160	0.866618
-50.866280	0.860208
-49.862090	0.852579
-48.866180	0.845269
-47.872490	0.836786
-46.870190	0.829399
-45.849110	0.823834
-44.858110	0.817150
-43.860700	0.813468
-42.831130	0.809429
-41.860550	0.802457
-40.871980	0.797185
-39.850580	0.791701
-38.875410	0.784950
-37.876700	0.781941
-36.859120	0.779306
-35.886430	0.775430
-34.874120	0.772377
-33.875310	0.767081
-32.859660	0.762148
-31.858820	0.757208
-30.867370	0.752813
-29.838940	0.750395
-28.852170	0.746134
-27.878420	0.743078
-26.849940	0.739502
-25.853980	0.736311
-24.850930	0.733706
-23.836350	0.731874
-22.847150	0.729117
-21.873100	0.725642
-20.875580	0.722241
-19.873560	0.718721
-18.883870	0.716419
-17.857530	0.713321
-16.857140	0.711162
-15.845890	0.707124
-14.847740	0.704184
-13.875250	0.702842
-12.854200	0.699982
-11.849470	0.699837
-10.834700	0.699472
-9.823967	0.696774
-8.852794	0.695850
-7.854990	0.692978
-6.849492	0.689570
-5.833609	0.688059
-4.824016	0.686003
-3.850713	0.681246
-2.890850	0.678338
-1.918373	0.675737
-0.940992	0.673025
0.063961	0.672875
1.048706	0.671955
2.030957	0.670756
3.022751	0.668039
4.012730	0.668394
5.036191	0.668404
6.022157	0.666933
7.024600	0.667700
8.018112	0.666893
8.994321	0.664304
9.989153	0.662655
10.986910	0.659791
11.989480	0.656556
12.986110	0.654177
14.001550	0.652955
14.985370	0.653246
15.972230	0.653503
16.979200	0.655187
17.984660	0.656511
19.003780	0.655042
20.005680	0.654014
21.004130	0.653291
22.010400	0.650323
22.990970	0.648826
23.981590	0.647475
24.964160	0.645185
25.942680	0.644676
26.934140	0.645346
27.948450	0.646615
28.964190	0.646943
29.965430	0.646992
30.971490	0.646351
31.974990	0.644094
32.962920	0.642812
33.961480	0.643421
34.973860	0.642287
35.974140	0.642446
36.965560	0.643454
37.960980	0.642615
38.941590	0.644589
39.929040	0.646158
40.944260	0.646289
41.951610	0.646437
42.965640	0.645158
43.978550	0.644728
44.977790	0.644681
45.968430	0.644581
46.986560	0.646637
47.983470	0.646619
48.981250	0.646973
49.993760	0.648583
50.960490	0.647275
51.954460	0.647925
52.959020	0.648363
53.941970	0.647581
54.925510	0.649145
55.931550	0.650093
56.933760	0.650850
57.936090	0.653049
58.959320	0.654894
59.975120	0.656457
60.950600	0.656925
61.965970	0.655491
62.959570	0.653291
63.922220	0.650791
64.927090	0.650044
65.901200	0.652585
66.888370	0.653101
67.898880	0.655212
68.897310	0.656679
69.913830	0.655331
70.935970	0.657143
71.923810	0.658106
72.935380	0.658084
73.916930	0.659093
74.896990	0.659046
75.878660	0.658733
76.877180	0.660230
77.877010	0.662535
78.890470	0.665232
79.901650	0.666733
80.905750	0.668129
81.914340	0.669259
82.904240	0.668022
83.900210	0.669755
84.899880	0.672261
85.899120	0.672652
86.885340	0.675796
87.897090	0.678812
88.889860	0.680019
89.865740	0.682986
90.893460	0.685397
91.897580	0.686772
92.889710	0.688034
93.910120	0.689470
94.903080	0.691347
95.891470	0.692177
96.897220	0.694298
97.926150	0.698097
98.479460	0.645660
98.522370	0.585171
98.057100	0.519041
97.060400	0.444075
96.044040	0.419993
95.047810	0.400491
94.052690	0.382353
93.076070	0.367529
92.078350	0.354436
91.085690	0.342582
90.095790	0.330701
89.097110	0.319138
88.108040	0.308220
87.095480	0.295502
86.081990	0.284747
85.073590	0.276363
84.054850	0.266782
83.050750	0.259719
82.056170	0.253429
81.061430	0.245113
80.058920	0.238097
79.070630	0.231766
78.079090	0.225534
77.070340	0.220023
76.090550	0.214742
75.100660	0.210261
74.094640	0.203700
73.096310	0.196913
72.082140	0.192359
71.072420	0.186103
70.065190	0.180110
69.070690	0.176225
68.064450	0.169455
67.068950	0.165398
66.082280	0.162595
65.082870	0.157324
64.099200	0.154721
63.095890	0.150125
62.081860	0.145673
61.086780	0.143455
60.081740	0.139463
59.088120	0.136206
58.108920	0.133294
57.103970	0.129455
56.110800	0.127222
55.095640	0.124829
54.069070	0.122499
53.077090	0.121097
52.079020	0.117273
51.105340	0.114023
50.147250	0.111091
49.146250	0.105209
48.161260	0.102287
47.149070	0.098776
46.138100	0.094225
45.133490	0.092914
44.127720	0.090429
43.145360	0.088432
42.136180	0.086573
41.129010	0.084853
40.126170	0.083712
39.112920	0.081570
38.103920	0.080546
37.121950	0.078861
36.105110	0.075048
35.085950	0.073205
34.080680	0.071530
33.045470	0.068318
32.062850	0.067738
31.087970	0.066439
30.116130	0.063535
29.135550	0.061666
28.118560	0.059469
27.109460	0.056694
26.118490	0.054478
25.125720	0.052893
24.131690	0.051620
23.135680	0.048931
22.125250	0.047092
21.138470	0.046949
20.141960	0.044600
19.134740	0.044329
18.135320	0.044698
17.123460	0.041855
16.135780	0.040821
15.141460	0.039415
14.115180	0.037427
13.098250	0.036298
12.111200	0.034654
11.139980	0.033715
10.159700	0.031515
9.170272	0.030031
8.138439	0.029443
7.107499	0.027334
6.109464	0.025852
5.130696	0.025235
4.137581	0.022406
3.136277	0.021482
2.137135	0.021975
1.135781	0.020988
0.169925	0.021671
-0.786934	0.020923
-1.749521	0.020944
-2.709830	0.018851
-3.693419	0.015917
-4.689374	0.014036
-5.675819	0.010032
-6.694212	0.008484
-7.689952	0.007644
-8.696770	0.006018
-9.740242	0.004826
-10.729640	0.003576
-11.749490	0.003351
-12.744920	0.002775
-13.692380	0.002384
-14.700730	0.000483
-15.688580	-0.001067
-16.691340	-0.002888
-17.726290	-0.003472
-18.725180	-0.002773
-19.728440	-0.003682
-20.721010	-0.004415
-21.714390	-0.006783
-22.735090	-0.009705
-23.729380	-0.011746
-24.712470	-0.014004
-25.701890	-0.015679
-26.642320	-0.016099
-27.643390	-0.018785
-28.678710	-0.019438
-29.676500	-0.019959
-30.729360	-0.021686
-31.744010	-0.021282
-32.727400	-0.022637
-33.751650	-0.025183
-34.746120	-0.026871
-35.725330	-0.028545
-36.715410	-0.029667
-37.711220	-0.030219
-38.710750	-0.031915
-39.703210	-0.034084
-40.714850	-0.038025
-41.709430	-0.041473
-42.681810	-0.043434
-43.707170	-0.047061
-44.726440	-0.048645
-45.724490	-0.050022
-46.739460	-0.053415
-47.722530	-0.054498
-48.687770	-0.055805
-49.701510	-0.057667
-50.700980	-0.058721
-51.716380	-0.060459
-52.705600	-0.063512
-53.681470	-0.067234
-54.699010	-0.070285
-55.694980	-0.072990
-56.705110	-0.075738
-57.726390	-0.078339
-58.714240	-0.080317
-59.719800	-0.085197
-60.751910	-0.089166
-61.749440	-0.091891
-62.751020	-0.097342
-63.759740	-0.100780
-64.751460	-0.104386
-65.746990	-0.110125
-66.747290	-0.114535
-67.726000	-0.119195
-68.721650	-0.121418
-69.716270	-0.125473
-70.721130	-0.128221
-71.707690	-0.130344
-72.709780	-0.136517
-73.720020	-0.141139
-74.727370	-0.144957
-75.763870	-0.151081
-76.757760	-0.156075
-77.746100	-0.160320
-78.732000	-0.167520
-79.715310	-0.173496
-80.714800	-0.179547
-81.739000	-0.186026
-82.738620	-0.192427
-83.741960	-0.199109
-84.740620	-0.206553
-85.716320	-0.213085
-86.726010	-0.220954
-87.733290	-0.226887
-88.729930	-0.233982
-89.718550	-0.241554
-90.704820	-0.247020
-91.681900	-0.256192
-92.692570	-0.263963
-93.702240	-0.272348
-94.709340	-0.283058
-95.727920	-0.292171
-96.701000	-0.301960
-97.700180	-0.312605
-98.693500	-0.323052
-99.697900	-0.333823
-100.717100	-0.344426
-101.705000	-0.355024
-102.697800	-0.364928
-103.652800	-0.373968
-104.651800	-0.385990
-105.681000	-0.398433
-106.674500	-0.410723
-107.702500	-0.426130
-108.687000	-0.439824
-109.672900	-0.452173
-110.697600	-0.466879
-111.695200	-0.479942
-112.708100	-0.493566
-113.706200	-0.508681
-114.701300	-0.523128
-115.705100	-0.539029
-116.702900	-0.555669
-117.714400	-0.573733
-118.706200	-0.593745
-119.716500	-0.612072
-120.717700	-0.631348
-121.704800	-0.650758
-122.734600	-0.666676
-123.732900	-0.686676
-124.721200	-0.706178
-125.732100	-0.724969
-126.701200	-0.747427
-127.691300	-0.767444
-128.686000	-0.787950
-129.673000	-0.810964
-130.679500	-0.833943
-131.686400	-0.860123
-132.699800	-0.887140
-133.703400	-0.913250
-134.705700	-0.940135
-135.695700	-0.965578
-136.698900	-0.993542
-137.709500	-1.023490
-138.704700	-1.052433
-139.723100	-1.085592
-140.709400	-1.115804
-141.687300	-1.144677
-142.700700	-1.178217
-143.687300	-1.208426
-144.700100	-1.241349
-145.716500	-1.277992
-146.717300	-1.310351
-147.733000	-1.346279
-148.723600	-1.383725
-149.717400	-1.422133
-150.686300	-1.463498
-151.663600	-1.503518
-152.665500	-1.544863
-153.645500	-1.583473
-154.641900	-1.619438
-155.645800	-1.665204
-156.651700	-1.711380
-157.660700	-1.760006
-158.683200	-1.817025
-159.701000	-1.867131
-160.702500	-1.916388
-161.712700	-1.969384
-162.715200	-2.018836
-163.708500	-2.069842
-164.692800	-2.121488
-165.691800	-2.173211
-166.686900	-2.225549
-167.677100	-2.279537
-168.700300	-2.342748
-169.699800	-2.408158
-170.691300	-2.470812
-171.691100	-2.540251
-172.691900	-2.602815
-173.673800	-2.658900
-174.686500	-2.724498
-175.689300	-2.786889
-176.683000	-2.851507
-177.689800	-2.923499
-178.669100	-2.993609
-179.673000	-3.064642
-180.680000	-3.137038
-181.684800	-3.214244
-182.702300	-3.293919
-183.674100	-3.369465
-184.649100	-3.450253
-185.650800	-3.529150
-186.633800	-3.601557
-187.627100	-3.689829
-188.642900	-3.779243
-189.647200	-3.867553
-190.651600	-3.963574
-191.664100	-4.050260
-192.643100	-4.132099
-193.644100	-4.218055
-194.631400	-4.304732
-195.645000	-4.398589
-196.644400	-4.494802
-197.639200	-4.592782
-198.662300	-4.694655
-199.643600	-4.790782
-200.634700	-4.894092
-201.635300	-4.998352
-202.608800	-5.091876
-203.613300	-5.192332
-204.632400	-5.287727
-205.592900	-5.378884
-206.589800	-5.487297
-207.589600	-5.598733
-208.575100	-5.719675
-209.615400	-5.849173
-210.649600	-5.969683
-211.668200	-6.088604
-212.678500	-6.201589
-213.676500	-6.311963
-214.650700	-6.426991
-215.626600	-6.538198
-216.636000	-6.653774
-217.632800	-6.770472
-218.629900	-6.884089
-219.641900	-7.016408
-220.627100	-7.148603
-221.629900	-7.279397
-222.651500	-7.415093
-223.649500	-7.535326
-224.659200	-7.648011
-225.646300	-7.769543
-226.634600	-7.887758
-227.641300	-8.012425
-228.649300	-8.141705
-229.656600	-8.266902
-230.633600	-8.390966
-231.600000	-8.507263
-232.587900	-8.635038
-233.576200	-8.765243
-234.574400	-8.891396
-235.595200	-9.030858
-236.603300	-9.160541
-237.610100	-9.283520
-238.631800	-9.420017
-239.646900	-9.550053
-240.637700	-9.677597
-241.620500	-9.806134
-242.603600	-9.925393
-243.574700	-10.048660
-244.574500	-10.177760
-245.614900	-10.315320
-246.646500	-10.458880
-247.666000	-10.592190
-248.659100	-10.720620
-249.648100	-10.842820
-250.609600	-10.951550
-251.605000	-11.075420
-252.619000	-11.202490
-253.609600	-11.331860
-254.623100	-11.472490
-255.607600	-11.597580
-256.591100	-11.716010
-257.590600	-11.836880
-258.603300	-11.953650
-259.606500	-12.079480
-260.605300	-12.210750
-261.605800	-12.337620
-262.603500	-12.465080
-263.609200	-12.587970
-264.635200	-12.715790
-265.652700	-12.843710
-266.648100	-12.960370
-267.645600	-13.081440
-268.637900	-13.184560
-269.598700	-13.275760
-270.599800	-13.387000
-271.633100	-13.492650
-272.625900	-13.606800
-273.657600	-13.735800
-274.674800	-13.849100
-275.638300	-13.957130
-276.671300	-14.060780
-277.660900	-14.157400
-278.658200	-14.251500
-279.671100	-14.337270
-280.630400	-14.425990
-281.630800	-14.509060
-282.587800	-14.582700
-283.593100	-14.680890
-284.589900	-14.778970
-285.579400	-14.874440
-286.605700	-14.983580
-287.593800	-15.070230
-288.595200	-15.141930
-289.599200	-15.216120
-290.592100	-15.284280
-291.598000	-15.355710
-292.607000	-15.429340
-293.586100	-15.504830
-294.603000	-15.575180
-295.583200	-15.635630
-296.580600	-15.705550
-297.594900	-15.769900
-298.566400	-15.821290
-299.574100	-15.881200
-300.582600	-15.930200
-301.578700	-15.967040
-302.592600	-16.020500
-303.591400	-16.069670
-304.574100	-16.115950
-305.575000	-16.164910
-306.592400	-16.199860
-307.583600	-16.225230
-308.579600	-16.244310
-309.590100	-16.268670
-310.568700	-16.301890
-311.561600	-16.329230
-312.550400	-16.363200
-313.546700	-16.393190
-314.575600	-16.404430
-315.598100	-16.428050
-316.627000	-16.445210
-317.617000	-16.448840
-318.616700	-16.456480
-319.609200	-16.446640
-320.595600	-16.428430
-321.588000	-16.417480
-322.566800	-16.406940
-323.578700	-16.406120
-324.592500	-16.403360
-325.624800	-16.391570
-326.632800	-16.374360
-327.625500	-16.337990
-328.618700	-16.300460
-329.618200	-16.260470
-330.610300	-16.209210
-331.614000	-16.166970
-332.610500	-16.119180
-333.596600	-16.064380
-334.603300	-16.023980
-335.590500	-15.976570
-336.600700	-15.930370
-337.597300	-15.885070
-338.589700	-15.821010
-339.596500	-15.752700
-340.590400	-15.679000
-341.588300	-15.604860
-342.584800	-15.536710
-343.596400	-15.464600
-344.595000	-15.392370
-345.608200	-15.311480
-346.601000	-15.219270
-347.604200	-15.135420
-348.627600	-15.043030
-349.622200	-14.946710
-350.641700	-14.857710
-351.614600	-14.752540
-352.574200	-14.647080
-353.562300	-14.549040
-354.550000	-14.445020
-355.561100	-14.342940
-356.586700	-14.236670
-357.581600	-14.121920
-358.566100	-14.000130
-359.538600	-13.872310
-360.515100	-13.755720
-361.527500	-13.640340
-362.525500	-13.524850
-363.542200	-13.421420
-364.559300	-13.305270
-365.558300	-13.180370
-366.577500	-13.065300
-367.601500	-12.936560
-368.591200	-12.803870
-369.595900	-12.673490
-370.567600	-12.536790
-371.566500	-12.401220
-372.561000	-12.271760
-373.564600	-12.152680
-374.580900	-12.033060
-375.570600	-11.907170
-376.589200	-11.781150
-377.584100	-11.644870
-378.587900	-11.500560
-379.588000	-11.368250
-380.590800	-11.233580
-381.572400	-11.096410
-382.566700	-10.971610
-383.558100	-10.835730
-384.537300	-10.699770
-385.548200	-10.569130
-386.554500	-10.437380
-387.551500	-10.313090
-388.547500	-10.190230
-389.535400	-10.067580
-390.538500	-9.943504
-391.529300	-9.814492
-392.542200	-9.690685
-393.564700	-9.567924
-394.551300	-9.440623
-395.559000	-9.319120
-396.556800	-9.194853
-397.532100	-9.068999
-398.539500	-8.960557
-399.530100	-8.850041
-400.516300	-8.741271
-401.521600	-8.635183
-402.519200	-8.520004
-403.533900	-8.404984
-404.544200	-8.292167
-405.541400	-8.182847
-406.538800	-8.076503
-407.531700	-7.971845
-408.510000	-7.871633
-409.511200	-7.769593
-410.506200	-7.667296
-411.518100	-7.573413
-412.534700	-7.478821
-413.540900	-7.382936
-414.560000	-7.293225
-415.532300	-7.199473
-416.527100	-7.107060
-417.499800	-7.022863
-418.463500	-6.939580
-419.495500	-6.857872
-420.494500	-6.774294
-421.511400	-6.686970
-422.538200	-6.593502
-423.518900	-6.508120
-424.501400	-6.434336
-425.510300	-6.365474
-426.504100	-6.302398
-427.513300	-6.235796
-428.544600	-6.163261
-429.545600	-6.089651
-430.557000	-6.022080
-431.559800	-5.953381
-432.563700	-5.886523
-433.558700	-5.820810
-434.567200	-5.753839
-435.551200	-5.689219
-436.523700	-5.624430
-437.527700	-5.564849
-438.515200	-5.509753
-439.528100	-5.452659
-440.539700	-5.398705
-441.556700	-5.342216
-442.549200	-5.281361
-443.534100	-5.225303
-444.526100	-5.171207
-445.503100	-5.122855
-446.512100	-5.080007
-447.528000	-5.036411
-448.519100	-4.990632
-449.534200	-4.937642
-450.540300	-4.886517
-451.557600	-4.845532
-452.585400	-4.811055
-453.580000	-4.781861
-454.584600	-4.751479
-455.566000	-4.712496
-456.556900	-4.672964
-457.540300	-4.636014
-458.516100	-4.600730
-459.518600	-4.567745
-460.514400	-4.533673
-461.509900	-4.499588
-462.507100	-4.465520
-463.500600	-4.430675
-464.494400	-4.396917
-465.528100	-4.363086
-466.520400	-4.330818
-467.535600	-4.300931
-468.536600	-4.275416
-469.519300	-4.253398
-470.545000	-4.232409
-471.528100	-4.211366
-472.531200	-4.188062
-473.522500	-4.162807
-474.503900	-4.137661
-475.499800	-4.114339
-476.512000	-4.091252
-477.528700	-4.069387
-478.548000	-4.049581
-479.556100	-4.028278
-480.545000	-4.007511
-481.543200	-3.988408
-482.532500	-3.969308
-483.531500	-3.952071
-484.531500	-3.935691
-485.532600	-3.919803
-486.529000	-3.903515
-487.507000	-3.887061
-488.529600	-3.872839
-489.521500	-3.858347
-490.508800	-3.843860
-491.521900	-3.831047
-492.496700	-3.816086
-493.487100	-3.800083
-494.502500	-3.784739
-495.505000	-3.767505
-496.506600	-3.754800
-497.506300	-3.745314
-498.498400	-3.737209
-499.503100	-3.730393
-500.514500	-3.720154
-501.522600	-3.709575
-502.528000	-3.698603
-503.517400	-3.687323
-504.529400	-3.677146
-505.517100	-3.666920
-506.496600	-3.656055
-507.505300	-3.647270
-508.466200	-3.638453
-509.471800	-3.629065
-510.488300	-3.621382
-511.468400	-3.611749
-512.480100	-3.601386
-513.482200	-3.591891
-514.470000	-3.581972
-515.486200	-3.573030
-516.489300	-3.563848
-517.493400	-3.554686
-518.503200	-3.545982
-519.489900	-3.538020
-520.503500	-3.531748
-521.501300	-3.524981
-522.501700	-3.517030
-523.539700	-3.508933
-524.532700	-3.498488
-525.539000	-3.485936
-526.555500	-3.473908
-527.523600	-3.465314
-528.519800	-3.459852
-529.519900	-3.457950
-530.526500	-3.457480
-531.528900	-3.453855
-532.532800	-3.448802
-533.542500	-3.443494
-534.549500	-3.437123
-535.562700	-3.429710
-536.565400	-3.421934
-537.555300	-3.414421
-538.505100	-3.406652
-539.493500	-3.399697
-540.485800	-3.394033
-541.486600	-3.386050
-542.518400	-3.379228
-543.520000	-3.371881
-544.521200	-3.363003
-545.521300	-3.355553
-546.504500	-3.347983
-547.514400	-3.340993
-548.518900	-3.333181
-549.504200	-3.325231
-550.504000	-3.316819
-551.497000	-3.307954
-552.501800	-3.300565
-553.512500	-3.293797
-554.517400	-3.286527
-555.519500	-3.280180
-556.526700	-3.272965
-557.535500	-3.263786
-558.532200	-3.253801
-559.538300	-3.244617
-560.529000	-3.239479
-561.507600	-3.237257
-562.504900	-3.237372
-563.494400	-3.236038
-564.478100	-3.231458
-565.475700	-3.225640
-566.492000	-3.219215
-567.505400	-3.212388
-568.532000	-3.205558
-569.513200	-3.198950
-570.499900	-3.191689
-571.485900	-3.185478
-572.463100	-3.178894
-573.499600	-3.171098
-574.502800	-3.164181
-575.508000	-3.158300
-576.482500	-3.153871
-577.471900	-3.151215
-578.478300	-3.148268
-579.476400	-3.143074
-580.491000	-3.135671
-581.481400	-3.128240
-582.471300	-3.120974
-583.466900	-3.114088
-584.478800	-3.109502
-585.491800	-3.104220
-586.479300	-3.098912
-587.468300	-3.097607
-588.472500	-3.096023
-589.460000	-3.096377
-590.467900	-3.098155
-591.460600	-3.096662
-592.447600	-3.094942
-593.445200	-3.090998
-594.446900	-3.086364
-595.453900	-3.082708
-596.449400	-3.079167
-597.452100	-3.077290
