Potencial	Intensidad
mv	uA
-599.479400	-10.154520
-599.231400	-10.134110
-598.724100	-10.103500
-597.968400	-10.063650
-596.960000	-10.007810
-595.988500	-9.958740
-595.008100	-9.912690
-594.020900	-9.866480
-593.034700	-9.826008
-592.004300	-9.788067
-591.000500	-9.746610
-590.001500	-9.710564
-589.006800	-9.683477
-588.009600	-9.662632
-587.015300	-9.644786
-586.016100	-9.630987
-585.024800	-9.634338
-584.042800	-9.669407
-583.043700	-9.703743
-582.051800	-9.680712
-581.039400	-9.630314
-580.046300	-9.558113
-579.040500	-9.483714
-578.023900	-9.484131
-577.031600	-9.472862
-576.026200	-9.441452
-575.037600	-9.420984
-574.055500	-9.356996
-573.050000	-9.318886
-572.041600	-9.281989
-571.019700	-9.230138
-570.011700	-9.231653
-568.992700	-9.204337
-568.004600	-9.172355
-567.010300	-9.140940
-566.008700	-9.071215
-565.019500	-9.035689
-563.996100	-9.015470
-562.987300	-9.006587
-561.990200	-8.977676
-560.988100	-8.930587
-559.990300	-8.887501
-559.006300	-8.838367
-558.004400	-8.819969
-557.010200	-8.797615
-556.013500	-8.771935
-555.016500	-8.736502
-554.014500	-8.693957
-553.015900	-8.660248
-552.023700	-8.614811
-551.021100	-8.593544
-550.024800	-8.571007
-549.021000	-8.544318
-548.029900	-8.512906
-547.022000	-8.465647
-546.018400	-8.429722
-545.022000	-8.392146
-544.010200	-8.378681
-543.019700	-8.362672
-542.014200	-8.325579
-540.992000	-8.294062
-539.977800	-8.250454
-538.957000	-8.215366
-537.942100	-8.191017
-536.969400	-8.169536
-535.980700	-8.146402
-535.007700	-8.112947
-534.028200	-8.080320
-533.030800	-8.040799
-532.052600	-8.006858
-531.049900	-7.986369
-530.066800	-7.964663
-529.068900	-7.940114
-528.032000	-7.905161
-527.016800	-7.871122
-525.991800	-7.840888
-524.977300	-7.813882
-524.003700	-7.799711
-523.017100	-7.776179
-522.015400	-7.743930
-520.997300	-7.715617
-519.987900	-7.686082
-518.964100	-7.656878
-517.973500	-7.637669
-516.993400	-7.620038
-515.981100	-7.592545
-514.995700	-7.564142
-513.984600	-7.535854
-512.968500	-7.503877
-511.976200	-7.479959
-510.961900	-7.461546
-509.985300	-7.438350
-508.993400	-7.411343
-507.976200	-7.384474
-506.990500	-7.360189
-505.975300	-7.337034
-504.989600	-7.319450
-504.013500	-7.301388
-503.022600	-7.278995
-502.011300	-7.252454
-501.007200	-7.226416
-500.008400	-7.203792
-499.015200	-7.178791
-498.040500	-7.162323
-497.040000	-7.146029
-496.029500	-7.117025
-495.013300	-7.094806
-494.005300	-7.072052
-493.002200	-7.049148
-492.015400	-7.035078
-491.012600	-7.016797
-489.989300	-6.997540
-488.989200	-6.973680
-487.967500	-6.952423
-486.971100	-6.934577
-485.992300	-6.912387
-484.977900	-6.898155
-483.991200	-6.878554
-483.005700	-6.856151
-482.006400	-6.836730
-481.025800	-6.815162
-480.012800	-6.801349
-478.989500	-6.785129
-477.988400	-6.771081
-476.970200	-6.754473
-476.007800	-6.732384
-475.024400	-6.713517
-474.029800	-6.694344
-473.036900	-6.678191
-472.006100	-6.660971
-471.006600	-6.644546
-470.000900	-6.627230
-469.013100	-6.605301
-468.013500	-6.589482
-467.011000	-6.572360
-465.994200	-6.555218
-464.977200	-6.542362
-463.943100	-6.521737
-462.928300	-6.504494
-461.967700	-6.485504
-460.977000	-6.466632
-460.013200	-6.453690
-459.023200	-6.435022
-458.003100	-6.420015
-457.007400	-6.403658
-456.005700	-6.384930
-455.001200	-6.372099
-453.992400	-6.355973
-452.985000	-6.341520
-452.001400	-6.325395
-450.997800	-6.307716
-449.997900	-6.290022
-448.996400	-6.270344
-447.968300	-6.256697
-446.965200	-6.240404
-445.968900	-6.224718
-444.976500	-6.210187
-443.968000	-6.191883
-442.968800	-6.176585
-441.975600	-6.160947
-440.974600	-6.146698
-439.990000	-6.132307
-438.961300	-6.114774
-437.946200	-6.100835
-436.940500	-6.083351
-435.947200	-6.066944
-434.985600	-6.052326
-433.988100	-6.034931
-432.998500	-6.019029
-431.989400	-6.002666
-430.998000	-5.989594
-430.004600	-5.973546
-428.998100	-5.957419
-428.021700	-5.945789
-427.017100	-5.925002
-426.016600	-5.909872
-425.000200	-5.897223
-423.976700	-5.877385
-422.979400	-5.864586
-421.971100	-5.849494
-420.981600	-5.835686
-419.967900	-5.820956
-418.948900	-5.806070
-417.943900	-5.793014
-416.940400	-5.773482
-415.953500	-5.759537
-414.946800	-5.743896
-413.945300	-5.726836
-412.914500	-5.712278
-411.911400	-5.695129
-410.910400	-5.681973
-409.905300	-5.665994
-408.942900	-5.649694
-407.930500	-5.637208
-406.939000	-5.618482
-405.941400	-5.604880
-404.938400	-5.591638
-403.952100	-5.575928
-402.949500	-5.563532
-401.956400	-5.546287
-400.944200	-5.533113
-399.929300	-5.514767
-398.925000	-5.498708
-397.929000	-5.486282
-396.915300	-5.467217
-395.932300	-5.455549
-394.931200	-5.439197
-393.937400	-5.422300
-392.942000	-5.411104
-391.947400	-5.393580
-390.959100	-5.381829
-389.948000	-5.367939
-388.964800	-5.350938
-387.958900	-5.338390
-386.945400	-5.320437
-385.950100	-5.307835
-384.970300	-5.293321
-383.971800	-5.277705
-382.977700	-5.263685
-381.971700	-5.244993
-380.944400	-5.231278
-379.963200	-5.215794
-378.975300	-5.202148
-377.981900	-5.189072
-377.003800	-5.171476
-375.991000	-5.159785
-374.971200	-5.143592
-373.975700	-5.128981
-372.957500	-5.116663
-371.966300	-5.098392
-370.972700	-5.084937
-369.983900	-5.067400
-368.978300	-5.052413
-367.960600	-5.038462
-366.953600	-5.022162
-365.935200	-5.011847
-364.957600	-4.995427
-363.965000	-4.980509
-362.970900	-4.965950
-361.947900	-4.945623
-360.928200	-4.932298
-359.906500	-4.915902
-358.891300	-4.900542
-357.911700	-4.889444
-356.923500	-4.871638
-355.933200	-4.859581
-354.943700	-4.845562
-353.956000	-4.828442
-352.950700	-4.816906
-351.961800	-4.799903
-350.979900	-4.784028
-349.976400	-4.768755
-348.955800	-4.749421
-347.949000	-4.734546
-346.940500	-4.718903
-345.938300	-4.702410
-344.969800	-4.686704
-343.975400	-4.671098
-342.955000	-4.654674
-341.958900	-4.639685
-340.946800	-4.627898
-339.941600	-4.611949
-338.970000	-4.597251
-337.956600	-4.583246
-336.952900	-4.565931
-335.944700	-4.550172
-334.949300	-4.535557
-333.974700	-4.519705
-332.981600	-4.501257
-332.015200	-4.485712
-331.008000	-4.468623
-329.983800	-4.450975
-328.989300	-4.438782
-327.983500	-4.421279
-326.994600	-4.406088
-326.010500	-4.391828
-325.007900	-4.371860
-324.002800	-4.357526
-322.984300	-4.337343
-321.972200	-4.319039
-320.961800	-4.305020
-319.946000	-4.285552
-318.953500	-4.271872
-317.955100	-4.253749
-316.947500	-4.234889
-315.938300	-4.220807
-314.937100	-4.201161
-313.922100	-4.185105
-312.929300	-4.167273
-311.915400	-4.146922
-310.895300	-4.127758
-309.901400	-4.105968
-308.898600	-4.088674
-307.922500	-4.069110
-306.923300	-4.050969
-305.925700	-4.034290
-304.936700	-4.012491
-303.929800	-3.994725
-302.940000	-3.977061
-301.934400	-3.957800
-300.912000	-3.938511
-299.931100	-3.917069
-298.922000	-3.896227
-297.925000	-3.872598
-296.950600	-3.853317
-295.929400	-3.832049
-294.951600	-3.806226
-293.952700	-3.786768
-292.936900	-3.760511
-291.945800	-3.737875
-290.931100	-3.718074
-289.936200	-3.694464
-288.941600	-3.675075
-287.942800	-3.650640
-286.959800	-3.627824
-285.938800	-3.605114
-284.917500	-3.575116
-283.903800	-3.553085
-282.897800	-3.524513
-281.908900	-3.496507
-280.948700	-3.475530
-279.956400	-3.446159
-278.947300	-3.421561
-277.977300	-3.395854
-276.989000	-3.367006
-275.997800	-3.340369
-275.010000	-3.308483
-273.991400	-3.279851
-272.964800	-3.246932
-271.951600	-3.210943
-270.940900	-3.182120
-269.940500	-3.148016
-268.933500	-3.116080
-267.948300	-3.088739
-266.947800	-3.055705
-265.935300	-3.019864
-264.945700	-2.985299
-263.944000	-2.950245
-262.943100	-2.910220
-261.950500	-2.872661
-260.932000	-2.830550
-259.910100	-2.785087
-258.896100	-2.744972
-257.889600	-2.703675
-256.900000	-2.666342
-255.899700	-2.626050
-254.916100	-2.584165
-253.933800	-2.543433
-252.924100	-2.494484
-251.926100	-2.450448
-250.918800	-2.402767
-249.909200	-2.350217
-248.913000	-2.306123
-247.929300	-2.252250
-246.920000	-2.201939
-245.923100	-2.150916
-244.924000	-2.091843
-243.922900	-2.040193
-242.937800	-1.982866
-241.950400	-1.927574
-240.957100	-1.871116
-239.958800	-1.807530
-238.947800	-1.749854
-237.930100	-1.685577
-236.934000	-1.622776
-235.941500	-1.564843
-234.957800	-1.496134
-233.938200	-1.428396
-232.939300	-1.358441
-231.928800	-1.285563
-230.917900	-1.214766
-229.944200	-1.146252
-228.935500	-1.075156
-227.936500	-1.000513
-226.935500	-0.928148
-225.938000	-0.851494
-224.954000	-0.774037
-223.964700	-0.695785
-222.988200	-0.611152
-221.997300	-0.523954
-220.977600	-0.430902
-219.970700	-0.344616
-218.958900	-0.260610
-217.945600	-0.173969
-216.959400	-0.099516
-215.954000	-0.011510
-214.923800	0.082708
-213.901700	0.170557
-212.882200	0.271878
-211.867200	0.368852
-210.883700	0.466003
-209.898600	0.566702
-208.896300	0.665328
-207.884800	0.769902
-206.880400	0.860700
-205.855500	0.952274
-204.847600	1.050697
-203.882900	1.132462
-202.893000	1.232056
-201.897000	1.339175
-200.915100	1.434144
-199.883600	1.541533
-198.887300	1.643196
-197.904700	1.739695
-196.912200	1.839255
-195.928300	1.939648
-194.920900	2.048232
-193.911500	2.147699
-192.894100	2.250576
-191.899400	2.353510
-190.918600	2.444501
-189.930900	2.544527
-188.934900	2.649185
-187.926800	2.743806
-186.924900	2.838652
-185.938400	2.934406
-184.945900	3.021539
-183.943900	3.116957
-182.929100	3.220307
-181.915100	3.318141
-180.899900	3.413509
-179.924600	3.501126
-178.913600	3.581389
-177.924400	3.660149
-176.952100	3.736290
-175.944000	3.821475
-174.962300	3.898864
-173.960100	3.974176
-172.949500	4.060397
-171.931100	4.132139
-170.928400	4.210757
-169.899100	4.293109
-168.899300	4.360215
-167.908300	4.426907
-166.918000	4.485338
-165.932200	4.535899
-164.930600	4.590568
-163.939600	4.645240
-162.930800	4.704889
-161.922800	4.760240
-160.914300	4.811754
-159.917800	4.865126
-158.913200	4.906129
-157.943300	4.951256
-156.936100	4.996654
-155.922500	5.026820
-154.910400	5.058530
-153.898100	5.082853
-152.905800	5.099411
-151.903900	5.125875
-150.909300	5.152414
-149.897500	5.174529
-148.914900	5.193809
-147.900300	5.207389
-146.911700	5.212869
-145.906500	5.220527
-144.890300	5.231286
-143.900000	5.244156
-142.898300	5.254556
-141.926000	5.258328
-140.914100	5.259356
-139.935000	5.249799
-138.925500	5.242978
-137.905700	5.240693
-136.938900	5.226260
-135.918200	5.217920
-134.918800	5.209222
-133.919500	5.192486
-132.905100	5.187331
-131.909100	5.178405
-130.901000	5.165563
-129.909500	5.151858
-128.912800	5.126173
-127.929500	5.102622
-126.939500	5.074332
-125.931900	5.047440
-124.924000	5.031049
-123.909100	5.002360
-122.923400	4.979587
-121.930100	4.959705
-120.933700	4.928239
-119.936800	4.908184
-118.923300	4.883752
-117.917600	4.858151
-116.912700	4.832729
-115.919100	4.801317
-114.918400	4.773800
-113.920200	4.740180
-112.937200	4.711938
-111.921000	4.690282
-110.918600	4.659550
-109.910800	4.634034
-108.876500	4.605213
-107.876900	4.572140
-106.862400	4.545561
-105.859900	4.518060
-104.847400	4.490331
-103.839100	4.460429
-102.846700	4.431688
-101.840100	4.401003
-100.858900	4.369943
-99.865440	4.344804
-98.861870	4.316526
-97.870120	4.288401
-96.868910	4.259366
-95.858170	4.229629
-94.851550	4.204395
-93.855520	4.179538
-92.860600	4.158340
-91.878020	4.134904
-90.885460	4.105135
-89.863450	4.080602
-88.869080	4.051364
-87.871540	4.026196
-86.863880	4.005507
-85.878810	3.979164
-84.869400	3.959404
-83.858150	3.935302
-82.861040	3.913316
-81.851060	3.894964
-80.853680	3.871545
-79.841200	3.855257
-78.827930	3.832234
-77.835980	3.810535
-76.836210	3.792022
-75.849610	3.766477
-74.875030	3.750123
-73.866850	3.731332
-72.881680	3.711368
-71.863310	3.699091
-70.879770	3.680899
-69.922210	3.666255
-68.897600	3.651147
-67.897800	3.632802
-66.874790	3.618766
-65.839120	3.600385
-64.856640	3.585551
-63.869450	3.570534
-62.891390	3.554419
-61.894610	3.543082
-60.874820	3.529279
-59.875230	3.518712
-58.857150	3.506439
-57.857540	3.493512
-56.870660	3.483146
-55.871130	3.469571
-54.857000	3.460484
-53.828600	3.447761
-52.826010	3.433674
-51.832840	3.423813
-50.836510	3.409960
-49.861210	3.401204
-48.855460	3.392949
-47.849850	3.382410
-46.856950	3.373672
-45.861800	3.362798
-44.868140	3.355406
-43.864940	3.349496
-42.864890	3.341507
-41.864200	3.335726
-40.834680	3.326116
-39.825140	3.314569
-38.816040	3.309084
-37.809760	3.299512
-36.829770	3.292647
-35.824810	3.287724
-34.830070	3.278770
-33.834340	3.275353
-32.831610	3.269745
-31.839490	3.264516
-30.833320	3.261140
-29.823730	3.253105
-28.799010	3.249537
-27.808250	3.243653
-26.832230	3.235714
-25.833850	3.233832
-24.873310	3.226585
-23.867890	3.221450
-22.853560	3.220637
-21.864470	3.215193
-20.862700	3.213221
-19.872560	3.211813
-18.881710	3.207785
-17.866790	3.206436
-16.857500	3.203955
-15.842880	3.201768
-14.820830	3.199184
-13.838360	3.195640
-12.842350	3.195656
-11.851420	3.192686
-10.875220	3.192084
-9.876513	3.193115
-8.871726	3.189681
-7.861706	3.190188
-6.835566	3.190251
-5.819679	3.188504
-4.819928	3.188539
-3.800236	3.185740
-2.815657	3.181741
-1.844190	3.179878
-0.874967	3.177146
0.086729	3.178917
1.077140	3.179128
2.073518	3.178932
3.076891	3.182397
4.067901	3.178404
5.057016	3.181206
6.051981	3.184016
7.059426	3.181310
8.045517	3.185742
9.052546	3.183313
10.054960	3.182509
11.044320	3.184549
12.048710	3.182164
13.020570	3.184445
14.005320	3.183518
14.994680	3.183275
16.016380	3.188320
17.031090	3.188368
18.045930	3.191570
19.065960	3.195498
20.042240	3.192127
21.055540	3.195522
22.083660	3.196487
23.074980	3.193910
24.087660	3.199687
25.080930	3.198942
26.053660	3.199713
27.054740	3.204466
28.031490	3.202922
29.016690	3.209989
29.993720	3.211801
30.984080	3.211081
31.986870	3.215686
33.000920	3.212272
34.000630	3.215754
35.024410	3.221116
36.033580	3.221607
37.027040	3.228376
38.041230	3.229780
39.008820	3.232197
39.994470	3.234991
40.992340	3.234256
42.005500	3.237671
43.030080	3.238291
44.037540	3.240201
45.044250	3.244753
46.043590	3.245708
47.036670	3.249746
48.049920	3.255297
49.056800	3.253672
50.045180	3.258772
51.036460	3.260736
52.030260	3.259499
53.012680	3.265699
54.028280	3.265573
55.031990	3.267706
56.034320	3.274991
57.039980	3.274822
58.029750	3.278731
59.034450	3.280857
60.033980	3.279675
61.054160	3.286117
62.061500	3.286097
63.065660	3.287595
64.068950	3.291823
65.056950	3.289339
66.038990	3.294850
67.032850	3.299390
68.017590	3.301648
69.011000	3.309274
70.022690	3.309229
71.020240	3.310357
72.023500	3.313066
73.045270	3.310861
74.058690	3.315283
75.063480	3.316080
76.051070	3.316410
77.010700	3.320751
78.012300	3.320275
78.991960	3.325500
80.033120	3.328795
81.064010	3.328857
82.042160	3.333161
83.048480	3.331325
84.010010	3.331769
85.011020	3.334564
86.020160	3.332652
87.025920	3.336296
88.045280	3.338193
89.029660	3.337574
90.029420	3.341343
91.035110	3.340771
92.026120	3.340512
93.040600	3.344397
94.040560	3.341803
95.042850	3.343232
96.056900	3.343221
97.042180	3.338412
98.048470	3.341905
99.057270	3.342262
99.591590	3.297055
99.636990	3.235429
99.179440	3.149638
98.205510	3.047207
97.214810	2.979467
96.220970	2.914252
95.197650	2.858246
94.205890	2.806480
93.189270	2.754660
92.197650	2.710214
91.206540	2.664706
90.189710	2.621986
89.208290	2.582146
88.162190	2.538601
87.146740	2.498952
86.155490	2.460758
85.121060	2.421021
84.141720	2.388069
83.178830	2.354379
82.181350	2.321099
81.205220	2.291760
80.188670	2.258628
79.188380	2.228372
78.188810	2.198744
77.187580	2.167265
76.217330	2.140996
75.192870	2.112130
74.172180	2.084482
73.182270	2.059655
72.166000	2.029446
71.175770	2.002203
70.197520	1.976718
69.168370	1.947906
68.145060	1.925395
67.129650	1.900591
66.118330	1.875049
65.122380	1.854760
64.138370	1.830327
63.161030	1.809471
62.157070	1.788193
61.157270	1.764671
60.163390	1.744866
59.149610	1.723580
58.154000	1.701218
57.165960	1.682881
56.173790	1.661693
55.165080	1.642238
54.178960	1.623959
53.175990	1.600682
52.175640	1.581643
51.204250	1.561090
50.212460	1.539155
49.217830	1.522376
48.223660	1.499903
47.218460	1.481109
46.198920	1.464644
45.201680	1.445078
44.200380	1.431028
43.186230	1.413835
42.186340	1.396143
41.181820	1.382656
40.187230	1.364117
39.189060	1.347871
38.184660	1.334339
37.162810	1.316156
36.120790	1.303058
35.119200	1.286743
34.131830	1.266717
33.142380	1.251423
32.170270	1.233924
31.173040	1.217985
30.167490	1.205895
29.163940	1.188967
28.184510	1.173903
27.171760	1.159485
26.179720	1.142885
25.193580	1.130378
24.194710	1.115283
23.211980	1.099957
22.223050	1.088710
21.228200	1.071679
20.211260	1.059091
19.214000	1.047830
18.187600	1.030771
17.176810	1.019312
16.179030	1.005195
15.171110	0.988636
14.188500	0.978495
13.217160	0.964352
12.227880	0.950342
11.232500	0.940222
10.229060	0.923259
9.222962	0.912014
8.201027	0.901078
7.206594	0.885758
6.226436	0.877004
5.212344	0.863470
4.239365	0.847979
3.242722	0.840600
2.207442	0.826045
1.233150	0.815202
0.254686	0.806703
-0.701442	0.792067
-1.644194	0.781106
-2.639557	0.768040
-3.637081	0.753216
-4.663371	0.740433
-5.682930	0.727067
-6.657372	0.714164
-7.655643	0.704268
-8.636101	0.690930
-9.633226	0.681035
-10.660660	0.670088
-11.650260	0.655324
-12.648660	0.645394
-13.653470	0.631580
-14.650420	0.617202
-15.674920	0.607432
-16.699560	0.593607
-17.696640	0.582155
-18.696360	0.572646
-19.692170	0.559458
-20.696910	0.547535
-21.695460	0.534916
-22.700910	0.520409
-23.719120	0.509450
-24.713010	0.497454
-25.700460	0.485734
-26.698920	0.476167
-27.654610	0.463034
-28.655760	0.451211
-29.670650	0.440193
-30.677180	0.426122
-31.694210	0.414507
-32.689140	0.402855
-33.685640	0.387959
-34.687750	0.377671
-35.694530	0.367669
-36.692600	0.354390
-37.680550	0.344656
-38.647200	0.330316
-39.644100	0.314482
-40.654180	0.300875
-41.665960	0.285608
-42.701130	0.273007
-43.702160	0.260148
-44.688780	0.246665
-45.689970	0.235291
-46.698070	0.221831
-47.704040	0.208492
-48.717280	0.198327
-49.733030	0.183698
-50.703610	0.169804
-51.707210	0.157406
-52.698940	0.139890
-53.690030	0.126838
-54.690120	0.114820
-55.671020	0.098719
-56.666780	0.085637
-57.656620	0.068376
-58.666330	0.050016
-59.678890	0.033439
-60.701260	0.014975
-61.714940	-0.000976
-62.727220	-0.018071
-63.730460	-0.034126
-64.712910	-0.049420
-65.719060	-0.067180
-66.726000	-0.083106
-67.710310	-0.101038
-68.720860	-0.119936
-69.702440	-0.136556
-70.681170	-0.157503
-71.711070	-0.175322
-72.715090	-0.194523
-73.720600	-0.213083
-74.722810	-0.231338
-75.710110	-0.254593
-76.678360	-0.274036
-77.684940	-0.299495
-78.687870	-0.325081
-79.688980	-0.346236
-80.713360	-0.373697
-81.721630	-0.396919
-82.730040	-0.418876
-83.743470	-0.446133
-84.762850	-0.469709
-85.758920	-0.496663
-86.750760	-0.522357
-87.738900	-0.548762
-88.711750	-0.577444
-89.703280	-0.602974
-90.709590	-0.636672
-91.707630	-0.666169
-92.721900	-0.695499
-93.727080	-0.731717
-94.724640	-0.762324
-95.714940	-0.796764
-96.709860	-0.834638
-97.710260	-0.867339
-98.694990	-0.905584
-99.692770	-0.942905
-100.685500	-0.979857
-101.673800	-1.021728
-102.673000	-1.059595
-103.688200	-1.104235
-104.679700	-1.148953
-105.682900	-1.188607
-106.704000	-1.236725
-107.703600	-1.279143
-108.722800	-1.322860
-109.725800	-1.375485
-110.737800	-1.422523
-111.747200	-1.475831
-112.749100	-1.528548
-113.738500	-1.578562
-114.719600	-1.634497
-115.702500	-1.686213
-116.721900	-1.744531
-117.745300	-1.803402
-118.761000	-1.859725
-119.784700	-1.923559
-120.775300	-1.984670
-121.766800	-2.044830
-122.763000	-2.114027
-123.769100	-2.179651
-124.777700	-2.247438
-125.790300	-2.317512
-126.796100	-2.381549
-127.775500	-2.448199
-128.750300	-2.517813
-129.731800	-2.593631
-130.734000	-2.674834
-131.746400	-2.756224
-132.774300	-2.839885
-133.787800	-2.919719
-134.763800	-3.001100
-135.749500	-3.084509
-136.742500	-3.167372
-137.750500	-3.250411
-138.769600	-3.334053
-139.783800	-3.419335
-140.757000	-3.505439
-141.755000	-3.599290
-142.744300	-3.695791
-143.734500	-3.791540
-144.770200	-3.889102
-145.758300	-3.980351
-146.746700	-4.069884
-147.741100	-4.165321
-148.728500	-4.263134
-149.737100	-4.362898
-150.753800	-4.463934
-151.763500	-4.562065
-152.752100	-4.659267
-153.732700	-4.755190
-154.752000	-4.861248
-155.749800	-4.971284
-156.744000	-5.076668
-157.761700	-5.191637
-158.731400	-5.299007
-159.710800	-5.401220
-160.731800	-5.514577
-161.730800	-5.624634
-162.746100	-5.736813
-163.781000	-5.850072
-164.771800	-5.955813
-165.764100	-6.059972
-166.754800	-6.158795
-167.732200	-6.266134
-168.749600	-6.380108
-169.731400	-6.486318
-170.731300	-6.605920
-171.752500	-6.719518
-172.718900	-6.820584
-173.743700	-6.936283
-174.764200	-7.039474
-175.750800	-7.138044
-176.761700	-7.242240
-177.747100	-7.333742
-178.723500	-7.428268
-179.709900	-7.524399
-180.704400	-7.624942
-181.712400	-7.735825
-182.710400	-7.836855
-183.720500	-7.938409
-184.745900	-8.034319
-185.737500	-8.112358
-186.754300	-8.203310
-187.765700	-8.291197
-188.735400	-8.373223
-189.723600	-8.466866
-190.719100	-8.544558
-191.705100	-8.621068
-192.699600	-8.704120
-193.722700	-8.777966
-194.732600	-8.858546
-195.741800	-8.931421
-196.766100	-8.992926
-197.751400	-9.056414
-198.750100	-9.106204
-199.732500	-9.164801
-200.735400	-9.224099
-201.738900	-9.273703
-202.714700	-9.334644
-203.727000	-9.379690
-204.700200	-9.419632
-205.712400	-9.469745
-206.724300	-9.507078
-207.725100	-9.551266
-208.742800	-9.597568
-209.739000	-9.628508
-210.732900	-9.663416
-211.732400	-9.691811
-212.723200	-9.719002
-213.738700	-9.747252
-214.749400	-9.764542
-215.734600	-9.782394
-216.750100	-9.787667
-217.719000	-9.789968
-218.729300	-9.803493
-219.742500	-9.810047
-220.766700	-9.820332
-221.787900	-9.831837
-222.784200	-9.830462
-223.792500	-9.827146
-224.775100	-9.823332
-225.796700	-9.816907
-226.785500	-9.808864
-227.772500	-9.799047
-228.747900	-9.788429
-229.730100	-9.772167
-230.722600	-9.754288
-231.724300	-9.745537
-232.756200	-9.730592
-233.756600	-9.715211
-234.776400	-9.703051
-235.789500	-9.677048
-236.771400	-9.650331
-237.787500	-9.627420
-238.783300	-9.599483
-239.782100	-9.573989
-240.796900	-9.549211
-241.774100	-9.521694
-242.770600	-9.492194
-243.770000	-9.463523
-244.761100	-9.437808
-245.765100	-9.409960
-246.752900	-9.380134
-247.757300	-9.350779
-248.752800	-9.316014
-249.753800	-9.280813
-250.768400	-9.251620
-251.763800	-9.220203
-252.762300	-9.188413
-253.768000	-9.158065
-254.782700	-9.123829
-255.765700	-9.084910
-256.754100	-9.051748
-257.737800	-9.019335
-258.710900	-8.986698
-259.718900	-8.959177
-260.730500	-8.928874
-261.735300	-8.896910
-262.743700	-8.864738
-263.777400	-8.832847
-264.805700	-8.801537
-265.829400	-8.768635
-266.830700	-8.734797
-267.829300	-8.701361
-268.794600	-8.662958
-269.781600	-8.631097
-270.776700	-8.602859
-271.771500	-8.572021
-272.773200	-8.545122
-273.772700	-8.514835
-274.789900	-8.480761
-275.778200	-8.447199
-276.810600	-8.414310
-277.829900	-8.383941
-278.812300	-8.353512
-279.818700	-8.325298
-280.798600	-8.298817
-281.770000	-8.267355
-282.789100	-8.241835
-283.789100	-8.216981
-284.786600	-8.186890
-285.792800	-8.162699
-286.790600	-8.132841
-287.766800	-8.101876
-288.769700	-8.077467
-289.776300	-8.050303
-290.775000	-8.023533
-291.797300	-8.000754
-292.805700	-7.972136
-293.806800	-7.946022
-294.809100	-7.921204
-295.804000	-7.893017
-296.787900	-7.871384
-297.768300	-7.846405
-298.788200	-7.823801
-299.791100	-7.803199
-300.790600	-7.775503
-301.798400	-7.753075
-302.776400	-7.730006
-303.764600	-7.703442
-304.773500	-7.682791
-305.780400	-7.660431
-306.756000	-7.635700
-307.779000	-7.616193
-308.798400	-7.595761
-309.817000	-7.576545
-310.827100	-7.556242
-311.811600	-7.534750
-312.787000	-7.514050
-313.766100	-7.490051
-314.779800	-7.472657
-315.789700	-7.455524
-316.813500	-7.435898
-317.846500	-7.421770
-318.864600	-7.402547
-319.862900	-7.382053
-320.857900	-7.368316
-321.841600	-7.348505
-322.828100	-7.331720
-323.810500	-7.317137
-324.810900	-7.295561
-325.800700	-7.280822
-326.803600	-7.264471
-327.835400	-7.246702
-328.825800	-7.234623
-329.818400	-7.215871
-330.812700	-7.199848
-331.805400	-7.185267
-332.792200	-7.164388
-333.796800	-7.152727
-334.802800	-7.138380
-335.796000	-7.122935
-336.811000	-7.114147
-337.833800	-7.098160
-338.832100	-7.083916
-339.831400	-7.072196
-340.817100	-7.056894
-341.792600	-7.044881
-342.776200	-7.031132
-343.775400	-7.016681
-344.795100	-7.005091
-345.809100	-6.990273
-346.818800	-6.981154
-347.836300	-6.970987
-348.835900	-6.957601
-349.825600	-6.950053
-350.832500	-6.935309
-351.807100	-6.921328
-352.810700	-6.913737
-353.798000	-6.901479
-354.779800	-6.893633
-355.779400	-6.886361
-356.778600	-6.873271
-357.773100	-6.866290
-358.772800	-6.854957
-359.762700	-6.846142
-360.737900	-6.840298
-361.746700	-6.827554
-362.768100	-6.820418
-363.782000	-6.810867
-364.778600	-6.797308
-365.799000	-6.791325
-366.789100	-6.782984
-367.792800	-6.773537
-368.819200	-6.767494
-369.791700	-6.755713
-370.790300	-6.745940
-371.794100	-6.739347
-372.789500	-6.732175
-373.825500	-6.729517
-374.832200	-6.723048
-375.833400	-6.716429
-376.851100	-6.712306
-377.830600	-6.703193
-378.847100	-6.699862
-379.841500	-6.692471
-380.825700	-6.683363
-381.828100	-6.678858
-382.817100	-6.668051
-383.799900	-6.662366
-384.786000	-6.657399
-385.775100	-6.648164
-386.782900	-6.646123
-387.804200	-6.638651
-388.806200	-6.630466
-389.815200	-6.628345
-390.787400	-6.619951
-391.769600	-6.618428
-392.759300	-6.617385
-393.752700	-6.611304
-394.781900	-6.610347
-395.798100	-6.604724
-396.803000	-6.598544
-397.823400	-6.597003
-398.805900	-6.589789
-399.805900	-6.586525
-400.825600	-6.583302
-401.801400	-6.575819
-402.811400	-6.573063
-403.795500	-6.565975
-404.778800	-6.562693
-405.780600	-6.560010
-406.766800	-6.553399
-407.766500	-6.553212
-408.773700	-6.547658
-409.789100	-6.544487
-410.794500	-6.547040
-411.818600	-6.542105
-412.804900	-6.540917
-413.807400	-6.540826
-414.804200	-6.534258
-415.792200	-6.534389
-416.809800	-6.533095
-417.810100	-6.528689
-418.821500	-6.531141
-419.830100	-6.527119
-420.838000	-6.525231
-421.839000	-6.523649
-422.824400	-6.517296
-423.809600	-6.518886
-424.810100	-6.516847
-425.793900	-6.514364
-426.818600	-6.516881
-427.814400	-6.512355
-428.819800	-6.511755
-429.850100	-6.514040
-430.821300	-6.510871
-431.829500	-6.513190
-432.800500	-6.511819
-433.781200	-6.510422
-434.791700	-6.512041
-435.784100	-6.508678
-436.819200	-6.510138
-437.826400	-6.511127
-438.845000	-6.509402
-439.868300	-6.513721
-440.855300	-6.513800
-441.838900	-6.511211
-442.820500	-6.514283
-443.818700	-6.512007
-444.804400	-6.512625
-445.817400	-6.517302
-446.823700	-6.516772
-447.820700	-6.519162
-448.852100	-6.521011
-449.859800	-6.521075
-450.870100	-6.525476
-451.879400	-6.525220
-452.857800	-6.525928
-453.852600	-6.528419
-454.857200	-6.527494
-455.846400	-6.533235
-456.858300	-6.534653
-457.862500	-6.537082
-458.846700	-6.542066
-459.843400	-6.541441
-460.814600	-6.545674
-461.806400	-6.548140
-462.808700	-6.548198
-463.813900	-6.554788
-464.835200	-6.557392
-465.839800	-6.561079
-466.843400	-6.567346
-467.848600	-6.569230
-468.847900	-6.575018
-469.848400	-6.579355
-470.839100	-6.581309
-471.843100	-6.587856
-472.848400	-6.590123
-473.834800	-6.594173
-474.848600	-6.601553
-475.854700	-6.602741
-476.844300	-6.611406
-477.877000	-6.617401
-478.878400	-6.620842
-479.869900	-6.629151
-480.887800	-6.631291
-481.890800	-6.636869
-482.870600	-6.643499
-483.872200	-6.647470
-484.850200	-6.657619
-485.829100	-6.664223
-486.841000	-6.671196
-487.848400	-6.681466
-488.855900	-6.686018
-489.862400	-6.693678
-490.868400	-6.703285
-491.843700	-6.709445
-492.843800	-6.718889
-493.836500	-6.726783
-494.824800	-6.732889
-495.842400	-6.742115
-496.851300	-6.749282
-497.870200	-6.758613
-498.884000	-6.766420
-499.871200	-6.770135
-500.863600	-6.779234
-501.841100	-6.786387
-502.836200	-6.793852
-503.849600	-6.808718
-504.849900	-6.813665
-505.830600	-6.823830
-506.838100	-6.835182
-507.828700	-6.840536
-508.838700	-6.855225
-509.853500	-6.862762
-510.832500	-6.871912
-511.820400	-6.882959
-512.799700	-6.889156
-513.794100	-6.900500
-514.819400	-6.910728
-515.828700	-6.920580
-516.829000	-6.933220
-517.839800	-6.942280
-518.819300	-6.949593
-519.840800	-6.962394
-520.858600	-6.971870
-521.866200	-6.983892
-522.874100	-6.997786
-523.862800	-7.004519
-524.865300	-7.015247
-525.867800	-7.023071
-526.853300	-7.031101
-527.877400	-7.043536
-528.875600	-7.049967
-529.874000	-7.061324
-530.907500	-7.070952
-531.895400	-7.077080
-532.908700	-7.089062
-533.928300	-7.095822
-534.906100	-7.104352
-535.886500	-7.114499
-536.875700	-7.121585
-537.855900	-7.130774
-538.854600	-7.140578
-539.869700	-7.148979
-540.876700	-7.159465
-541.890100	-7.167688
-542.885200	-7.175071
-543.878500	-7.182716
-544.879200	-7.188357
-545.848100	-7.196170
-546.877400	-7.203778
-547.888000	-7.211595
-548.882800	-7.220678
-549.894700	-7.227766
-550.886200	-7.234213
-551.871000	-7.241284
-552.875900	-7.245962
-553.880400	-7.252932
-554.888200	-7.259762
-555.890900	-7.265579
-556.852200	-7.274526
-557.840000	-7.280860
-558.810300	-7.289330
-559.821500	-7.296510
-560.852700	-7.302593
-561.851400	-7.312066
-562.841300	-7.314926
-563.826700	-7.321988
-564.825200	-7.327293
-565.851900	-7.329433
-566.863300	-7.338791
-567.876100	-7.344177
-568.890700	-7.350636
-569.869100	-7.358989
-570.903300	-7.362408
-571.909200	-7.368477
-572.900400	-7.372461
-573.926500	-7.375226
-574.908900	-7.381232
-575.908400	-7.383889
-576.903100	-7.389984
-577.888400	-7.396077
-578.882700	-7.400135
-579.882100	-7.406540
-580.886500	-7.409908
-581.891900	-7.412786
-582.892200	-7.415662
-583.888700	-7.417262
-584.887800	-7.422514
-585.892500	-7.427385
-586.882600	-7.431452
-587.874600	-7.436751
-588.867200	-7.436839
-589.848300	-7.438380
-590.878000	-7.442397
-591.870500	-7.440267
-592.891300	-7.442493
-593.923700	-7.446240
-594.902200	-7.444679
-595.906600	-7.451118
-596.887000	-7.455685
