Vf	Im
V vs. Ref.	A
-5.97887E-001	-3.67725E-006
-5.95883E-001	-3.63104E-006
-5.93879E-001	-3.59219E-006
-5.91869E-001	-3.55777E-006
-5.89873E-001	-3.52704E-006
-5.87871E-001	-3.49415E-006
-5.85878E-001	-3.47396E-006
-5.83874E-001	-3.44746E-006
-5.81875E-001	-3.42318E-006
-5.79875E-001	-3.40139E-006
-5.77870E-001	-3.37884E-006
-5.75860E-001	-3.36712E-006
-5.73879E-001	-3.33985E-006
-5.71868E-001	-3.32341E-006
-5.69871E-001	-3.29836E-006
-5.67875E-001	-3.28469E-006
-5.65858E-001	-3.26693E-006
-5.63859E-001	-3.25014E-006
-5.61853E-001	-3.23058E-006
-5.59855E-001	-3.21406E-006
-5.57857E-001	-3.19596E-006
-5.55871E-001	-3.18916E-006
-5.53862E-001	-3.17015E-006
-5.51876E-001	-3.15794E-006
-5.49838E-001	-3.13469E-006
-5.47858E-001	-3.12658E-006
-5.45851E-001	-3.11478E-006
-5.43848E-001	-3.10188E-006
-5.41864E-001	-3.08432E-006
-5.39850E-001	-3.07253E-006
-5.37834E-001	-3.05699E-006
-5.35836E-001	-3.04145E-006
-5.33838E-001	-3.02806E-006
-5.31848E-001	-3.00801E-006
-5.29845E-001	-2.99253E-006
-5.27863E-001	-2.98754E-006
-5.25850E-001	-2.97068E-006
-5.23825E-001	-2.95673E-006
-5.21827E-001	-2.93738E-006
-5.19845E-001	-2.92260E-006
-5.17844E-001	-2.91504E-006
-5.15848E-001	-2.90303E-006
-5.13816E-001	-2.88687E-006
-5.11815E-001	-2.87098E-006
-5.09828E-001	-2.86654E-006
-5.07827E-001	-2.84961E-006
-5.05820E-001	-2.84302E-006
-5.03831E-001	-2.82852E-006
-5.01841E-001	-2.81950E-006
-4.99840E-001	-2.81263E-006
-4.97804E-001	-2.79515E-006
-4.95818E-001	-2.78661E-006
-4.93837E-001	-2.77413E-006
-4.91836E-001	-2.76046E-006
-4.89828E-001	-2.74797E-006
-4.87818E-001	-2.74332E-006
-4.85805E-001	-2.73326E-006
-4.83824E-001	-2.71904E-006
-4.81800E-001	-2.70447E-006
-4.79812E-001	-2.69483E-006
-4.77820E-001	-2.68671E-006
-4.75820E-001	-2.67783E-006
-4.73818E-001	-2.66749E-006
-4.71808E-001	-2.65132E-006
-4.69816E-001	-2.64293E-006
-4.67816E-001	-2.63363E-006
-4.65810E-001	-2.62357E-006
-4.63815E-001	-2.61233E-006
-4.61798E-001	-2.60505E-006
-4.59798E-001	-2.58916E-006
-4.57796E-001	-2.58652E-006
-4.55802E-001	-2.57549E-006
-4.53808E-001	-2.57202E-006
-4.51813E-001	-2.56050E-006
-4.49807E-001	-2.54725E-006
-4.47774E-001	-2.53574E-006
-4.45794E-001	-2.53026E-006
-4.43795E-001	-2.51881E-006
-4.41802E-001	-2.51298E-006
-4.39797E-001	-2.50403E-006
-4.37791E-001	-2.49078E-006
-4.35793E-001	-2.48467E-006
-4.33785E-001	-2.47267E-006
-4.31796E-001	-2.46670E-006
-4.29791E-001	-2.45248E-006
-4.27790E-001	-2.44554E-006
-4.25793E-001	-2.43298E-006
-4.23791E-001	-2.42299E-006
-4.21775E-001	-2.41370E-006
-4.19778E-001	-2.40385E-006
-4.17781E-001	-2.39635E-006
-4.15779E-001	-2.38706E-006
-4.13788E-001	-2.37415E-006
-4.11794E-001	-2.36173E-006
-4.09779E-001	-2.35736E-006
-4.07782E-001	-2.34577E-006
-4.05779E-001	-2.33301E-006
-4.03786E-001	-2.32295E-006
-4.01787E-001	-2.31774E-006
-3.99787E-001	-2.30505E-006
-3.97789E-001	-2.29575E-006
-3.95774E-001	-2.29069E-006
-3.93776E-001	-2.28229E-006
-3.91781E-001	-2.27147E-006
-3.89785E-001	-2.26862E-006
-3.87795E-001	-2.25926E-006
-3.85773E-001	-2.24358E-006
-3.83761E-001	-2.23456E-006
-3.81772E-001	-2.21895E-006
-3.79781E-001	-2.21277E-006
-3.77774E-001	-2.20209E-006
-3.75777E-001	-2.19536E-006
-3.73761E-001	-2.18516E-006
-3.71779E-001	-2.17295E-006
-3.69763E-001	-2.16164E-006
-3.67775E-001	-2.14978E-006
-3.65778E-001	-2.13368E-006
-3.63778E-001	-2.13236E-006
-3.61768E-001	-2.12036E-006
-3.59763E-001	-2.10683E-006
-3.57749E-001	-2.10017E-006
-3.55763E-001	-2.08928E-006
-3.53756E-001	-2.08053E-006
-3.51764E-001	-2.06923E-006
-3.49766E-001	-2.06111E-006
-3.47758E-001	-2.04813E-006
-3.45747E-001	-2.04092E-006
-3.43759E-001	-2.02968E-006
-3.41758E-001	-2.01740E-006
-3.39751E-001	-2.00595E-006
-3.37752E-001	-1.99832E-006
-3.35760E-001	-1.98611E-006
-3.33758E-001	-1.97501E-006
-3.31741E-001	-1.96155E-006
-3.29747E-001	-1.94927E-006
-3.27750E-001	-1.93616E-006
-3.25746E-001	-1.92797E-006
-3.23756E-001	-1.91527E-006
-3.21753E-001	-1.90389E-006
-3.19726E-001	-1.88835E-006
-3.17726E-001	-1.87024E-006
-3.15741E-001	-1.85678E-006
-3.13730E-001	-1.84423E-006
-3.11748E-001	-1.83056E-006
-3.09727E-001	-1.81675E-006
-3.07716E-001	-1.80586E-006
-3.05716E-001	-1.78768E-006
-3.03722E-001	-1.77977E-006
-3.01730E-001	-1.76715E-006
-2.99730E-001	-1.75070E-006
-2.97738E-001	-1.73440E-006
-2.95741E-001	-1.72240E-006
-2.93724E-001	-1.70318E-006
-2.91719E-001	-1.68930E-006
-2.89726E-001	-1.67855E-006
-2.87724E-001	-1.65753E-006
-2.85727E-001	-1.64115E-006
-2.83726E-001	-1.62554E-006
-2.81713E-001	-1.60195E-006
-2.79715E-001	-1.59245E-006
-2.77721E-001	-1.57136E-006
-2.75712E-001	-1.55297E-006
-2.73707E-001	-1.52654E-006
-2.71716E-001	-1.50475E-006
-2.69723E-001	-1.48144E-006
-2.67713E-001	-1.45861E-006
-2.65693E-001	-1.43662E-006
-2.63718E-001	-1.41470E-006
-2.61717E-001	-1.38896E-006
-2.59716E-001	-1.35614E-006
-2.57704E-001	-1.32665E-006
-2.55697E-001	-1.30140E-006
-2.53694E-001	-1.26893E-006
-2.51688E-001	-1.23625E-006
-2.49705E-001	-1.20489E-006
-2.47700E-001	-1.17110E-006
-2.45709E-001	-1.12850E-006
-2.43713E-001	-1.09111E-006
-2.41681E-001	-1.05295E-006
-2.39689E-001	-1.01340E-006
-2.37696E-001	-9.68583E-007
-2.35699E-001	-9.24734E-007
-2.33696E-001	-8.78319E-007
-2.31690E-001	-8.32459E-007
-2.29670E-001	-7.78412E-007
-2.27687E-001	-7.21659E-007
-2.25680E-001	-6.68514E-007
-2.23690E-001	-6.10443E-007
-2.21692E-001	-5.56466E-007
-2.19683E-001	-4.95481E-007
-2.17663E-001	-4.33177E-007
-2.15676E-001	-3.70250E-007
-2.13675E-001	-3.05380E-007
-2.11684E-001	-2.36555E-007
-2.09685E-001	-1.66203E-007
-2.07682E-001	-8.71103E-008
-2.05689E-001	-1.86323E-008
-2.03656E-001	6.60112E-008
-2.01676E-001	1.32408E-007
-1.99679E-001	2.08310E-007
-1.97687E-001	2.96908E-007
-1.95686E-001	3.78915E-007
-1.93689E-001	4.52041E-007
-1.91663E-001	5.31967E-007
-1.89675E-001	6.15639E-007
-1.87683E-001	6.97993E-007
-1.85677E-001	7.75560E-007
-1.83677E-001	8.52433E-007
-1.81665E-001	9.34301E-007
-1.79678E-001	1.00542E-006
-1.77666E-001	1.07854E-006
-1.75668E-001	1.15292E-006
-1.73667E-001	1.22743E-006
-1.71664E-001	1.29445E-006
-1.69664E-001	1.36050E-006
-1.67662E-001	1.42343E-006
-1.65657E-001	1.48053E-006
-1.63678E-001	1.53173E-006
-1.61661E-001	1.59390E-006
-1.59666E-001	1.64225E-006
-1.57670E-001	1.68985E-006
-1.55651E-001	1.73321E-006
-1.53650E-001	1.77283E-006
-1.51648E-001	1.81189E-006
-1.49656E-001	1.84519E-006
-1.47651E-001	1.87697E-006
-1.45656E-001	1.90291E-006
-1.43652E-001	1.92838E-006
-1.41657E-001	1.94954E-006
-1.39645E-001	1.97292E-006
-1.37652E-001	1.98839E-006
-1.35650E-001	2.00560E-006
-1.33654E-001	2.01573E-006
-1.31653E-001	2.02572E-006
-1.29645E-001	2.03085E-006
-1.27631E-001	2.03786E-006
-1.25634E-001	2.04244E-006
-1.23640E-001	2.04424E-006
-1.21650E-001	2.04514E-006
-1.19647E-001	2.04473E-006
-1.17652E-001	2.04702E-006
-1.15642E-001	2.04674E-006
-1.13632E-001	2.04528E-006
-1.11637E-001	2.03689E-006
-1.09639E-001	2.03821E-006
-1.07635E-001	2.02967E-006
-1.05644E-001	2.02391E-006
-1.03620E-001	2.01462E-006
-1.01619E-001	2.00629E-006
-9.96249E-002	2.00012E-006
-9.76337E-002	1.99110E-006
-9.56312E-002	1.98131E-006
-9.36433E-002	1.97479E-006
-9.16370E-002	1.95814E-006
-8.96399E-002	1.95134E-006
-8.76134E-002	1.94420E-006
-8.56277E-002	1.93497E-006
-8.36317E-002	1.92983E-006
-8.16286E-002	1.91964E-006
-7.96300E-002	1.91478E-006
-7.76162E-002	1.90430E-006
-7.56122E-002	1.89383E-006
-7.36129E-002	1.88009E-006
-7.16291E-002	1.86933E-006
-6.96170E-002	1.86996E-006
-6.76040E-002	1.86226E-006
-6.56167E-002	1.85470E-006
-6.36055E-002	1.84588E-006
-6.16048E-002	1.84457E-006
-5.96054E-002	1.83374E-006
-5.76083E-002	1.82070E-006
-5.56204E-002	1.81536E-006
-5.36179E-002	1.81279E-006
-5.15962E-002	1.80335E-006
-4.96006E-002	1.79884E-006
-4.75926E-002	1.79149E-006
-4.55943E-002	1.79475E-006
-4.36047E-002	1.78490E-006
-4.16055E-002	1.78428E-006
-3.96057E-002	1.77650E-006
-3.75986E-002	1.76950E-006
-3.55871E-002	1.76304E-006
-3.35925E-002	1.76096E-006
-3.15925E-002	1.75652E-006
-2.95906E-002	1.75562E-006
-2.76031E-002	1.75257E-006
-2.55924E-002	1.74445E-006
-2.35770E-002	1.74549E-006
-2.15857E-002	1.74133E-006
-1.95720E-002	1.73939E-006
-1.75855E-002	1.73626E-006
-1.55832E-002	1.73404E-006
-1.35938E-002	1.73404E-006
-1.15675E-002	1.73404E-006
-9.58502E-003	1.72738E-006
-7.56978E-003	1.72905E-006
-5.57456E-003	1.72669E-006
-3.58185E-003	1.72371E-006
-1.55701E-003	1.71788E-006
4.59904E-004	1.72024E-006
2.44845E-003	1.72579E-006
4.44408E-003	1.72676E-006
6.43826E-003	1.72176E-006
8.43848E-003	1.71829E-006
1.04366E-002	1.72412E-006
1.24335E-002	1.72287E-006
1.44454E-002	1.72475E-006
1.64463E-002	1.72489E-006
1.84421E-002	1.71753E-006
2.04507E-002	1.71857E-006
2.24588E-002	1.72093E-006
2.44584E-002	1.71996E-006
2.64559E-002	1.72239E-006
2.84607E-002	1.72412E-006
3.04545E-002	1.72378E-006
3.24506E-002	1.72058E-006
3.44531E-002	1.71920E-006
3.64487E-002	1.72391E-006
3.84792E-002	1.72995E-006
4.04604E-002	1.72891E-006
4.24492E-002	1.73224E-006
4.44559E-002	1.73307E-006
4.64594E-002	1.73710E-006
4.84784E-002	1.73973E-006
5.04732E-002	1.74084E-006
5.24778E-002	1.74376E-006
5.44785E-002	1.74764E-006
5.64879E-002	1.75076E-006
5.84679E-002	1.74653E-006
6.04608E-002	1.74813E-006
6.24758E-002	1.75590E-006
6.44911E-002	1.75736E-006
6.64850E-002	1.75958E-006
6.84832E-002	1.76395E-006
7.04953E-002	1.77054E-006
7.24655E-002	1.76644E-006
7.44872E-002	1.77435E-006
7.64797E-002	1.77657E-006
7.84933E-002	1.77748E-006
8.04945E-002	1.78240E-006
8.24791E-002	1.78185E-006
8.44839E-002	1.78282E-006
8.64931E-002	1.79413E-006
8.84806E-002	1.79198E-006
9.04938E-002	1.79878E-006
9.24969E-002	1.80294E-006
9.44936E-002	1.80752E-006
9.65009E-002	1.81057E-006
9.85024E-002	1.80904E-006
1.00503E-001	1.80877E-006
9.85059E-002	1.67417E-006
9.65030E-002	1.58071E-006
9.44988E-002	1.50689E-006
9.24867E-002	1.44709E-006
9.04971E-002	1.39734E-006
8.84865E-002	1.34677E-006
8.64827E-002	1.29466E-006
8.44839E-002	1.25858E-006
8.24889E-002	1.21980E-006
8.04993E-002	1.18705E-006
7.84920E-002	1.15333E-006
7.64828E-002	1.11864E-006
7.44807E-002	1.09297E-006
7.24724E-002	1.06141E-006
7.04890E-002	1.02873E-006
6.84784E-002	1.00500E-006
6.64825E-002	9.85365E-007
6.44904E-002	9.65383E-007
6.24656E-002	9.44916E-007
6.04643E-002	9.11198E-007
5.84768E-002	8.97460E-007
5.64766E-002	8.70749E-007
5.44760E-002	8.57081E-007
5.24845E-002	8.38071E-007
5.04726E-002	8.16286E-007
4.84774E-002	7.94015E-007
4.64565E-002	7.76948E-007
4.44563E-002	7.56481E-007
4.24517E-002	7.37470E-007
4.04588E-002	7.23178E-007
3.84692E-002	7.05972E-007
3.64464E-002	6.89251E-007
3.44564E-002	6.72600E-007
3.24593E-002	6.58516E-007
3.04522E-002	6.43807E-007
2.84599E-002	6.30764E-007
2.64589E-002	6.10297E-007
2.44582E-002	6.02110E-007
2.24524E-002	5.89760E-007
2.04421E-002	5.71930E-007
1.84365E-002	5.60274E-007
1.64385E-002	5.50977E-007
1.44481E-002	5.32175E-007
1.24366E-002	5.23850E-007
1.04299E-002	5.17258E-007
8.43556E-003	4.99220E-007
6.43805E-003	4.92212E-007
4.44575E-003	4.77434E-007
2.43885E-003	4.62309E-007
4.53646E-004	4.56135E-007
-1.55909E-003	4.40594E-007
-3.58018E-003	4.29076E-007
-5.58374E-003	4.22277E-007
-7.57625E-003	4.08748E-007
-9.58169E-003	3.92236E-007
-1.15654E-002	3.81343E-007
-1.35886E-002	3.77805E-007
-1.55774E-002	3.65178E-007
-1.75890E-002	3.54424E-007
-1.95826E-002	3.42698E-007
-2.15910E-002	3.32083E-007
-2.35841E-002	3.23272E-007
-2.55820E-002	3.17305E-007
-2.76060E-002	3.00793E-007
-2.96002E-002	2.90525E-007
-3.15925E-002	2.83864E-007
-3.35923E-002	2.77898E-007
-3.55919E-002	2.61455E-007
-3.75882E-002	2.52019E-007
-3.96097E-002	2.39322E-007
-4.16091E-002	2.28013E-007
-4.35991E-002	2.10668E-007
-4.56024E-002	1.98458E-007
-4.75847E-002	1.87634E-007
-4.95933E-002	1.72301E-007
-5.15881E-002	1.63629E-007
-5.36206E-002	1.49475E-007
-5.56165E-002	1.40942E-007
-5.76069E-002	1.27759E-007
-5.96050E-002	1.16936E-007
-6.16030E-002	1.00909E-007
-6.36030E-002	9.02942E-008
-6.56222E-002	7.07291E-008
-6.76172E-002	6.30279E-008
-6.96139E-002	4.66543E-008
-7.16130E-002	3.42353E-008
-7.36151E-002	1.77228E-008
-7.56170E-002	2.04295E-009
-7.76260E-002	-1.54408E-008
-7.96294E-002	-2.41133E-008
-8.16354E-002	-5.01308E-008
-8.36298E-002	-5.77626E-008
-8.56207E-002	-7.72583E-008
-8.76188E-002	-9.73785E-008
-8.96357E-002	-1.17082E-007
-9.16357E-002	-1.44765E-007
-9.36335E-002	-1.61139E-007
-9.56249E-002	-1.83687E-007
-9.76245E-002	-2.09843E-007
-9.96268E-002	-2.32184E-007
-1.01608E-001	-2.57716E-007
-1.03618E-001	-2.81443E-007
-1.05646E-001	-3.10722E-007
-1.07638E-001	-3.38196E-007
-1.09638E-001	-3.66781E-007
-1.11639E-001	-4.04593E-007
-1.13638E-001	-4.34773E-007
-1.15644E-001	-4.70573E-007
-1.17645E-001	-5.03806E-007
-1.19644E-001	-5.46197E-007
-1.21640E-001	-5.90254E-007
-1.23644E-001	-6.37363E-007
-1.25635E-001	-6.82529E-007
-1.27639E-001	-7.27557E-007
-1.29645E-001	-7.75776E-007
-1.31661E-001	-8.33014E-007
-1.33650E-001	-8.87339E-007
-1.35646E-001	-9.43467E-007
-1.37644E-001	-9.99873E-007
-1.39650E-001	-1.06599E-006
-1.41663E-001	-1.13024E-006
-1.43667E-001	-1.19552E-006
-1.45661E-001	-1.26352E-006
-1.47646E-001	-1.32783E-006
-1.49659E-001	-1.41019E-006
-1.51650E-001	-1.48276E-006
-1.53655E-001	-1.55831E-006
-1.55648E-001	-1.63727E-006
-1.57670E-001	-1.71518E-006
-1.59666E-001	-1.79712E-006
-1.61663E-001	-1.88988E-006
-1.63675E-001	-1.97445E-006
-1.65654E-001	-2.05202E-006
-1.67669E-001	-2.13847E-006
-1.69669E-001	-2.21638E-006
-1.71666E-001	-2.30810E-006
-1.73658E-001	-2.38941E-006
-1.75665E-001	-2.47635E-006
-1.77674E-001	-2.55849E-006
-1.79673E-001	-2.64404E-006
-1.81664E-001	-2.72445E-006
-1.83678E-001	-2.80771E-006
-1.85672E-001	-2.87889E-006
-1.87685E-001	-2.96270E-006
-1.89685E-001	-3.03055E-006
-1.91669E-001	-3.10507E-006
-1.93696E-001	-3.17369E-006
-1.95689E-001	-3.22981E-006
-1.97686E-001	-3.29135E-006
-1.99664E-001	-3.34838E-006
-2.01672E-001	-3.40389E-006
-2.03669E-001	-3.45884E-006
-2.05679E-001	-3.50928E-006
-2.07684E-001	-3.55701E-006
-2.09691E-001	-3.60079E-006
-2.11691E-001	-3.63922E-006
-2.13693E-001	-3.67794E-006
-2.15684E-001	-3.71395E-006
-2.17674E-001	-3.74725E-006
-2.19695E-001	-3.77001E-006
-2.21680E-001	-3.79117E-006
-2.23691E-001	-3.81309E-006
-2.25685E-001	-3.84050E-006
-2.27697E-001	-3.86075E-006
-2.29682E-001	-3.87297E-006
-2.31691E-001	-3.88240E-006
-2.33693E-001	-3.89780E-006
-2.35698E-001	-3.91043E-006
-2.37700E-001	-3.91494E-006
-2.39697E-001	-3.92486E-006
-2.41693E-001	-3.92847E-006
-2.43714E-001	-3.93333E-006
-2.45712E-001	-3.93340E-006
-2.47695E-001	-3.93360E-006
-2.49710E-001	-3.93499E-006
-2.51693E-001	-3.93853E-006
-2.53692E-001	-3.93853E-006
-2.55695E-001	-3.93617E-006
-2.57710E-001	-3.93978E-006
-2.59722E-001	-3.93804E-006
-2.61716E-001	-3.93527E-006
-2.63727E-001	-3.93555E-006
-2.65718E-001	-3.93860E-006
-2.67723E-001	-3.94089E-006
-2.69722E-001	-3.93582E-006
-2.71717E-001	-3.93235E-006
-2.73720E-001	-3.93235E-006
-2.75711E-001	-3.93000E-006
-2.77719E-001	-3.92854E-006
-2.79715E-001	-3.92528E-006
-2.81726E-001	-3.92680E-006
-2.83734E-001	-3.92105E-006
-2.85727E-001	-3.91931E-006
-2.87733E-001	-3.91987E-006
-2.89724E-001	-3.90918E-006
-2.91726E-001	-3.92028E-006
-2.93725E-001	-3.91563E-006
-2.95746E-001	-3.91674E-006
-2.97744E-001	-3.91640E-006
-2.99735E-001	-3.91300E-006
-3.01730E-001	-3.91466E-006
-3.03724E-001	-3.91716E-006
-3.05722E-001	-3.91570E-006
-3.07726E-001	-3.91806E-006
-3.09729E-001	-3.91591E-006
-3.11755E-001	-3.92021E-006
-3.13727E-001	-3.91404E-006
-3.15742E-001	-3.91661E-006
-3.17738E-001	-3.91265E-006
-3.19739E-001	-3.91279E-006
-3.21751E-001	-3.91792E-006
-3.23762E-001	-3.91432E-006
-3.25754E-001	-3.91598E-006
-3.27760E-001	-3.91501E-006
-3.29754E-001	-3.91633E-006
-3.31749E-001	-3.91827E-006
-3.33757E-001	-3.91348E-006
-3.35759E-001	-3.91626E-006
-3.37758E-001	-3.91945E-006
-3.39758E-001	-3.91772E-006
-3.41760E-001	-3.91910E-006
-3.43756E-001	-3.91917E-006
-3.45747E-001	-3.91550E-006
-3.47772E-001	-3.91466E-006
-3.49763E-001	-3.91182E-006
-3.51762E-001	-3.91813E-006
-3.53759E-001	-3.91681E-006
-3.55755E-001	-3.91341E-006
-3.57747E-001	-3.91272E-006
-3.59758E-001	-3.91099E-006
-3.61763E-001	-3.90981E-006
-3.63773E-001	-3.90294E-006
-3.65778E-001	-3.90446E-006
-3.67770E-001	-3.90079E-006
-3.69766E-001	-3.89891E-006
-3.71788E-001	-3.89350E-006
-3.73780E-001	-3.89697E-006
-3.75773E-001	-3.88365E-006
-3.77764E-001	-3.87754E-006
-3.79780E-001	-3.87463E-006
-3.81775E-001	-3.87408E-006
-3.83763E-001	-3.86728E-006
-3.85767E-001	-3.86089E-006
-3.87785E-001	-3.86207E-006
-3.89792E-001	-3.85881E-006
-3.91776E-001	-3.85701E-006
-3.93776E-001	-3.84660E-006
-3.95775E-001	-3.84688E-006
-3.97792E-001	-3.83654E-006
-3.99791E-001	-3.83127E-006
-4.01782E-001	-3.82613E-006
-4.03788E-001	-3.82065E-006
-4.05781E-001	-3.81427E-006
-4.07772E-001	-3.80858E-006
-4.09775E-001	-3.80629E-006
-4.11794E-001	-3.80088E-006
-4.13798E-001	-3.79519E-006
-4.15778E-001	-3.78929E-006
-4.17783E-001	-3.77708E-006
-4.19778E-001	-3.77035E-006
-4.21782E-001	-3.77091E-006
-4.23797E-001	-3.76688E-006
-4.25796E-001	-3.75696E-006
-4.27787E-001	-3.75412E-006
-4.29797E-001	-3.74496E-006
-4.31802E-001	-3.73754E-006
-4.33789E-001	-3.73545E-006
-4.35800E-001	-3.72935E-006
-4.37806E-001	-3.72678E-006
-4.39799E-001	-3.72241E-006
-4.41800E-001	-3.71977E-006
-4.43797E-001	-3.71672E-006
-4.45798E-001	-3.71284E-006
-4.47794E-001	-3.71117E-006
-4.49812E-001	-3.70416E-006
-4.51808E-001	-3.69667E-006
-4.53809E-001	-3.69854E-006
-4.55810E-001	-3.69168E-006
-4.57796E-001	-3.68751E-006
-4.59796E-001	-3.68737E-006
-4.61798E-001	-3.68106E-006
-4.63818E-001	-3.68307E-006
-4.65817E-001	-3.67225E-006
-4.67822E-001	-3.67502E-006
-4.69816E-001	-3.67121E-006
-4.71808E-001	-3.66698E-006
-4.73810E-001	-3.66302E-006
-4.75814E-001	-3.65248E-006
-4.77815E-001	-3.65692E-006
-4.79822E-001	-3.65733E-006
-4.81808E-001	-3.65719E-006
-4.83819E-001	-3.64436E-006
-4.85809E-001	-3.64720E-006
-4.87820E-001	-3.64595E-006
-4.89831E-001	-3.64151E-006
-4.91827E-001	-3.64144E-006
-4.93830E-001	-3.63874E-006
-4.95814E-001	-3.63492E-006
-4.97809E-001	-3.63444E-006
-4.99835E-001	-3.63430E-006
-5.01844E-001	-3.63832E-006
-5.03833E-001	-3.63076E-006
-5.05821E-001	-3.63305E-006
-5.07820E-001	-3.62847E-006
-5.09822E-001	-3.63020E-006
-5.11823E-001	-3.63034E-006
-5.13820E-001	-3.62396E-006
-5.15837E-001	-3.62146E-006
-5.17839E-001	-3.61591E-006
-5.19847E-001	-3.62486E-006
-5.21837E-001	-3.62354E-006
-5.23837E-001	-3.62431E-006
-5.25857E-001	-3.61695E-006
-5.27849E-001	-3.61793E-006
-5.29849E-001	-3.62431E-006
-5.31848E-001	-3.62146E-006
-5.33840E-001	-3.61980E-006
-5.35838E-001	-3.61085E-006
-5.37828E-001	-3.60606E-006
-5.39847E-001	-3.60814E-006
-5.41859E-001	-3.61272E-006
-5.43849E-001	-3.60807E-006
-5.45852E-001	-3.60766E-006
-5.47851E-001	-3.61154E-006
-5.49850E-001	-3.61446E-006
-5.51872E-001	-3.61161E-006
-5.53858E-001	-3.60620E-006
-5.55866E-001	-3.60786E-006
-5.57864E-001	-3.60662E-006
-5.59856E-001	-3.60891E-006
-5.61852E-001	-3.61265E-006
-5.63860E-001	-3.61855E-006
-5.65852E-001	-3.61369E-006
-5.67874E-001	-3.61446E-006
-5.69870E-001	-3.61321E-006
-5.71879E-001	-3.61432E-006
-5.73878E-001	-3.61348E-006
-5.75861E-001	-3.61182E-006
-5.77873E-001	-3.61307E-006
-5.79870E-001	-3.61647E-006
-5.81867E-001	-3.61307E-006
-5.83878E-001	-3.62139E-006
-5.85873E-001	-3.62105E-006
-5.87866E-001	-3.62264E-006
-5.89880E-001	-3.62778E-006
-5.91873E-001	-3.62708E-006
-5.93887E-001	-3.63090E-006
-5.95880E-001	-3.63312E-006
-5.97884E-001	-3.63596E-006
-5.99872E-001	-3.63659E-006
