r_ads	pob_ads	R_des	pob_des
90.80574942	0.00011457	90.80574942	-0.000308687
60.80018334	4.51685E-06	60.80018334	0.00014997
45.78530275	-0.000105537	45.78530275	0.000608627
36.76705602	-0.00021605	36.76705602	0.001069587
30.74741635	-0.00026746	30.74741635	0.001324241
26.44150709	-0.000319702	26.44150709	0.001583066
23.20688303	-0.00037268	23.20688303	0.001845592
20.68662416	-0.000426287	20.68662416	0.002111282
18.66657323	-0.000480414	18.66657323	0.002379603
17.01044364	-0.000534959	17.01044364	0.002650043
15.62737346	-0.000589825	15.62737346	0.002922123
14.45445448	-0.000644923	14.45445448	0.003195397
13.44674881	-0.000700169	13.44674881	0.003469454
12.57129887	-0.000755489	12.57129887	0.003743921
11.80338359	-0.000810814	11.80338359	0.004018458
11.12409598	-0.000866083	11.12409598	0.004292757
10.51872815	-0.000921241	10.51872815	0.004566543
9.975666364	-0.000976238	9.975666364	0.004839572
9.485617538	-0.001031031	9.485617538	0.005111627
9.041056753	-0.001085583	9.041056753	0.005382515
8.635825451	-0.001139858	8.635825451	0.005652071
8.264834436	-0.00119383	8.264834436	0.005920149
7.923841139	0.000450971	7.923841139	0.008441149
7.609280327	0.003582523	7.609280327	0.011279886
7.318133884	0.006828704	7.318133884	0.014209268
7.047829527	0.010188439	7.047829527	0.017228341
6.796161231	0.013660645	6.796161231	0.020336163
6.561226108	0.015545792	6.561226108	0.021277271
6.341373916	0.016054833	6.341373916	0.021985821
6.13516634	0.016558819	6.13516634	0.022687896
5.941343906	0.017057755	5.941343906	0.023383466
5.75879891	0.017540393	5.75879891	0.021926568
5.586553123	0.018005117	5.586553123	0.019488104
5.423739322	0.018464263	5.423739322	0.016967746
5.269585892	0.018917863	5.269585892	0.014366354
5.123403934	0.01936595	5.123403934	0.01168478
4.984576396	0.019819814	4.984576396	0.011069814
4.852548887	0.020343123	4.852548887	0.011388541
4.726821865	0.01981539	4.726821865	0.01263793
4.492506276	0.019153562	4.492506276	0.01464993
4.278499374	0.018523027	4.278499374	0.016763385
4.082208123	0.01800479	4.082208123	0.018975115
3.901465265	0.01799817	3.901465265	0.021378362
3.734444614	0.019079853	3.734444614	0.023095059
3.579595882	0.020330121	3.579595882	0.024141869
3.435593976	0.024584365	3.435593976	0.02517583
3.301299143	0.031670944	3.301299143	0.029425811
3.175725347	0.03832612	3.175725347	0.035821232
3.058014961	0.045072752	3.058014961	0.042145911
2.947418343	0.049664904	2.947418343	0.048541261
2.843277225	0.049896466	2.843277225	0.050287283
2.74501112	0.047232061	2.74501112	0.045212687
2.652106106	0.044466705	2.652106106	0.037789673
2.564105528	0.039929779	2.564105528	0.030212256
2.480602237	0.037135342	2.480602237	0.028467514
2.401232076	0.035660491	2.401232076	0.03455204
2.325668384	0.03440904	2.325668384	0.044214622
2.253617337	0.040445635	2.253617337	0.054089566
2.184813977	0.048128806	2.184813977	0.066025847
2.119018813	0.056178404	2.119018813	0.071999651
2.056014895	0.064455012	2.056014895	0.074721299
1.995605293	0.072733095	1.995605293	0.076258225
1.937610903	0.073625198	1.937610903	0.075211992
1.881868546	0.074436252	1.881868546	0.072051916
1.828229294	0.081890713	1.828229294	0.068810735
1.776557013	0.090694753	1.776557013	0.066510267
1.726727072	0.099061884	1.726727072	0.065865398
1.678625205	0.110115691	1.678625205	0.067468096
1.632146497	0.175634337	1.632146497	0.068990275
1.587194489	0.233816222	1.587194489	0.075697577
1.543680369	0.289653804	1.543680369	0.086742582
1.501522254	0.521589292	1.501522254	0.096981349
1.460644537	1.118980579	1.460644537	0.107033672
1.420977303	1.654230246	1.420977303	0.153606439
1.382455797	2.181986391	1.382455797	0.237532295
1.345019939	2.802819901	1.345019939	0.314669264
1.308613883	3.303364849	1.308613883	0.390509285
1.273185613	3.423712317	1.273185613	0.640352793
1.238686569	3.539263995	1.238686569	0.99293564
1.205071302	3.412191563	1.205071302	1.295403103
1.172297157	3.049010797	1.172297157	1.591535514
1.140323975	2.624128697	1.140323975	2.273877955
1.109113812	2.205126177	1.109113812	3.156554012
1.078630681	1.594317734	1.078630681	3.873957692
1.048840301	1.189810751	1.048840301	4.57240479
1.019709863	0.928293335	1.019709863	4.812528255
0.991207805	0.671924823	0.991207805	4.217821116
0.963303596	0.348614742	0.963303596	3.245077541
0.935967521	0.222887743	0.935967521	2.294318239
0.909170483	0.142816846	0.909170483	1.290654
0.882883791	0.064597676	0.882883791	0.616078624
0.857078965	-0.030194232	0.857078965	0.394012831
0.831727525	-0.061744507	0.831727525	0.178128488
0.806800788	-0.084742195	0.806800788	-0.033696273
0.782269646	-0.1072118	0.782269646	-0.173536974
0.758104343	-0.129175613	0.758104343	-0.174067428
0.734274229	-0.131243382	0.734274229	-0.174829245
0.710747493	-0.12161344	0.710747493	-0.175843062
0.68749087	-0.112676628	0.68749087	-0.175079106
0.664469306	-0.104441565	0.664469306	-0.165185295
0.641645567	-0.096907519	0.641645567	-0.156025306
0.61897978	-0.091061291	0.61897978	-0.147580973
0.596428874	-0.091807454	0.596428874	-0.140764754
0.573945888	-0.093427816	0.573945888	-0.137637324
0.551479086	-0.095078487	0.551479086	-0.134725872
0.528970808	-0.096681735	0.528970808	-0.131964893
0.50635592	-0.098142612	0.50635592	-0.129243572
0.483559693	-0.093894933	0.483559693	-0.1241834
0.460494759	-0.087141223	0.460494759	-0.114432146
0.437056647	-0.078581472	0.437056647	-0.104948331
0.41311691	-0.070339598	0.41311691	-0.095549082
0.388512054	-0.062240987	0.388512054	-0.086036414
0.363024617	-0.054097255	0.363024617	-0.075885626
0.33634835	-0.047507271	0.33634835	-0.060491321
0.308017514	-0.042196291	0.308017514	-0.046247608
0.277242189	-0.008712436	0.277242189	-0.032767209
0.24243421	0.016690736	0.24243421	-0.020293036
0.19919379	0.039538095	0.19919379	-0.011047983
0.193937561	0.059587151	0.193937561	-0.00967091
0.188387382	0.07654052	0.188387382	-0.008204743
0.182477255	0.063103704	0.182477255	-0.007158906
0.176113781	0.055356396	0.176113781	-0.00645567
0.169157699	0.04754541	0.169157699	-0.005697252
0.161386056	0.03961846	0.161386056	-0.004874421
0.15240316	0.031648429	0.15240316	-0.004021833
0.141380789	0.023678398	0.141380789	-0.003169245
