R nm poro	poblacion	R nm cuello	poblacion
101.9660788	7.97492E-05	1.02E+02	5.11591E-05
68.22163008	0.000735348	68.22163008	0.000299531
51.33728429	0.001390947	5.13E+01	0.000547903
41.19733917	0.002050388	4.12E+01	0.000797771
34.42988439	0.002535301	3.44E+01	0.000986452
29.58980751	0.003027172	2.96E+01	0.001177844
25.9545454	0.003525234	2.60E+01	0.001371649
23.12266812	0.004028588	2.31E+01	0.001567517
20.85331245	0.004536331	2.09E+01	0.00165857
18.99319707	0.005047595	1.90E+01	0.001688372
17.44013025	0.005561564	1.74E+01	0.001704872
16.12336007	0.006077478	1.61E+01	0.001707765
14.99234599	0.005326068	1.50E+01	0.001696789
14.01002181	0.003103477	1.40E+01	0.001778242
13.14858501	0.000708712	1.31E+01	0.001908031
12.38677217	-0.001858119	1.24E+01	0.002037731
11.70804265	-0.00459674	1.17E+01	0.002167225
11.09933578	-0.006238147	1.11E+01	0.002296404
10.55020096	-0.006578557	1.06E+01	0.002425172
10.0521762	-0.00691687	1.01E+01	0.002660146
9.598336263	-0.007252925	9.60E+00	0.003610541
9.182958611	-0.000125196	9.18E+00	0.004594536
8.801272884	0.008056747	8.80E+00	0.005611801
8.449270504	0.016562167	8.45E+00	0.006662003
8.12355822	0.025388364	8.12E+00	7.64E-03
7.821244187	0.03453259	7.82E+00	7.93E-03
7.539848469	0.036530673	7.54E+00	8.22E-03
7.277232046	0.037789486	7.28E+00	8.51E-03
7.031540031	0.039037032	7.03E+00	8.79E-03
6.80E+00	0.053227582	6.80E+00	9.08E-03
6.58E+00	0.082112976	6.58E+00	1.08E-02
6.38E+00	0.111716203	6.38E+00	1.25E-02
6.19E+00	0.142029618	6.19E+00	1.44E-02
6.01E+00	0.17304565	6.01E+00	1.62E-02
5.83E+00	0.191802461	5.83E+00	1.81E-02
5.67E+00	0.196540733	5.67E+00	1.86E-02
5.52E+00	0.201230059	5.52E+00	1.91E-02
5.37E+00	0.246079167	5.37E+00	1.96E-02
5.23E+00	0.328520849	5.23E+00	1.87E-02
4.97E+00	0.414556058	4.97E+00	1.76E-02
4.73E+00	0.535340633	4.73E+00	1.65E-02
4.51E+00	0.857990463	4.51E+00	1.54E-02
4.31E+00	1.150495591	4.31E+00	1.46E-02
4.12E+00	1.415133608	4.12E+00	1.55E-02
3.95E+00	1.615015702	3.95E+00	1.67E-02
3.79E+00	1.695310119	3.79E+00	1.79E-02
3.64E+00	1.578879148	3.64E+00	2.79E-02
3.50E+00	1.457321949	3.503223835	4.99E-02
3.372489135	1.298883371	3.372489135	0.071859771
3.24969815	1.030119699	3.25E+00	0.094220332
3.134114586	0.847058504	3.134114586	0.172806408
3.025089375	0.659650953	3.025089375	0.338130964
2.922048077	0.458615924	2.922048077	4.94E-01
2.824480427	0.269022152	2.824480427	6.51E-01
2.731931611	0.251147439	2.731931611	9.76E-01
2.643994955	0.232579702	2.643994955	1.42E+00
2.560305744	0.207122522	2.560305744	1.77E+00
2.48E+00	0.184652386	2.48E+00	2.12E+00
2.40E+00	0.177759449	2.40E+00	2.44E+00
2.33E+00	0.170445059	2.33E+00	2.54E+00
2.26E+00	0.155565856	2.26E+00	2.47E+00
2.20E+00	0.145094634	2.20E+00	2.39E+00
2.13E+00	0.139970493	2.13E+00	2.20E+00
2.07E+00	0.134538281	2.07E+00	1.75E+00
2.01E+00	0.12459622	2.01E+00	1.37E+00
1.95E+00	0.121216153	1.95E+00	9.91E-01
1.90E+00	0.118978544	1.90E+00	6.08E-01
1.85E+00	0.116520932	1.85E+00	3.20E-01
1.79E+00	0.119569671	1.79E+00	3.11E-01
1.74E+00	0.129106828	1.74E+00	3.03E-01
1.70E+00	0.138711063	1.70E+00	2.94E-01
1.65E+00	0.148066579	1.65E+00	2.96E-01
1.61E+00	0.151952175	1.61E+00	3.07E-01
1.56E+00	0.147128553	1.56E+00	3.20E-01
1.52E+00	0.139688314	1.52E+00	3.33E-01
1.47792164	0.132168046	1.48E+00	0.320174709
1.437910696	0.120653941	1.44E+00	0.295316582
1.398987873	0.10926419	1.40E+00	0.269737638
1.361098653	0.100724875	1.36E+00	0.24422635
1.324191991	0.092206927	1.32E+00	0.192202306
1.288219966	0.083908271	1.29E+00	0.159607376
1.253137454	0.080576037	1.25E+00	0.128330779
1.218901823	0.082305898	1.22E+00	0.097448732
1.185472645	0.083913573	1.19E+00	0.064000963
1.152811429	0.085393911	1.15E+00	0.055924397
1.12088136	0.088947377	1.12E+00	0.053275596
1.089647057	0.092004478	1.09E+00	0.050575201
1.059074333	0.094855764	1.06E+00	0.049798523
1.029129973	0.097489116	1.03E+00	0.054555807
0.999781503	0.100073988	1.00E+00	0.060735079
0.970996975	0.107445413	9.71E-01	0.066556633
0.942744743	0.113665138	9.43E-01	0.071978677
0.914993246	0.119438047	9.15E-01	0.07491867
0.887710774	0.124742267	8.88E-01	0.07478361
0.86086524	0.129371714	8.61E-01	0.074319436
0.834423926	0.126730577	8.34E-01	0.073501275
0.808353222	0.123935203	8.08E-01	0.064765275
0.782618329	0.120783364	7.83E-01	0.053271679
0.757182939	0.117256309	7.57E-01	0.041833212
0.732008868	0.113337705	7.32E-01	0.030444664
0.707055621	0.10833939	7.07E-01	0.019106735
0.682279887	0.10451865	6.82E-01	0.025175698
0.657634916	0.101184913	6.58E-01	0.033246371
0.633069749	0.097299859	6.33E-01	0.040290156
0.608528232	0.09287775	6.09E-01	0.046323076
0.583947728	0.087945012	5.84E-01	0.051970012
0.559257391	0.080806601	5.59E-01	0.051644649
0.534375772	0.072788137	5.34E-01	0.050415952
0.509207424	0.066427171	5.09E-01	0.048497835
0.483637873	0.059729513	4.84E-01	0.046004115
0.4575259	0.05281585	0.4575259	0.042477998
0.430691102	0.045830491	4.31E-01	0.038403575
0.402892617	0.038545034	4.03E-01	0.034708282
0.373789966	0.039405074	3.74E-01	0.030674037
0.342863548	0.041435238	3.43E-01	0.02657599
0.309229414	0.040454727	3.09E-01	0.022717475
0.271106091	0.038944746	2.71E-01	0.015353202
0.223550123	0.038657602	2.24E-01	0.009334346
0.217749116	0.029724984	2.18E-01	0.005370522
0.211618072	0.021179507	2.12E-01	0.003143799
0.205082768	0.017131303	2.05E-01	0.021437868
0.198038165	0.014987458	1.98E-01	0.049850269
0.190327638	0.012837401	1.90E-01	0.072609419
0.181700437	0.010667825	0.181700437	0.089465505
0.171711526	0.008492332	0.171711526	0.108309201
0.159429402	0.006316839	1.59E-01	0.127152898
