199.2389 1.216563E-02
199.4851 2.855942E-02
199.9799 5.221067E-02
200.7307 7.998614E-02
201.7412 .1144257
202.7411 .1360412
203.7407 .1541147
204.7476 .1709182
205.7384 .1848969
206.77 .1976828
207.7668 .2105076
208.7639 .2236972
209.754 .235246
210.7248 .2438704
211.7151 .2526368
212.6985 .2599333
213.6952 .2669638
214.6858 .2763002
215.6951 .2843208
216.6888 .2905734
217.6775 .2986209
218.651 .3059269
219.6548 .3145227
220.6579 .3246249
221.6902 .3322583
222.7235 .3373822
223.7128 .3406029
224.728 .3439267
225.7321 .349249
226.7218 .354955
227.719 .3610976
228.7155 .3679028
229.6776 .3722159
230.6703 .379203
231.6671 .3868234
232.6652 .3924454
233.6727 .3987309
234.6547 .403854
235.6476 .4077105
236.6431 .4107172
237.6537 .4142334
238.6683 .4187266
239.6666 .4227902
240.6422 .4292221
241.6301 .4345522
242.6153 .4370002
243.6087 .4429522
244.6387 .4443547
245.6317 .4479149
246.6366 .4548294
247.6421 .4576499
248.6044 .4637933
249.6254 .4687942
250.6315 .4721345
251.6465 .4771561
252.6732 .4829271
253.6558 .4869162
254.6656 .4918434
255.6748 .496878
256.6703 .4993659
257.688 .5048553
258.666 .5078829
259.6461 .5113132
260.6376 .515926
261.6044 .5185109
262.6267 .5240185
263.6405 .5284728
264.6603 .5336807
265.6954 .5390956
266.669 .5419413
267.6512 .544197
268.6182 .5478907
269.578 .5530093
270.5977 .5613202
271.6009 .567183
272.6123 .5705249
273.6406 .5733775
274.6455 .5737864
275.665 .5771336
276.6751 .5809044
277.6803 .5836209
278.6673 .5877894
279.6395 .5921119
280.637 .5972887
281.6263 .6043572
282.6393 .6097973
283.6433 .6142542
284.6459 .6179894
285.6463 .6193876
286.6357 .6214891
287.6399 .6244768
288.6194 .6287578
289.6109 .6351247
290.6081 .6411547
291.6181 .6478404
292.6413 .655071
293.6407 .6605501
294.6556 .6676984
295.6713 .6733403
296.666 .677707
297.6406 .6820478
298.6333 .6850294
299.5957 .688549
300.5935 .692902
301.6265 .6998415
302.6509 .7083949
303.6903 .7162127
304.6889 .7239752
305.7322 .7302703
306.7108 .734592
307.6911 .7423025
308.696 .749184
309.646 .7537768
310.6482 .7589284
311.6384 .7632389
312.6248 .7671916
313.6402 .7736339
314.6431 .7808334
315.657 .7869768
316.6649 .7927061
317.6385 .7981957
318.618 .8048804
319.6061 .8113574
320.5856 .8197921
321.6111 .8270547
322.641 .8313661
323.6576 .8368304
324.6868 .8419742
325.6829 .849113
326.6642 .8565488
327.6292 .8642143
328.6165 .8716494
329.5974 .8789787
330.5961 .8874956
331.6347 .8966103
332.6324 .9058923
333.6211 .9139839
334.6171 .9227217
335.5892 .9282042
336.5792 .932752
337.6035 .9390965
338.5969 .9454392
339.6183 .953614
340.633 .964268
341.6252 .9749064
342.6419 .9848632
343.6087 .9946638
344.5988 1.003025
345.6065 1.011042
346.5921 1.019563
347.6263 1.027842
348.6331 1.035608
349.6123 1.043022
350.6203 1.051412
351.5948 1.061367
352.6049 1.073083
353.6478 1.085333
354.6686 1.096166
355.7101 1.105811
356.6989 1.115728
357.662 1.125748
358.6392 1.13729
359.6002 1.148003
360.5917 1.157364
361.5871 1.167161
362.5786 1.177199
363.5839 1.188594
364.5912 1.20155
365.6172 1.214189
366.6381 1.225022
367.6234 1.235782
368.617 1.246877
369.6309 1.260096
370.616 1.27466
371.6299 1.288958
372.6437 1.302761
373.6286 1.314577
374.6158 1.327068
375.6061 1.340802
376.5904 1.354154
377.5883 1.369005
378.5894 1.384563
379.6063 1.400427
380.6154 1.417607
381.6324 1.435211
382.6587 1.452448
383.6685 1.469213
384.6649 1.485366
385.6682 1.501098
386.6525 1.515092
387.6334 1.531134
388.645 1.549404
389.6224 1.568489
390.6196 1.591645
391.6333 1.618273
392.6281 1.642984
393.6298 1.666849
394.6304 1.688389
395.6137 1.708049
396.612 1.728078
397.6031 1.749302
398.6169 1.772318
399.6221 1.793003
400.5935 1.816447
401.6197 1.841457
402.6185 1.866786
403.6259 1.892745
404.68 1.921713
405.6827 1.952114
406.6713 1.980775
407.6702 2.016169
408.6549 2.050096
409.6314 2.079983
410.6436 2.114486
411.6343 2.141702
412.6422 2.174654
413.6523 2.204751
414.652 2.242656
415.6661 2.279901
416.6391 2.315481
417.6484 2.35767
418.652 2.400388
419.6555 2.446928
420.6837 2.49608
421.6803 2.545346
422.6923 2.58888
423.702 2.638491
424.6797 2.682944
425.6754 2.735455
426.6495 2.784287
427.6165 2.837065
428.6186 2.892287
429.6009 2.948168
430.6089 3.010426
431.6316 3.071698
432.6229 3.133808
433.6382 3.196149
434.6206 3.259212
435.6196 3.321792
436.6183 3.388661
437.6074 3.455758
438.623 3.529697
439.6147 3.605226
440.6011 3.684179
441.6031 3.769754
442.6089 3.854686
443.6189 3.943033
444.6483 4.033296
445.6537 4.122668
446.648 4.21129
447.6202 4.303531
448.5887 4.396067
449.5705 4.494654
450.5478 4.595142
451.5579 4.701565
452.5847 4.813649
453.5974 4.925172
454.6155 5.043775
455.6306 5.162758
456.6391 5.2811
457.6249 5.403603
458.623 5.525807
459.6071 5.648406
460.5743 5.775035
461.5739 5.906662
462.5792 6.045791
463.5718 6.187739
464.5927 6.33362
465.6089 6.482456
466.5752 6.623528
467.5725 6.770098
468.5604 6.921843
469.5467 7.072796
470.5469 7.233199
471.5608 7.39599
472.566 7.555735
473.5685 7.717414
474.5977 7.881372
475.5759 8.042834
476.5823 8.202625
477.5815 8.360731
478.5656 8.520559
479.5564 8.68023
480.5573 8.844552
481.5754 9.019313
482.5859 9.18543
483.6162 9.349694
484.614 9.512232
485.5937 9.663656
486.5835 9.81674
487.5582 9.975771
488.5514 10.13598
489.5321 10.30178
490.5365 10.47302
491.5534 10.6505
492.5654 10.83361
493.5842 11.0202
494.5955 11.21504
495.5972 11.4051
496.5692 11.59167
497.5566 11.78281
498.5198 11.96955
499.5114 12.16396
500.5213 12.36988
501.5388 12.58105
502.5725 12.80064
503.5714 13.02287
504.5742 13.24506
505.5891 13.46905
506.5854 13.69237
507.6116 13.92067
508.6173 14.1502
509.5971 14.37763
510.5958 14.61053
511.5872 14.84715
512.5955 15.08969
513.6049 15.34141
514.6068 15.59258
515.5929 15.84272
516.5806 16.09139
517.5684 16.33616
518.5695 16.58969
519.5757 16.8509
520.5941 17.11737
521.5896 17.39411
522.5909 17.66844
523.587 17.94201
524.5612 18.21862
525.5497 18.49434
526.5475 18.7709
527.5237 19.04585
528.524 19.32323
529.5348 19.6065
530.5283 19.89336
531.5554 20.19341
532.5833 20.50156
533.5921 20.80296
534.6028 21.10798
535.5875 21.40575
536.5673 21.68954
537.5623 21.98114
538.5483 22.2743
539.5444 22.57222
540.5356 22.87876
541.5251 23.19367
542.5328 23.51323
543.5421 23.83084
544.5521 24.15369
545.5631 24.47266
546.5718 24.77504
547.5503 25.07735
548.531 25.38133
549.5187 25.67929
550.4783 25.99594
551.502 26.32324
552.5044 26.64602
553.5032 26.97539
554.5356 27.30024
555.5306 27.6195
556.5303 27.93774
557.5214 28.25691
558.5206 28.584
559.5119 28.90107
560.5177 29.21862
561.5459 29.53904
562.5313 29.84474
563.5286 30.16016
564.5345 30.48208
565.5209 30.79102
566.5243 31.10034
567.5278 31.41019
568.5104 31.71462
569.5103 32.02671
570.5142 32.34224
571.5344 32.66211
572.5583 32.97652
573.5579 33.28141
574.5569 33.5853
575.5628 33.87289
576.5605 34.15123
577.5656 34.43869
578.5442 34.71476
579.5175 34.99077
580.511 35.27754
581.5209 35.55964
582.5488 35.84843
583.5742 36.13722
584.5878 36.41547
585.5741 36.68159
586.5641 36.92784
587.5557 37.1666
588.5324 37.40383
589.5226 37.63938
590.533 37.88869
591.5205 38.14037
592.5206 38.38664
593.5446 38.63394
594.5416 38.86523
595.5494 39.08838
596.5674 39.3037
597.5648 39.50453
598.5698 39.70581
599.5696 39.89891
600.5507 40.08974
601.5567 40.29239
602.5399 40.49123
603.5459 40.68624
604.5548 40.87498
605.563 41.04298
606.5624 41.1992
607.5673 41.34838
608.5817 41.49553
609.5851 41.64796
610.6175 41.78659
611.6269 41.92937
612.6297 42.06397
613.6118 42.17763
614.5849 42.30019
615.5751 42.4076
616.5533 42.49728
617.5383 42.58636
618.5531 42.66687
619.5411 42.74163
620.54 42.82307
621.5502 42.90718
622.5494 42.99264
623.5612 43.06346
624.5742 43.12521
625.585 43.17646
626.5695 43.19843
627.5566 43.2251
628.5283 43.2534
629.5034 43.26801
630.4913 43.29452
631.4836 43.32372
632.49 43.33932
633.5106 43.35461
634.5317 43.3648
635.5416 43.35862
636.5425 43.33594
637.5363 43.30458
638.5107 43.27005
639.4684 43.227
640.4457 43.194
641.4359 43.17391
642.4382 43.13928
643.4563 43.10152
644.4879 43.05993
645.4865 42.99414
646.4838 42.92485
647.4986 42.85626
648.488 42.78056
649.4781 42.70479
650.4772 42.6289
651.4852 42.55417
652.5055 42.47547
653.4862 42.3916
654.512 42.31027
655.4993 42.21207
656.4776 42.10529
657.491 42.00201
658.4788 41.888
659.4933 41.77677
660.5281 41.6732
661.5481 41.56482
662.5505 41.45543
663.5578 41.34122
664.5372 41.21831
665.5367 41.08904
666.5085 40.95199
667.4974 40.81696
668.4762 40.6816
669.4689 40.5439
670.4802 40.41576
671.4671 40.2853
672.4968 40.15402
673.5084 40.02513
674.5452 39.88638
675.5591 39.74261
676.5413 39.59279
677.5114 39.43548
678.4734 39.28535
679.45 39.13747
680.4474 38.9944
681.4656 38.8576
682.4811 38.71514
683.5085 38.56959
684.508 38.42241
685.5115 38.26971
686.5015 38.11756
687.4779 37.96217
688.4573 37.80714
689.4477 37.65418
690.433 37.50002
691.4415 37.35586
692.4671 37.21426
693.4622 37.06758
694.475 36.92383
695.4639 36.7732
696.4557 36.61525
697.4539 36.46297
698.4589 36.31071
699.4725 36.15964
700.4764 36.01271
701.4851 35.86277
702.4877 35.71936
703.4868 35.57146
704.4863 35.4306
705.496 35.29138
706.4985 35.14856
707.4932 35.00993
708.4896 34.86792
709.4756 34.72585
710.4752 34.58426
711.4995 34.44664
712.5171 34.30996
713.5323 34.17084
714.5255 34.03023
715.4993 33.89059
716.4839 33.75003
717.473 33.61498
718.5027 33.48613
719.5116 33.35544
720.5176 33.22677
721.5327 33.10267
722.5138 32.97371
723.5101 32.84596
724.5139 32.7225
725.4945 32.59265
726.468 32.46593
727.4676 32.34116
728.4427 32.21488
729.4421 32.09349
730.4717 31.97671
731.4796 31.86296
732.4965 31.74712
733.5043 31.63139
734.5083 31.51526
735.5104 31.39655
736.5005 31.28041
737.5073 31.16945
738.484 31.0561
739.473 30.94581
740.4775 30.84078
741.4639 30.73275
742.4858 30.63003
743.4978 30.52717
744.5164 30.42272
745.5211 30.31757
746.5195 30.21176
747.5002 30.10711
748.4639 30.00412
749.4525 29.90326
750.4509 29.80821
751.4449 29.71329
752.4664 29.61878
753.4847 29.52661
754.4669 29.42966
755.4806 29.33536
756.4994 29.24405
757.5029 29.15167
758.4965 29.06129
759.4929 28.97138
760.4739 28.88057
761.4708 28.79343
762.5166 28.7081
763.5539 28.62439
764.5746 28.53965
765.5558 28.45342
766.5127 28.3679
767.4744 28.28258
768.4498 28.20172
769.468 28.12427
770.475 28.04587
771.4953 27.96761
772.5042 27.88898
773.4984 27.80831
774.5029 27.73185
775.5092 27.65644
776.5157 27.5808
777.4972 27.50649
778.4934 27.43124
779.4622 27.35791
780.4507 27.28667
781.4792 27.21642
782.4958 27.14645
783.5235 27.0752
784.5355 27.00442
785.5456 26.93519
786.5263 26.86578
787.5208 26.80014
788.518 26.7354
789.5065 26.66972
790.4976 26.60835
791.48 26.54623
792.4763 26.4843
793.4861 26.42247
794.4973 26.36042
795.5204 26.29671
796.5201 26.23339
797.4828 26.17062
798.021 26.0626
798.0314 25.93141
797.5493 25.78011
796.6017 25.61526
795.6007 25.47867
794.61 25.35501
793.6323 25.23826
792.6278 25.12424
791.6368 25.01558
790.6266 24.90764
789.6213 24.80457
788.6393 24.70558
787.6379 24.60922
786.64 24.51666
785.6588 24.42471
784.6443 24.33175
783.6397 24.24139
782.6542 24.15188
781.6204 24.0628
780.6052 23.97756
779.6022 23.89365
778.5944 23.81091
777.6011 23.73162
776.6168 23.65419
775.6273 23.5776
774.6459 23.502
773.6588 23.42677
772.6825 23.35064
771.6664 23.27308
770.6453 23.1981
769.6406 23.12532
768.6256 23.05324
767.6553 22.98423
766.6901 22.91403
765.7097 22.84124
764.7136 22.76894
763.7043 22.69717
762.6732 22.62459
761.6567 22.55404
760.6382 22.48401
759.6271 22.41497
758.6282 22.3477
757.6063 22.28201
756.636 22.2199
755.6649 22.15542
754.6689 22.09393
753.707 22.03082
752.6857 21.96427
751.6506 21.89914
750.6238 21.83314
749.6071 21.76919
748.597 21.70668
747.5978 21.64612
746.6136 21.5833
745.6129 21.51955
744.6219 21.45448
743.6204 21.39161
742.6249 21.3278
741.6188 21.26617
740.6236 21.2069
739.6392 21.14441
738.6253 21.0858
737.6183 21.02671
736.6174 20.96741
735.6207 20.90621
734.6161 20.8464
733.6116 20.78693
732.595 20.7277
731.577 20.66902
730.5909 20.6094
729.6014 20.54876
728.6278 20.48947
727.6364 20.43131
726.6337 20.37069
725.6161 20.3099
724.5848 20.2489
723.5738 20.18851
722.6041 20.13154
721.6259 20.07671
720.6415 20.01879
719.6566 19.96199
718.6606 19.90374
717.6917 19.84199
716.7099 19.78226
715.7198 19.72275
714.7013 19.6639
713.6838 19.60561
712.6781 19.5469
711.6692 19.48733
710.6731 19.42492
709.6526 19.36312
708.6797 19.30358
707.6866 19.2403
706.6709 19.17717
705.6808 19.11623
704.6466 19.0521
703.6254 18.99256
702.6514 18.93649
701.6588 18.87786
700.6766 18.81964
699.6644 18.75911
698.6491 18.69745
697.6359 18.63388
696.611 18.57083
695.6315 18.51007
694.6068 18.44682
693.5955 18.38538
692.6093 18.32588
691.6211 18.26223
690.6553 18.19984
689.6911 18.1375
688.6792 18.06844
687.6782 18.00347
686.6566 17.93625
685.6419 17.86826
684.6286 17.80515
683.6029 17.73957
682.6085 17.67658
681.5996 17.61394
680.6207 17.54876
679.6471 17.48448
678.6794 17.41755
677.6935 17.34994
676.6998 17.28379
675.6985 17.21372
674.6546 17.14367
673.658 17.07387
672.6454 17.00305
671.6419 16.935
670.6563 16.86801
669.6511 16.79901
668.6771 16.7302
667.6566 16.658
666.6726 16.58394
665.6573 16.51048
664.6464 16.43678
663.6755 16.36597
662.6769 16.29383
661.7037 16.2218
660.7056 16.14968
659.6831 16.07345
658.671 15.99829
657.6531 15.92148
656.6295 15.84089
655.6412 15.76166
654.6355 15.68166
653.6352 15.60184
652.6438 15.52627
651.6472 15.45234
650.6517 15.37665
649.665 15.2989
648.657 15.21584
647.6658 15.13198
646.6414 15.04664
645.6351 14.96214
644.6403 14.88273
643.6064 14.79817
642.6215 14.71717
641.6312 14.63885
640.6609 14.55572
639.6844 14.47555
638.7152 14.39353
637.7238 14.30535
636.6998 14.2152
635.7022 14.12343
634.679 14.03097
633.6583 13.93942
632.6766 13.85201
631.6757 13.76806
630.6841 13.68158
629.6832 13.59477
628.6768 13.50794
627.6854 13.41363
626.6903 13.31959
625.6907 13.22755
624.6899 13.13047
623.6973 13.03719
622.6932 12.94641
621.7098 12.85404
620.7274 12.76323
619.7207 12.67032
618.7341 12.57504
617.7332 12.47599
616.7279 12.37413
615.7423 12.27483
614.7443 12.17434
613.7543 12.07705
612.7775 11.98665
611.785 11.89285
610.7988 11.79739
609.8202 11.70125
608.7753 11.59846
607.7665 11.49425
606.7402 11.39049
605.7009 11.28472
604.7098 11.18136
603.6823 11.07829
602.6782 10.97864
601.6823 10.87964
600.6933 10.77872
599.7253 10.67939
598.734 10.57491
597.719 10.4677
596.717 10.36012
595.6781 10.25145
594.6783 10.14536
593.679 10.0429
592.666 9.937042
591.6804 9.833636
590.6653 9.729885
589.6782 9.624985
588.6855 9.523494
587.6979 9.420594
586.7191 9.3195
585.7189 9.213814
584.7053 9.108194
583.6782 9.002695
582.6517 8.893478
581.6465 8.789516
580.6537 8.686256
579.6619 8.58086
578.6728 8.477601
577.6844 8.375523
576.676 8.27351
575.6981 8.174349
574.681 8.076065
573.6823 7.974572
572.6941 7.872489
571.6709 7.764847
570.6631 7.659266
569.6559 7.555178
568.6459 7.45283
567.6746 7.359584
566.7025 7.261419
565.701 7.165141
564.7237 7.066385
563.7006 6.959952
562.7036 6.858667
561.726 6.760737
560.7089 6.66093
559.7186 6.56752
558.7146 6.470462
557.682 6.37181
556.6918 6.279862
555.691 6.186475
554.7067 6.096207
553.7222 6.003778
552.696 5.908219
551.7006 5.812565
550.6775 5.718102
549.6801 5.622863
548.7196 5.535085
547.7117 5.445817
546.7207 5.35569
545.7131 5.268227
544.7161 5.177083
543.7225 5.0929
542.7175 5.007824
541.6891 4.921698
540.669 4.836849
539.6541 4.750723
538.6436 4.664683
537.6733 4.585941
536.6562 4.504786
535.6722 4.427691
534.6968 4.352838
533.707 4.270699
532.7134 4.189847
531.7016 4.107774
530.6834 4.029641
529.6764 3.955385
528.6887 3.880266
527.6641 3.804764
526.6839 3.733218
525.687 3.661771
524.6996 3.595097
523.7464 3.529319
522.7346 3.45729
521.7136 3.388249
520.6993 3.321845
519.7031 3.258244
518.6992 3.196765
517.7328 3.135802
516.7622 3.075038
515.7548 3.010735
514.7452 2.946713
513.7294 2.883807
512.7143 2.822634
511.7252 2.765969
510.7727 2.71315
509.7844 2.659405
508.7821 2.602341
507.7785 2.546092
506.757 2.487861
505.7505 2.432085
504.7253 2.375762
503.7138 2.323089
502.7044 2.271188
501.6987 2.221345
500.6968 2.176553
499.6975 2.128134
498.6988 2.082571
497.7067 2.037038
496.7115 1.989434
495.7121 1.944421
494.7301 1.900336
493.7159 1.856587
492.7298 1.816507
491.7311 1.776006
490.7236 1.735141
489.735 1.694463
488.718 1.651277
487.7216 1.612042
486.7135 1.573388
485.7264 1.536135
484.7592 1.502282
483.756 1.464622
482.757 1.429189
481.7397 1.394191
480.7185 1.357781
479.6969 1.324604
478.6674 1.292442
477.6423 1.262374
476.6587 1.236776
475.6726 1.21036
474.7116 1.181656
473.7666 1.151873
472.7672 1.118798
471.7844 1.08504
470.761 1.051045
469.73 1.018528
468.7292 .9899619
467.7092 .9632164
466.7157 .9403283
465.7394 .9190012
464.7366 .8943018
463.7657 .870071
462.7751 .8444144
461.7638 .8181298
460.7823 .7937812
459.7707 .7706713
458.7827 .7499905
457.7867 .729488
456.7663 .7084572
455.7578 .6870478
454.7555 .665091
453.7582 .6441615
452.7719 .6248354
451.7787 .6038852
450.7697 .5818867
449.7528 .5580587
448.7506 .5318902
447.7369 .5093841
446.7491 .4882216
445.7601 .4728361
444.7429 .4600442
443.7307 .4435949
442.6989 .4279089
441.6671 .4048094
440.6527 .3808238
439.6738 .3582259
438.6949 .3343165
437.6982 .3096838
436.7137 .2845617
435.699 .259644
434.697 .2457736
433.7219 .2426066
432.726 .2404609
431.7358 .2377937
430.7324 .2219265
429.7304 .1978794
428.7123 .1721362
427.7107 .1464207
426.7044 .1216875
425.6794 9.632796E-02
424.681 7.319906E-02
423.6741 5.229557E-02
422.6858 3.456514E-02
421.7112 2.086972E-02
420.7421 8.508316E-03
419.7615 -5.623701E-03
418.7625 -1.985534E-02
417.7527 -3.540801E-02
416.7424 -5.259529E-02
415.7215 -6.683818E-02
414.7131 -7.974272E-02
413.7293 -9.543486E-02
412.7178 -.1057917
411.7321 -.119501
410.765 -.1326152
409.7601 -.1412829
408.7697 -.1533723
407.7992 -.161943
406.8007 -.1729132
405.8027 -.1831913
404.8197 -.1912206
403.7927 -.200188
402.7778 -.2066095
401.7805 -.21215
400.7589 -.2171856
399.765 -.2208316
398.7443 -.2233021
397.7332 -.2271639
396.7363 -.2305726
395.7338 -.2318798
394.758 -.2323467
393.7541 -.2316927
392.7527 -.2339033
391.7469 -.2351542
390.7376 -.2376698
389.7608 -.2390029
388.7738 -.2392706
387.7573 -.2451369
386.7365 -.2533022
385.7184 -.2615852
384.7144 -.2669162
383.7249 -.2672445
382.7491 -.266904
381.7581 -.2695158
380.7655 -.2759719
379.7509 -.2853673
378.7415 -.2929115
377.7216 -.3000901
376.7097 -.3066407
375.7407 -.311982
374.7251 -.3165263
373.7416 -.3170201
372.741 -.3154877
371.7285 -.3140229
370.7436 -.3126178
369.7557 -.3133299
368.7489 -.315926
367.754 -.3183151
366.7587 -.3203708
365.7273 -.3218356
364.7245 -.3229002
363.7274 -.3233212
362.7363 -.3245019
361.75 -.3264085
360.7358 -.3281878
359.7193 -.3289545
358.7193 -.3288011
357.7404 -.327364
356.7753 -.3251473
355.7857 -.3243434
354.7665 -.3236712
353.7487 -.3245859
352.7252 -.327733
351.711 -.3293044
350.7063 -.331237
349.7121 -.3309087
348.7296 -.3299558
347.7343 -.3299887
346.7343 -.3296604
345.7128 -.3310066
344.7058 -.3301447
343.7347 -.3292507
342.7477 -.3292819
341.7794 -.3285326
340.8031 -.3299324
339.7709 -.3335283
338.7621 -.3348103
337.7726 -.3366857
336.7363 -.3382944
335.7422 -.3390532
334.7539 -.342552
333.7438 -.3464891
332.7563 -.3499567
331.7682 -.3522358
330.7684 -.3535872
329.7872 -.3549913
328.799 -.3549333
327.8033 -.3543806
326.8212 -.3546379
325.7935 -.3539726
324.8004 -.3552226
323.7918 -.3576698
322.7927 -.3595651
321.7926 -.3627174
320.8071 -.3649844
319.8185 -.3674229
318.827 -.3692048
317.8231 -.3710568
316.821 -.3700866
315.8205 -.3695132
314.8034 -.3686261
313.8088 -.3668945
312.7873 -.3679808
311.8003 -.3653067
310.8114 -.363517
309.8293 -.3624073
308.8506 -.3613409
307.8604 -.3644023
306.8746 -.3675502
305.8861 -.3697696
304.8863 -.3734745
303.8602 -.3763973
302.8171 -.3788947
301.8046 -.3814977
300.7839 -.3817611
299.7913 -.3809364
298.8275 -.3806168
297.8093 -.3805925
296.8194 -.3818962
295.809 -.3842126
294.7722 -.3869162
293.7824 -.388847
292.7869 -.3889414
291.7924 -.3884867
290.8142 -.3881254
289.8212 -.3900979
288.7997 -.3944725
287.8011 -.399916
286.7992 -.4048311
285.7814 -.4083524
284.7809 -.4110308
283.7733 -.4118529
282.7793 -.4133065
281.7799 -.413588
280.8033 -.4131428
279.8336 -.4132077
278.8377 -.4125451
277.8475 -.4143451
276.8616 -.4155371
275.8408 -.418595
274.8297 -.4206029
273.8498 -.4208723
272.8261 -.4223025
271.8347 -.4233333
270.8438 -.4284035
269.7975 -.4335967
268.8116 -.4399013
267.8097 -.4458411
266.8023 -.4486131
265.8061 -.4527529
264.7687 -.45533
263.751 -.4574775
262.749 -.4598978
261.7648 -.4610239
260.8051 -.4625043
259.8148 -.4630137
258.8003 -.4662638
257.8307 -.4691494
256.8239 -.4733203
255.8194 -.4763973
254.8492 -.476898
253.8395 -.4791389
252.8458 -.4812301
251.8459 -.4860759
250.8337 -.4940029
249.8118 -.5015237
248.8022 -.5094161
247.8113 -.515525
246.8004 -.5199835
245.7955 -.524573
244.7989 -.5277789
243.7891 -.5331904
242.7992 -.5373094
241.8041 -.5405544
240.8044 -.5468555
239.8261 -.5515618
238.8173 -.5567082
237.8324 -.5629781
236.814 -.5687596
235.803 -.5736495
234.8187 -.5803439
233.8049 -.587714
232.8239 -.5930865
231.8203 -.6005068
230.8071 -.6096613
229.8257 -.6150857
228.8382 -.6230189
227.836 -.6319369
226.8499 -.6373284
225.8523 -.6478127
224.8433 -.6539397
223.8405 -.6629816
222.8378 -.6733965
221.8106 -.6817905
220.7998 -.6938626
219.7922 -.7007657
218.8069 -.7102772
217.8326 -.7197202
216.8434 -.730777
215.8768 -.7440367
214.8732 -.7556272
213.8724 -.7683706
212.8728 -.7787648
211.8569 -.7920409
210.851 -.8049887
209.8653 -.8159277
208.8532 -.828912
207.8649 -.8392983
206.8781 -.850175
205.8665 -.864197
204.8812 -.8783315
203.8844 -.8938938
202.8869 -.9095989
201.9026 -.9259416
