-800.0759 -11.07286
-799.8318 -11.05302
-799.3413 -11.02259
-798.5757 -10.97903
-797.5441 -10.9246
-796.5383 -10.88325
-795.5342 -10.84377
-794.5513 -10.80709
-793.575 -10.77286
-792.5697 -10.737
-791.575 -10.6994
-790.5914 -10.66275
-789.6049 -10.62426
-788.6279 -10.5864
-787.6353 -10.54887
-786.6291 -10.50976
-785.6216 -10.47171
-784.59 -10.43373
-783.5688 -10.39864
-782.5707 -10.36615
-781.5801 -10.33389
-780.6022 -10.3019
-779.6169 -10.2694
-778.6083 -10.23606
-777.6011 -10.20206
-776.5977 -10.16781
-775.601 -10.13307
-774.6022 -10.09862
-773.5699 -10.06529
-772.5638 -10.03229
-771.5356 -9.998255
-770.5352 -9.967989
-769.5796 -9.939661
-768.577 -9.91226
-767.5975 -9.885379
-766.6033 -9.856519
-765.5811 -9.825655
-764.597 -9.794914
-763.6032 -9.764162
-762.6117 -9.733689
-761.6312 -9.702739
-760.6286 -9.669461
-759.6387 -9.637135
-758.6328 -9.606069
-757.6177 -9.57794
-756.618 -9.553268
-755.6095 -9.528215
-754.6129 -9.501534
-753.6243 -9.473841
-752.6315 -9.445909
-751.6436 -9.418846
-750.6627 -9.391937
-749.6558 -9.363625
-748.6528 -9.334693
-747.6284 -9.304917
-746.5964 -9.276797
-745.5975 -9.250576
-744.6003 -9.224995
-743.5896 -9.201223
-742.6109 -9.177465
-741.6198 -9.153398
-740.6177 -9.129023
-739.6436 -9.104067
-738.6541 -9.077897
-737.6649 -9.050308
-736.6693 -9.022343
-735.6574 -8.995937
-734.6458 -8.970123
-733.6256 -8.947386
-732.6257 -8.925576
-731.6533 -8.901923
-730.6578 -8.878668
-729.6757 -8.855722
-728.691 -8.831305
-727.6647 -8.80666
-726.6473 -8.781553
-725.6255 -8.753886
-724.6048 -8.728193
-723.6052 -8.703585
-722.6082 -8.678361
-721.6234 -8.653296
-720.6056 -8.629175
-719.611 -8.607932
-718.6114 -8.58793
-717.6001 -8.567697
-716.6116 -8.546589
-715.6155 -8.522944
-714.6088 -8.498448
-713.6072 -8.476234
-712.6381 -8.453973
-711.6465 -8.431727
-710.6614 -8.408878
-709.6738 -8.384645
-708.6508 -8.360856
-707.6214 -8.338591
-706.5983 -8.320266
-705.5983 -8.302601
-704.6008 -8.284584
-703.6306 -8.26528
-702.6752 -8.245096
-701.6739 -8.223399
-700.6937 -8.201958
-699.6898 -8.180286
-698.6696 -8.156324
-697.6598 -8.135027
-696.6227 -8.114004
-695.6282 -8.093745
-694.6235 -8.074533
-693.6399 -8.055557
-692.6707 -8.037469
-691.6659 -8.019081
-690.6941 -7.999735
-689.6995 -7.979307
-688.7 -7.956182
-687.7192 -7.933907
-686.7023 -7.912334
-685.6872 -7.890226
-684.6929 -7.873726
-683.6954 -7.852496
-682.6889 -7.83174
-681.7129 -7.812967
-680.7063 -7.792799
-679.6961 -7.774858
-678.7111 -7.758099
-677.7192 -7.738405
-676.7159 -7.715901
-675.7041 -7.695503
-674.68 -7.672716
-673.6752 -7.654116
-672.6871 -7.63338
-671.7014 -7.615883
-670.7213 -7.596921
-669.7033 -7.578934
-668.6949 -7.564364
-667.6836 -7.546188
-666.6759 -7.526572
-665.6868 -7.504621
-664.6951 -7.478193
-663.6997 -7.449989
-662.7083 -7.429753
-661.704 -7.4084
-660.6923 -7.388931
-659.6976 -7.371031
-658.7075 -7.350489
-657.7225 -7.332816
-656.713 -7.317384
-655.7181 -7.303826
-654.7068 -7.288238
-653.7022 -7.27056
-652.7159 -7.254313
-651.7255 -7.237124
-650.72 -7.220669
-649.7184 -7.204379
-648.7228 -7.185563
-647.7142 -7.166364
-646.7141 -7.148224
-645.7103 -7.130798
-644.7035 -7.114953
-643.6875 -7.099515
-642.6866 -7.086186
-641.6836 -7.072437
-640.678 -7.057222
-639.6979 -7.043049
-638.6934 -7.025772
-637.6825 -7.006021
-636.6862 -6.988889
-635.6773 -6.971733
-634.6753 -6.954826
-633.6769 -6.941799
-632.6818 -6.927236
-631.6918 -6.912226
-630.6895 -6.898667
-629.7107 -6.884399
-628.6994 -6.86996
-627.6862 -6.853591
-626.6824 -6.836221
-625.6713 -6.818613
-624.676 -6.80021
-623.6557 -6.784983
-622.6631 -6.769013
-621.6588 -6.751039
-620.6487 -6.736435
-619.6662 -6.721414
-618.6495 -6.708823
-617.6479 -6.697351
-616.6655 -6.683909
-615.6564 -6.669188
-614.6705 -6.653704
-613.6758 -6.638317
-612.6788 -6.623575
-611.6891 -6.609082
-610.7035 -6.592857
-609.7198 -6.577047
-608.7067 -6.560397
-607.7194 -6.546568
-606.7241 -6.534965
-605.702 -6.524099
-604.7047 -6.513456
-603.6854 -6.500983
-602.6815 -6.487848
-601.6927 -6.474605
-600.7311 -6.461068
-599.7557 -6.446573
-598.7608 -6.431658
-597.7566 -6.416212
-596.7314 -6.403114
-595.7183 -6.389795
-594.71 -6.377681
-593.7133 -6.365519
-592.7193 -6.352688
-591.7429 -6.340296
-590.7632 -6.327161
-589.7898 -6.314413
-588.818 -6.299644
-587.7893 -6.284404
-586.7755 -6.268844
-585.7518 -6.254035
-584.7004 -6.239714
-583.7163 -6.227307
-582.7363 -6.215675
-581.752 -6.203267
-580.7939 -6.193296
-579.7823 -6.181905
-578.7494 -6.171298
-577.7488 -6.158529
-576.7361 -6.14346
-575.7633 -6.128796
-574.7843 -6.113907
-573.7662 -6.100717
-572.7663 -6.087084
-571.7525 -6.072598
-570.7325 -6.058546
-569.7416 -6.047525
-568.7335 -6.037984
-567.71 -6.029672
-566.7245 -6.020302
-565.7014 -6.009426
-564.6902 -5.997376
-563.7299 -5.984939
-562.7477 -5.973848
-561.7778 -5.961178
-560.8033 -5.947749
-559.7845 -5.934139
-558.7888 -5.919501
-557.7924 -5.907401
-556.801 -5.898535
-555.8046 -5.889768
-554.7756 -5.880627
-553.7872 -5.87025
-552.775 -5.859685
-551.787 -5.848731
-550.8029 -5.83817
-549.815 -5.827524
-548.8056 -5.814077
-547.7861 -5.80116
-546.7826 -5.78813
-545.7552 -5.776112
-544.7449 -5.765966
-543.7596 -5.756863
-542.7616 -5.749693
-541.7482 -5.740573
-540.7574 -5.731598
-539.7485 -5.721688
-538.7555 -5.709903
-537.77 -5.698771
-536.778 -5.686011
-535.7847 -5.673884
-534.7733 -5.662213
-533.7776 -5.651722
-532.789 -5.641506
-531.8083 -5.631905
-530.817 -5.624204
-529.8185 -5.614842
-528.8052 -5.604707
-527.7874 -5.593718
-526.8094 -5.579251
-525.8156 -5.568093
-524.8238 -5.556466
-523.824 -5.546367
-522.8083 -5.537127
-521.8106 -5.525625
-520.8307 -5.516752
-519.832 -5.507972
-518.8364 -5.499599
-517.8223 -5.490249
-516.8012 -5.478436
-515.7643 -5.470003
-514.7563 -5.460968
-513.7694 -5.452824
-512.755 -5.445424
-511.7954 -5.432707
-510.7926 -5.422774
-509.7659 -5.412003
-508.766 -5.40343
-507.7621 -5.395156
-506.7573 -5.385695
-505.7887 -5.379125
-504.8128 -5.37134
-503.8065 -5.363981
-502.8028 -5.354441
-501.7654 -5.343872
-500.7683 -5.333217
-499.7695 -5.322595
-498.7766 -5.314429
-497.8047 -5.304066
-496.7732 -5.292718
-495.7802 -5.281998
-494.7995 -5.272974
-493.8266 -5.263984
-492.8413 -5.258183
-491.8328 -5.251827
-490.7982 -5.241868
-489.7811 -5.233512
-488.782 -5.223058
-487.7839 -5.215009
-486.8325 -5.206841
-485.8315 -5.197804
-484.8466 -5.188046
-483.8597 -5.175117
-482.8363 -5.165403
-481.8378 -5.157625
-480.8321 -5.150953
-479.8319 -5.145562
-478.8355 -5.137617
-477.8182 -5.130354
-476.816 -5.122838
-475.8018 -5.114411
-474.8144 -5.10638
-473.8424 -5.096094
-472.8463 -5.085078
-471.8336 -5.074999
-470.8168 -5.066422
-469.778 -5.059
-468.759 -5.053458
-467.7635 -5.048108
-466.7556 -5.041273
-465.7732 -5.032712
-464.7707 -5.022751
-463.7646 -5.012928
-462.7582 -5.001386
-461.7491 -4.992231
-460.7592 -4.983382
-459.7981 -4.973817
-458.7979 -4.966498
-457.8142 -4.958126
-456.8439 -4.950043
-455.83 -4.943233
-454.8597 -4.93693
-453.8592 -4.929396
-452.8371 -4.920844
-451.8114 -4.910486
-450.7768 -4.900059
-449.7659 -4.890772
-448.7741 -4.882679
-447.8102 -4.876059
-446.8327 -4.866385
-445.8423 -4.856581
-444.8464 -4.848433
-443.8107 -4.840182
-442.7906 -4.833872
-441.8063 -4.829512
-440.8011 -4.822198
-439.8283 -4.81444
-438.8499 -4.806273
-437.812 -4.796977
-436.8052 -4.789625
-435.7935 -4.782034
-434.7899 -4.775367
-433.812 -4.768346
-432.8052 -4.759388
-431.8203 -4.751279
-430.8152 -4.744714
-429.8043 -4.73778
-428.8237 -4.733062
-427.8087 -4.725522
-426.8091 -4.716535
-425.8084 -4.707322
-424.7878 -4.697027
-423.7853 -4.688923
-422.7731 -4.680948
-421.7688 -4.671296
-420.7725 -4.661675
-419.7593 -4.65288
-418.7782 -4.645694
-417.8008 -4.641201
-416.7805 -4.635907
-415.8115 -4.630404
-414.8057 -4.622005
-413.7704 -4.612896
-412.7733 -4.606746
-411.7865 -4.599391
-410.7928 -4.592353
-409.8141 -4.584584
-408.8393 -4.573489
-407.8114 -4.565639
-406.7703 -4.560075
-405.7618 -4.554945
-404.7543 -4.550987
-403.7533 -4.544802
-402.7895 -4.538242
-401.8204 -4.531144
-400.8267 -4.523586
-399.8445 -4.515845
-398.87 -4.506368
-397.8411 -4.498521
-396.8497 -4.491979
-395.8363 -4.484852
-394.8073 -4.478177
-393.8219 -4.472209
-392.8128 -4.464739
-391.822 -4.458753
-390.8501 -4.45295
-389.844 -4.445367
-388.8498 -4.438391
-387.8373 -4.428734
-386.8306 -4.419643
-385.829 -4.410706
-384.8177 -4.402314
-383.8262 -4.395695
-382.8165 -4.387491
-381.8261 -4.380253
-380.8495 -4.374803
-379.8636 -4.369686
-378.8661 -4.36571
-377.8909 -4.361725
-376.8791 -4.351348
-375.8744 -4.342132
-374.8896 -4.334136
-373.8471 -4.32425
-372.8512 -4.31727
-371.8577 -4.311188
-370.8574 -4.302778
-369.8909 -4.296169
-368.9089 -4.293522
-367.9233 -4.287745
-366.9236 -4.2825
-365.8927 -4.275923
-364.8841 -4.268712
-363.8651 -4.260963
-362.8417 -4.253062
-361.8602 -4.248017
-360.8525 -4.240883
-359.8704 -4.234481
-358.9057 -4.228156
-357.9069 -4.218052
-356.9154 -4.20956
-355.9081 -4.202641
-354.8886 -4.197001
-353.8935 -4.193068
-352.8873 -4.185237
-351.8777 -4.177354
-350.8821 -4.168669
-349.8636 -4.159592
-348.8589 -4.154353
-347.8651 -4.147388
-346.856 -4.139826
-345.8687 -4.131931
-344.8791 -4.124253
-343.8723 -4.11782
-342.8721 -4.113426
-341.8631 -4.109181
-340.8456 -4.103584
-339.848 -4.097214
-338.8456 -4.089095
-337.8669 -4.083335
-336.8802 -4.076666
-335.8864 -4.070931
-334.8888 -4.064337
-333.8958 -4.054481
-332.8945 -4.048228
-331.8857 -4.04208
-330.8711 -4.038105
-329.8641 -4.034917
-328.8807 -4.029813
-327.9036 -4.023505
-326.949 -4.016468
-325.9515 -4.009265
-324.949 -4.001365
-323.9318 -3.992872
-322.9073 -3.984112
-321.8988 -3.976314
-320.8891 -3.96913
-319.8903 -3.963447
-318.8873 -3.958428
-317.8837 -3.953164
-316.8773 -3.947787
-315.8789 -3.94207
-314.8862 -3.935221
-313.8879 -3.927743
-312.8856 -3.91872
-311.8664 -3.909495
-310.8286 -3.900906
-309.7985 -3.893972
-308.7873 -3.887548
-307.8039 -3.879217
-306.8282 -3.872033
-305.8777 -3.86573
-304.8777 -3.860111
-303.8882 -3.857225
-302.8959 -3.85311
-301.8747 -3.846125
-300.8973 -3.83955
-299.9005 -3.831664
-298.8937 -3.8242
-297.9122 -3.817365
-296.9085 -3.80852
-295.9013 -3.798909
-294.9122 -3.789868
-293.9038 -3.782384
-292.9084 -3.777931
-291.902 -3.774298
-290.8817 -3.769622
-289.8672 -3.763271
-288.8686 -3.755724
-287.8693 -3.748793
-286.9088 -3.740589
-285.9176 -3.732256
-284.9146 -3.724545
-283.918 -3.714245
-282.8967 -3.706488
-281.9036 -3.700745
-280.9045 -3.693697
-279.8978 -3.688808
-278.892 -3.683986
-277.9057 -3.677329
-276.9094 -3.671302
-275.9382 -3.664592
-274.9665 -3.655679
-273.9518 -3.645895
-272.9403 -3.634636
-271.9333 -3.625239
-270.9168 -3.616375
-269.8955 -3.609359
-268.9133 -3.604053
-267.9042 -3.597756
-266.8916 -3.591408
-265.9386 -3.584887
-264.9309 -3.577348
-263.9221 -3.568014
-262.9341 -3.559086
-261.8963 -3.548798
-260.8665 -3.538297
-259.8457 -3.528698
-258.8285 -3.519752
-257.8602 -3.508533
-256.8816 -3.498157
-255.9219 -3.489691
-254.9431 -3.481377
-253.9142 -3.474847
-252.9092 -3.467784
-251.8974 -3.458991
-250.888 -3.447762
-249.9077 -3.43827
-248.9213 -3.427763
-247.92 -3.417899
-246.9327 -3.406703
-245.9219 -3.39377
-244.9257 -3.381997
-243.9137 -3.369911
-242.9206 -3.3622
-241.9268 -3.354691
-240.9245 -3.346668
-239.9354 -3.337333
-238.9353 -3.326459
-237.9353 -3.314692
-236.9393 -3.303612
-235.9388 -3.291302
-234.9195 -3.276813
-233.9094 -3.262568
-232.9046 -3.249136
-231.9058 -3.238055
-230.9065 -3.22811
-229.8996 -3.218307
-228.9172 -3.207223
-227.9211 -3.193913
-226.9456 -3.179664
-225.9687 -3.164579
-224.9601 -3.146917
-223.9671 -3.130677
-222.9556 -3.112873
-221.9368 -3.095118
-220.9314 -3.078019
-219.9135 -3.057574
-218.8908 -3.041907
-217.9132 -3.026403
-216.9336 -3.009839
-215.9421 -2.994502
-214.9656 -2.975131
-213.954 -2.9523
-212.9218 -2.93041
-211.9118 -2.908223
-210.9011 -2.881795
-209.8839 -2.861981
-208.8867 -2.840477
-207.8907 -2.820254
-206.9009 -2.802794
-205.9093 -2.780364
-204.9276 -2.759513
-203.9282 -2.734393
-202.9318 -2.707742
-201.9169 -2.681329
-200.9211 -2.652355
-199.9261 -2.624505
-198.9296 -2.59835
-197.9536 -2.569484
-196.9256 -2.538914
-195.9254 -2.504877
-194.9158 -2.469769
-193.9295 -2.43468
-192.936 -2.401549
-191.9566 -2.370156
-190.9724 -2.336658
-189.9591 -2.298804
-188.9742 -2.262635
-187.9841 -2.225115
-186.9574 -2.183903
-185.9708 -2.144886
-184.9629 -2.098612
-183.9065 -2.047152
-182.9102 -1.997369
-181.889 -1.946058
-180.9053 -1.896689
-179.9376 -1.84978
-178.9607 -1.803724
-177.9854 -1.755798
-176.9758 -1.70258
-175.9852 -1.649185
-174.9826 -1.590999
-173.9749 -1.524808
-172.9718 -1.46105
-171.9614 -1.391998
-170.9548 -1.320622
-169.9601 -1.254217
-168.9666 -1.186785
-167.9796 -1.120683
-166.9891 -1.055153
-165.9915 -.984754
-165.0084 -.9101508
-163.9992 -.8280362
-163.0082 -.7422584
-162.0187 -.6563436
-161.0049 -.5662352
-160.0097 -.4801611
-158.99 -.3933775
-157.9549 -.2985802
-156.9532 -.2093858
-155.933 -.1181176
-154.9209 -2.407137E-02
-153.9401 6.725225E-02
-152.9421 .1667767
-151.9777 .2710655
-151.005 .3752105
-150.0099 .4811668
-149.0318 .5818781
-148.0327 .6809979
-147.0314 .7853257
-146.0233 .8927417
-144.9739 1.01205
-143.9499 1.131057
-142.9405 1.248754
-141.9632 1.366525
-141.0012 1.475941
-140.0189 1.589358
-139.0209 1.703732
-138.0005 1.812857
-137.0005 1.926266
-136.0018 2.04219
-135.0073 2.156933
-134.0165 2.28349
-133.0161 2.409984
-131.9882 2.533575
-130.9733 2.654075
-129.975 2.764501
-128.9719 2.87092
-128.0016 2.973057
-127.0324 3.079998
-126.0276 3.193492
-125.0234 3.304608
-124.0181 3.423282
-123.0173 3.543667
-122.0138 3.654051
-121.0179 3.769314
-120.0031 3.879168
-118.9838 3.979394
-117.9752 4.079093
-116.9833 4.17175
-116.0175 4.261828
-115.0048 4.352696
-114.0206 4.448321
-112.997 4.549401
-111.9629 4.644397
-110.9854 4.736688
-109.9912 4.824916
-108.993 4.899179
-107.9956 4.975215
-106.9774 5.052906
-105.949 5.119999
-104.9519 5.188295
-103.9322 5.254508
-102.9292 5.313056
-101.942 5.373323
-100.9297 5.432446
-99.94697 5.486857
-98.96558 5.534192
-97.99384 5.575905
-97.01025 5.617654
-96.0217 5.657389
-95.02689 5.701364
-93.984 5.749301
-92.97826 5.787543
-91.98045 5.820015
-90.96835 5.849412
-90.00218 5.866769
-89.01252 5.885092
-88.02072 5.903934
-87.03149 5.9179
-86.02808 5.935036
-85.04471 5.949893
-84.04659 5.965957
-83.02908 5.980855
-82.01427 5.991571
-80.99852 6.002905
-79.97633 6.002353
-78.9821 5.995625
-77.98963 5.988631
-76.99677 5.975805
-76.01781 5.966688
-75.02523 5.962217
-74.02457 5.955336
-73.00111 5.950582
-72.01088 5.93977
-71.00726 5.924168
-70.0258 5.906613
-69.03954 5.887461
-68.02274 5.87191
-67.04075 5.851878
-66.02156 5.831041
-65.03547 5.806014
-64.0499 5.78155
-63.04025 5.760197
-62.04687 5.741088
-61.03276 5.718244
-60.02715 5.691653
-59.02501 5.665353
-58.02569 5.632866
-57.03732 5.605692
-56.01892 5.576552
-55.00715 5.54944
-53.99759 5.516453
-52.98184 5.483396
-51.98501 5.451382
-50.99503 5.414877
-50.00041 5.384748
-49.00146 5.356087
-48.01583 5.326285
-47.0313 5.294982
-46.01904 5.26439
-45.02249 5.228136
-44.01606 5.192503
-42.98498 5.158006
-42.00152 5.11974
-41.00974 5.083536
-40.02256 5.046622
-39.02336 5.012326
-38.00385 4.980004
-36.98083 4.948647
-35.94974 4.917056
-34.95329 4.882162
-33.96318 4.845825
-32.98839 4.810821
-32.0065 4.777226
-31.0083 4.743101
-29.99287 4.710731
-28.98078 4.675107
-27.95993 4.638748
-26.96095 4.603655
-25.98096 4.568459
-24.98565 4.53659
-24.01649 4.503947
-23.02358 4.471091
-22.026 4.438868
-21.01798 4.407117
-20.00489 4.378452
-19.00104 4.349765
-17.99194 4.317736
-16.97291 4.287227
-15.95864 4.252112
-14.95359 4.219371
-13.96477 4.188487
-13.01902 4.154608
-12.02978 4.12431
-11.01905 4.093919
-10.01131 4.064743
-8.970182 4.038691
-7.961399 4.012301
-6.984431 3.984375
-5.959186 3.957112
-4.936897 3.927607
-3.971519 3.893596
-2.980798 3.861991
-2.029834 3.831316
-1.07816 3.801172
-9.050986E-02 3.776312
.890949 3.75308
1.877774 3.729661
2.865655 3.705048
3.873531 3.680787
4.87812 3.654673
5.889166 3.628139
6.895687 3.605337
7.902952 3.581243
8.894185 3.556124
9.881901 3.530857
10.87657 3.506743
11.87028 3.483284
12.86045 3.462219
13.85814 3.44248
14.86892 3.42084
15.84743 3.398684
16.86221 3.377369
17.86485 3.358002
18.82894 3.335986
19.82737 3.315539
20.83653 3.293332
21.85794 3.269116
22.88849 3.247175
23.89678 3.2258
24.88755 3.205693
25.8569 3.183764
26.82567 3.163447
27.8245 3.144625
28.80159 3.126942
29.79458 3.111695
30.81104 3.096302
31.8167 3.076352
32.84091 3.0549
33.87872 3.034863
34.87465 3.012802
35.86693 2.993977
36.86108 2.976249
37.8221 2.958526
38.79258 2.942844
39.78946 2.929913
40.78503 2.916989
41.787 2.90318
42.82317 2.888505
43.81523 2.872259
44.81485 2.855721
45.8148 2.838052
46.81886 2.823606
47.81764 2.807099
48.79988 2.791817
49.8033 2.778081
50.7829 2.764706
51.79988 2.753767
52.82478 2.742748
53.83504 2.731217
54.84489 2.717647
55.82993 2.704894
56.79963 2.690716
57.79939 2.67812
58.76806 2.664265
59.77261 2.651547
60.79335 2.641208
61.80017 2.629754
62.82626 2.620246
63.8317 2.608668
64.82507 2.59621
65.82212 2.585764
66.81353 2.576067
67.81808 2.567915
68.81228 2.559391
69.79478 2.5479
70.80009 2.536892
71.791 2.524235
72.80377 2.512293
73.81679 2.503572
74.80237 2.494114
75.7776 2.483747
76.75302 2.474083
77.74122 2.465116
78.75434 2.457942
79.78236 2.453662
80.79366 2.447075
81.79526 2.438853
82.78674 2.43013
83.77158 2.420894
84.77848 2.413414
85.76141 2.404239
86.75386 2.394887
87.75542 2.386014
88.75437 2.378724
89.75005 2.371718
90.74338 2.363015
91.76221 2.355839
92.7641 2.346471
93.78147 2.342171
94.8075 2.338125
95.7969 2.333094
96.78776 2.325366
97.80797 2.318584
98.80622 2.314338
99.81149 2.307278
100.8158 2.304599
101.7912 2.296621
102.7947 2.289832
103.8098 2.284917
104.832 2.278928
105.8345 2.275329
106.826 2.268614
107.8044 2.262064
108.7643 2.254688
109.753 2.248525
110.7675 2.246242
111.7801 2.243615
112.8124 2.242754
113.8384 2.240793
114.8272 2.235836
115.8032 2.230491
116.8008 2.229362
117.7731 2.226804
118.7349 2.22354
119.7432 2.220335
120.7298 2.214557
121.7503 2.209495
122.785 2.207678
123.7658 2.207011
124.7797 2.204964
125.7714 2.201798
126.747 2.197017
127.7505 2.194536
128.7265 2.193911
129.7216 2.198368
130.7227 2.19872
131.7387 2.196609
132.7527 2.194109
133.7472 2.188468
134.7595 2.188141
135.7512 2.187183
136.741 2.187056
137.735 2.188139
138.7174 2.188304
139.7218 2.191376
140.7249 2.195534
141.7403 2.19921
142.7565 2.202813
143.7538 2.20497
144.7572 2.203975
145.755 2.203424
146.7497 2.201997
147.7376 2.203631
148.7477 2.206745
149.747 2.209724
150.7662 2.216808
151.8167 2.22126
152.8158 2.22591
153.8381 2.230664
154.8271 2.232347
155.7918 2.234478
156.7758 2.236439
157.7355 2.236645
158.7267 2.237878
159.7101 2.238992
160.7277 2.242949
161.7562 2.249331
162.7699 2.252193
163.7711 2.256636
164.7552 2.257955
165.7218 2.258921
166.7155 2.264261
167.737 2.269354
168.7383 2.271943
169.7587 2.274738
170.7607 2.274732
171.7669 2.273179
172.7657 2.275655
173.7775 2.278556
174.8001 2.283175
175.7862 2.284758
176.7681 2.286315
177.775 2.289304
178.7405 2.291238
179.7342 2.299208
180.7458 2.303456
181.7247 2.303819
182.7306 2.304068
183.742 2.302007
184.7455 2.300987
185.7331 2.300905
186.7381 2.301339
187.7218 2.302525
188.7155 2.303579
189.7247 2.306231
190.7185 2.309569
191.7311 2.311071
192.7434 2.312665
193.7481 2.313293
194.7428 2.309809
195.7213 2.306544
196.7191 2.303946
197.7157 2.300797
198.7332 2.300772
199.7665 2.302871
200.7902 2.304129
201.7868 2.304866
202.7987 2.304113
203.7802 2.301864
204.7453 2.298442
205.7561 2.297182
206.7324 2.295489
207.7271 2.29168
208.718 2.287902
209.7043 2.284724
210.699 2.282343
211.7033 2.282039
212.7206 2.283538
213.7457 2.281597
214.75 2.278358
215.7446 2.27536
216.7402 2.273289
217.7004 2.271659
218.685 2.269629
219.6862 2.266054
220.6893 2.260556
221.7117 2.254761
222.7187 2.251572
223.7163 2.248309
224.7113 2.245671
225.712 2.242443
226.7151 2.237201
227.7154 2.233809
228.7141 2.231551
229.7028 2.231597
230.7088 2.22845
231.7326 2.225197
232.7315 2.218336
233.729 2.211147
234.7016 2.208004
235.6634 2.203619
236.6439 2.201635
237.6301 2.19847
238.6376 2.197411
239.644 2.194938
240.6604 2.195631
241.6721 2.193376
242.6544 2.191128
243.6412 2.189243
244.6247 2.18442
245.6203 2.181119
246.646 2.17726
247.6613 2.175561
248.6826 2.176836
249.6813 2.180871
250.668 2.182762
251.6768 2.181002
252.6795 2.179493
253.6661 2.17484
254.6702 2.168993
255.6679 2.16983
256.6678 2.166059
257.7007 2.165947
258.7187 2.167158
259.7189 2.163705
260.7068 2.162034
261.6752 2.15914
262.6533 2.158964
263.6395 2.160148
264.6464 2.162764
265.6683 2.163973
266.684 2.164066
267.7051 2.1642
268.6883 2.160648
269.6835 2.159259
270.6683 2.159104
271.644 2.158815
272.6196 2.16113
273.6377 2.165076
274.6466 2.167747
275.66 2.172866
276.7102 2.178261
277.684 2.18065
278.6929 2.183704
279.7053 2.18376
280.6992 2.183952
281.7018 2.184647
282.6965 2.184487
283.6865 2.18545
284.653 2.187099
285.6544 2.191577
286.6486 2.19741
287.6205 2.202665
288.6489 2.207932
289.6698 2.212157
290.6529 2.215554
291.6688 2.221364
292.6714 2.226226
293.633 2.228501
294.6717 2.231804
295.6822 2.232682
296.67 2.234248
297.7158 2.239052
298.7182 2.242769
299.7076 2.247018
300.7096 2.251726
301.6948 2.256908
302.6891 2.265162
303.7156 2.274053
304.7335 2.282441
305.7335 2.288079
306.7223 2.290856
307.7213 2.293897
308.7171 2.297924
309.7047 2.302459
310.6888 2.308086
311.6637 2.314365
312.6469 2.320112
313.6339 2.328223
314.6402 2.337344
315.6602 2.348009
316.6688 2.357316
317.6805 2.365613
318.6742 2.372739
319.6464 2.376332
320.6275 2.380894
321.633 2.388102
322.6464 2.393655
323.66 2.401803
324.6808 2.413229
325.6797 2.42312
326.6851 2.435457
327.6986 2.447941
328.6977 2.457018
329.6999 2.464879
330.6906 2.473593
331.6763 2.480192
332.6571 2.487966
333.6385 2.496629
334.6367 2.506766
335.6099 2.518678
336.6244 2.531066
337.6259 2.545372
338.6235 2.556073
339.654 2.567791
340.6566 2.581328
341.6638 2.59482
342.6447 2.60808
343.6483 2.619465
344.6487 2.629183
345.6482 2.639231
346.6652 2.652052
347.636 2.666795
348.6308 2.682414
349.6302 2.69466
350.6233 2.707001
351.6576 2.71942
352.6745 2.733073
353.6927 2.752406
354.7126 2.769686
355.7 2.785289
356.6956 2.798939
357.6853 2.809863
358.6739 2.823427
359.6639 2.839181
360.6398 2.853362
361.6302 2.869501
362.6157 2.884571
363.6036 2.900262
364.6114 2.920722
365.6241 2.93904
366.6434 2.960101
367.6687 2.979158
368.6705 2.996156
369.6604 3.013906
370.6596 3.029097
371.6396 3.047547
372.6361 3.068266
373.6383 3.088959
374.6404 3.113582
375.653 3.139458
376.6719 3.163224
377.6718 3.189666
378.6905 3.213964
379.7088 3.236857
380.6912 3.259713
381.6886 3.280876
382.6618 3.302582
383.6226 3.324449
384.6313 3.350971
385.6439 3.381849
386.6505 3.41113
387.6642 3.438133
388.6426 3.466448
389.603 3.488831
390.5828 3.51712
391.5831 3.551717
392.5744 3.581737
393.5993 3.615996
394.5937 3.648231
395.589 3.679135
396.5905 3.711171
397.5936 3.74712
398.6179 3.78549
399.603 3.821393
400.6171 3.858119
401.6288 3.895801
402.6334 3.930853
403.6877 3.972192
404.698 4.019153
405.6753 4.058527
406.6863 4.103494
407.6549 4.143178
408.6619 4.18434
409.6886 4.231104
410.6663 4.274228
411.6807 4.323095
412.6652 4.368844
413.6379 4.416514
414.6497 4.470711
415.6351 4.524995
416.6452 4.580769
417.6771 4.639679
418.6961 4.692716
419.7057 4.744774
420.6826 4.798605
421.6437 4.85151
422.6023 4.910042
423.5897 4.974346
424.5778 5.042192
425.5962 5.113952
426.593 5.183853
427.6093 5.254991
428.6342 5.324591
429.6329 5.393517
430.6766 5.468305
431.6629 5.540146
432.6294 5.613667
433.6248 5.69209
434.5683 5.771267
435.5553 5.857172
436.6038 5.949117
437.5909 6.038245
438.5954 6.129311
439.6094 6.218919
440.5818 6.307965
441.5641 6.405456
442.5825 6.503722
443.576 6.608274
444.5867 6.715196
445.6188 6.822727
446.6295 6.933389
447.6203 7.045301
448.6131 7.16076
449.6038 7.278577
450.5777 7.394176
451.569 7.515319
452.5677 7.642883
453.5618 7.7724
454.5928 7.916013
455.6172 8.061216
456.6316 8.204784
457.658 8.351095
458.6515 8.494202
459.6522 8.636181
460.6264 8.781403
461.6086 8.933955
462.6006 9.094387
463.5852 9.261243
464.5911 9.436728
465.6056 9.621036
466.5973 9.80022
467.5956 9.988347
468.6054 10.17937
469.5794 10.3611
470.5727 10.55152
471.566 10.74387
472.5675 10.93694
473.5661 11.14323
474.5844 11.36206
475.5836 11.58631
476.5652 11.81371
477.5731 12.04174
478.5758 12.26684
479.5937 12.48167
480.5889 12.70291
481.6031 12.93233
482.5882 13.15031
483.5716 13.37823
484.5951 13.6092
485.577 13.83093
486.5723 14.06026
487.558 14.2898
488.5409 14.50762
489.5333 14.71789
490.5221 14.9238
491.5264 15.12537
492.5272 15.32551
493.5449 15.52927
494.5648 15.74434
495.5825 15.95297
496.5882 16.16176
497.5894 16.37626
498.5829 16.57743
499.5773 16.78163
500.5809 16.9922
501.5812 17.19951
502.5782 17.41581
503.5779 17.64264
504.599 17.87201
505.608 18.10898
506.6255 18.34769
507.6525 18.58654
508.6406 18.82358
509.6201 19.05207
510.5955 19.28234
511.5753 19.51092
512.5599 19.74449
513.5568 19.99449
514.5587 20.24673
515.5735 20.50567
516.5778 20.76724
517.5793 21.02103
518.6041 21.27882
519.5753 21.53257
520.5582 21.78413
521.5546 22.04196
522.5485 22.29701
523.549 22.55807
524.5535 22.82982
525.5646 23.10502
526.5694 23.3874
527.5904 23.66786
528.5996 23.94233
529.6055 24.21556
530.5805 24.48031
531.5668 24.75114
532.5751 25.02917
533.5625 25.30524
534.5814 25.59455
535.5811 25.88485
536.5771 26.1679
537.5721 26.45726
538.5653 26.74036
539.579 27.01717
540.5656 27.29483
541.5553 27.56151
542.5361 27.83455
543.5179 28.11063
544.512 28.39615
545.521 28.70007
546.5406 28.99086
547.5246 29.28453
548.5446 29.57017
549.532 29.84209
550.5173 30.12167
551.5414 30.40554
552.5243 30.68535
553.5289 30.97496
554.5107 31.26324
555.5176 31.54545
556.5326 31.83102
557.5444 32.11452
558.5798 32.40109
559.5697 32.68272
560.5642 32.95869
561.5704 33.23132
562.5424 33.49862
563.5547 33.77139
564.5444 34.04307
565.5515 34.30425
566.5741 34.561
567.5425 34.81085
568.5288 35.0577
569.5166 35.31957
570.5134 35.58062
571.5331 35.8447
572.5513 36.10491
573.5429 36.34686
574.5241 36.576
575.5164 36.79234
576.5123 37.01154
577.5107 37.24025
578.5203 37.46649
579.5263 37.69947
580.5369 37.93179
581.537 38.1447
582.55 38.36466
583.5606 38.57733
584.5526 38.76879
585.5569 38.9586
586.5454 39.13512
587.522 39.30384
588.5182 39.47718
589.5347 39.65907
590.5339 39.8447
591.5512 40.01908
592.5724 40.18663
593.5754 40.3442
594.5778 40.47657
595.5724 40.61
596.5632 40.7494
597.539 40.87336
598.5225 41.00621
599.5319 41.14242
600.5294 41.26463
601.5447 41.38638
602.5653 41.50298
603.5685 41.60628
604.5723 41.6939
605.5471 41.77205
606.5582 41.84814
607.5451 41.91328
608.5603 41.98727
609.5983 42.07788
610.5997 42.14948
611.6112 42.215
612.6001 42.27164
613.5767 42.29671
614.5613 42.31783
615.5486 42.34001
616.5675 42.3541
617.5654 42.36634
618.5583 42.37885
619.5658 42.38946
620.5402 42.39828
621.5442 42.40408
622.5662 42.41251
623.555 42.40257
624.5375 42.37239
625.5321 42.34243
626.5132 42.29585
627.5211 42.25446
628.5507 42.22617
629.5463 42.18824
630.5032 42.15183
631.5051 42.10688
632.4862 42.05145
633.4908 41.99195
634.5214 41.92078
635.5178 41.8476
636.5131 41.76812
637.5083 41.67999
638.5259 41.5972
639.5143 41.51505
640.5296 41.43117
641.5513 41.35206
642.5538 41.26002
643.5665 41.15756
644.5298 41.04671
645.4888 40.9241
646.4548 40.81115
647.4448 40.69704
648.4645 40.58756
649.4922 40.48458
650.5236 40.3712
651.5309 40.25417
652.5368 40.13299
653.5319 40.00298
654.5314 39.8713
655.5228 39.73356
656.5175 39.59327
657.5104 39.45603
658.5168 39.31565
659.4927 39.18755
660.52 39.06152
661.5397 38.92418
662.5355 38.78797
663.5796 38.6385
664.5548 38.47911
665.5499 38.32655
666.5453 38.17491
667.5256 38.02314
668.504 37.87498
669.4927 37.72743
670.4799 37.58025
671.4731 37.43282
672.4991 37.28716
673.5179 37.14163
674.5255 36.98104
675.5196 36.82323
676.5013 36.66784
677.4674 36.50673
678.4538 36.36162
679.4508 36.21867
680.4628 36.06961
681.4658 35.91998
682.485 35.76822
683.5133 35.61307
684.4871 35.45683
685.5115 35.30316
686.513 35.15503
687.4921 35.00237
688.5292 34.85599
689.5265 34.71622
690.5035 34.56828
691.5142 34.42585
692.5049 34.28392
693.4885 34.13297
694.5023 33.98125
695.4672 33.83326
696.462 33.68661
697.444 33.54544
698.4401 33.41271
699.4648 33.28115
700.47 33.14742
701.4924 33.00926
702.4921 32.87607
703.4769 32.7379
704.4633 32.60582
705.4712 32.47961
706.4681 32.34727
707.4592 32.21753
708.4708 32.08794
709.4537 31.95583
710.4552 31.82884
711.4982 31.70764
712.507 31.58396
713.5214 31.4643
714.5213 31.34387
715.5374 31.22497
716.5323 31.10796
717.5432 30.9894
718.5609 30.87468
719.5226 30.75025
720.5059 30.63048
721.5062 30.51521
722.4757 30.39713
723.4742 30.28817
724.4831 30.18312
725.4738 30.07439
726.4799 29.96803
727.4919 29.86271
728.4969 29.75189
729.4818 29.6441
730.4899 29.5393
731.4895 29.43443
732.4797 29.3319
733.4784 29.23178
734.4801 29.13663
735.4841 29.04075
736.4765 28.94757
737.5068 28.85639
738.5074 28.75938
739.5126 28.66429
740.5262 28.57183
741.4902 28.47658
742.4858 28.38474
743.4736 28.29472
744.4647 28.20473
745.4708 28.1174
746.4784 28.03109
747.4658 27.94596
748.4589 27.86036
749.4647 27.77387
750.4626 27.69073
751.4803 27.60748
752.5063 27.52671
753.5229 27.44964
754.4908 27.36819
755.4874 27.28876
756.4942 27.20814
757.476 27.12704
758.5004 27.04948
759.4948 26.97149
760.4747 26.89597
761.4807 26.82335
762.48 26.75303
763.5132 26.68461
764.5232 26.6157
765.5275 26.54416
766.5483 26.47163
767.524 26.39984
768.5054 26.32769
769.4938 26.26028
770.4619 26.19192
771.4387 26.12411
772.4343 26.05994
773.4238 25.9938
774.4432 25.93408
775.4628 25.87343
776.485 25.81186
777.5112 25.75108
778.5114 25.68579
779.5161 25.62336
780.5135 25.56042
781.4918 25.49871
782.4933 25.44083
783.4817 25.38256
784.4905 25.32784
785.5161 25.27452
786.5196 25.21902
787.5214 25.16572
788.5264 25.11143
789.5157 25.05471
790.5115 25.00135
791.5078 24.94544
792.4965 24.88919
793.4879 24.83637
794.4869 24.78389
795.4975 24.7329
796.5182 24.68257
797.5253 24.63264
798.0469 24.53841
798.0754 24.42155
797.55 24.28678
796.5588 24.13518
795.5662 24.01305
794.5696 23.90318
793.6005 23.7992
792.6336 23.6991
791.6618 23.60265
790.6519 23.50618
789.6608 23.4132
788.6479 23.32247
787.6045 23.23289
786.6079 23.14744
785.6147 23.06392
784.6002 22.98337
783.6253 22.90642
782.6458 22.82927
781.6376 22.75329
780.6668 22.67909
779.6649 22.60451
778.6429 22.53068
777.6271 22.45657
776.6188 22.38343
775.618 22.3134
774.6081 22.24536
773.6223 22.179
772.6376 22.11221
771.6447 22.04258
770.6659 21.97353
769.6537 21.90516
768.6398 21.83674
767.6416 21.7712
766.6638 21.70765
765.6764 21.6438
764.6688 21.58261
763.669 21.52256
762.6509 21.46259
761.6525 21.4032
760.6727 21.3439
759.6677 21.28344
758.6611 21.22091
757.6488 21.16177
756.6507 21.10441
755.6492 21.04682
754.6385 20.99167
753.6318 20.93525
752.6371 20.87422
751.6297 20.81445
750.6322 20.75411
749.6483 20.69405
748.6071 20.63692
747.5908 20.58267
746.5878 20.52728
745.5754 20.47285
744.5809 20.41946
743.5911 20.36756
742.5977 20.3147
741.6139 20.26193
740.6342 20.21138
739.6511 20.15516
738.6849 20.10273
737.6857 20.04821
736.6617 19.99299
735.6453 19.93828
734.5972 19.88404
733.5804 19.83129
732.5889 19.77694
731.5856 19.72459
730.59 19.67295
729.6072 19.62207
728.6005 19.57143
727.6359 19.52152
726.6599 19.46947
725.661 19.41641
724.6819 19.36761
723.6625 19.31669
722.6401 19.2683
721.657 19.22077
720.665 19.16729
719.6693 19.11554
718.6959 19.06225
717.6854 19.00917
716.6654 18.95795
715.6755 18.90677
714.6633 18.85457
713.6532 18.80281
712.6631 18.75008
711.67 18.69891
710.6952 18.64845
709.7006 18.5965
708.6977 18.54536
707.6824 18.49034
706.6459 18.43657
705.6182 18.38395
704.6165 18.33235
703.5919 18.28501
702.6164 18.23656
701.6417 18.18586
700.6429 18.1341
699.6646 18.07817
698.6429 18.02272
697.624 17.96857
696.6055 17.91433
695.6047 17.86273
694.6015 17.80895
693.5939 17.75858
692.6411 17.70859
691.6351 17.65685
690.6527 17.60623
689.698 17.553
688.6672 17.49512
687.6665 17.43744
686.6432 17.37991
685.6078 17.3209
684.6252 17.26888
683.6241 17.21674
682.6556 17.16446
681.6779 17.11065
680.6614 17.05297
679.6707 16.99586
678.6527 16.93495
677.6388 16.87669
676.6466 16.8194
675.647 16.75861
674.6538 16.70179
673.6503 16.6465
672.6492 16.58906
671.6465 16.53374
670.656 16.4783
669.6785 16.41666
668.684 16.35419
667.6792 16.29179
666.674 16.22905
665.6622 16.16998
664.6915 16.11404
663.7203 16.05712
662.7151 15.99593
661.7245 15.93075
660.6895 15.8655
659.6628 15.79553
658.6642 15.7259
657.6578 15.66003
656.6612 15.58954
655.6422 15.52398
654.6227 15.46135
653.6335 15.39884
652.6378 15.33785
651.6688 15.27479
650.6826 15.20952
649.6606 15.13821
648.6518 15.06435
647.6283 14.9931
646.6378 14.92142
645.6406 14.85151
644.6519 14.78694
643.6598 14.7163
642.6528 14.64447
641.6716 14.57318
640.6544 14.4973
639.6667 14.42415
638.6838 14.34942
637.6736 14.27373
636.6904 14.19718
635.6889 14.11905
634.67 14.04319
633.6616 13.96963
632.6671 13.89501
631.6788 13.82113
630.6818 13.74382
629.708 13.66161
628.722 13.58285
627.7067 13.50054
626.7062 13.42049
625.7024 13.34222
624.6748 13.25849
623.6837 13.17738
622.6958 13.09383
621.6899 13.00899
620.7139 12.92497
619.7297 12.84015
618.7328 12.75384
617.7277 12.66699
616.7241 12.58052
615.7215 12.49438
614.7266 12.40981
613.7511 12.3276
612.7723 12.2468
611.782 12.16059
610.7804 12.07169
609.7632 11.97881
608.7198 11.88083
607.702 11.78582
606.6952 11.69242
605.6752 11.59782
604.6845 11.50596
603.6981 11.4151
602.6925 11.32355
601.733 11.23295
600.7384 11.14196
599.7431 11.0483
598.7432 10.94952
597.7188 10.84971
596.7166 10.74826
595.6841 10.64677
594.6619 10.55006
593.6747 10.45829
592.6524 10.36251
591.6652 10.27054
590.6938 10.17618
589.6581 10.07533
588.687 9.98126
587.6829 9.882236
586.6875 9.784929
585.7023 9.686976
584.6804 9.584764
583.6812 9.484523
582.675 9.383624
581.6807 9.286128
580.6944 9.18983
579.688 9.090836
578.6759 8.989614
577.6623 8.889189
576.6554 8.787825
575.6495 8.6901
574.6688 8.598572
573.7037 8.504229
572.7217 8.410202
571.7177 8.312609
570.7339 8.210854
569.725 8.108186
568.6907 8.004273
567.7002 7.903182
566.6774 7.800772
565.6578 7.700451
564.6776 7.605321
563.6945 7.510938
562.7142 7.419518
561.7604 7.328808
560.7795 7.2336
559.7693 7.134884
558.7482 7.033015
557.7077 6.929842
556.6905 6.829525
555.6798 6.732781
554.6754 6.639553
553.6714 6.547816
552.6548 6.453019
551.6696 6.359951
550.6515 6.265645
549.6701 6.170292
548.6948 6.077756
547.6768 5.980935
546.6772 5.88642
545.6604 5.793332
544.6336 5.699132
543.6243 5.608203
542.6385 5.518394
541.6354 5.433399
540.6641 5.351436
539.6932 5.269698
538.7085 5.187811
537.7391 5.103147
536.7391 5.017031
535.7363 4.933986
534.7323 4.849699
533.7228 4.764657
532.7365 4.681746
531.7454 4.598309
530.7324 4.517332
529.739 4.43926
528.7187 4.360853
527.7027 4.283062
526.713 4.203366
525.6948 4.123468
524.7072 4.046185
523.7021 3.969803
522.7057 3.897367
521.7179 3.826884
520.7109 3.757005
519.743 3.687446
518.7401 3.618164
517.7239 3.548038
516.7377 3.478957
515.7226 3.40966
514.7366 3.340364
513.7435 3.27239
512.7344 3.20389
511.7456 3.140894
510.7535 3.07964
509.7709 3.019454
508.7828 2.960234
507.7839 2.898405
506.7535 2.835326
505.7441 2.77264
504.7268 2.712048
503.7028 2.652628
502.7036 2.59601
501.7034 2.542162
500.7231 2.489789
499.7513 2.436806
498.7845 2.38498
497.7911 2.332605
496.7763 2.277632
495.7498 2.224549
494.7282 2.171985
493.7244 2.119898
492.709 2.07063
491.7156 2.025447
490.7101 1.980449
489.6968 1.936785
488.7165 1.893358
487.7266 1.849242
486.7409 1.804119
485.7567 1.759861
484.7523 1.718086
483.7484 1.673799
482.7301 1.634459
481.7122 1.596328
480.6978 1.555924
479.7013 1.518579
478.7009 1.480026
477.7142 1.439457
476.712 1.400364
475.7085 1.360613
474.7197 1.322474
473.7184 1.286525
472.7386 1.252076
471.7621 1.221814
470.7816 1.189394
469.7765 1.158181
468.7667 1.128008
467.7372 1.094007
466.701 1.06043
465.704 1.027755
464.7074 .9949532
463.7201 .9642082
462.7336 .9369975
461.7598 .9082935
460.7666 .8790523
459.7798 .8495063
458.8109 .8186538
457.8187 .7877226
456.8039 .755706
455.7728 .7246768
454.7513 .6938167
453.7073 .6644066
452.7281 .6388357
451.7267 .6133056
450.7469 .5882146
449.7653 .5633914
448.7461 .5362396
447.7888 .5092966
446.7762 .4809096
445.7657 .452584
444.7933 .4267195
443.757 .3973735
442.7399 .3704591
441.7346 .3411079
440.7012 .3108351
439.7096 .2825615
438.7219 .2551863
437.7235 .2269811
436.7393 .1991346
435.7289 .1697739
434.7264 .1395963
433.7449 .1146561
432.7418 8.793659E-02
431.7655 6.270184E-02
430.7614 3.742117E-02
429.7411 1.056046E-02
428.7454 -1.518191E-02
427.7303 -.0374411
426.7218 -6.100485E-02
425.7454 -8.411729E-02
424.7571 -.1027642
423.7607 -.1239735
422.7603 -.142986
421.7681 -.1591389
420.7919 -.1781185
419.8079 -.1964276
418.8363 -.213193
417.8406 -.2298917
416.8165 -.2481185
415.8177 -.2612647
414.8055 -.2732147
413.795 -.2852183
412.7958 -.2926126
411.7879 -.3002625
410.8013 -.3081696
409.8248 -.3159009
408.8432 -.3233117
407.8533 -.3312075
406.8587 -.3390099
405.847 -.3453621
404.8424 -.3507216
403.8186 -.3574255
402.8045 -.3630241
401.8049 -.3668174
400.798 -.3728084
399.8214 -.3764501
398.8419 -.3786746
397.8325 -.3831566
396.8073 -.386613
395.784 -.3893668
394.7816 -.3925043
393.7614 -.3949974
392.7529 -.3968737
391.7734 -.3967308
390.7602 -.3973458
389.7762 -.397662
388.7835 -.396289
387.7756 -.3997809
386.775 -.4015428
385.7755 -.4022583
384.7913 -.4039934
383.7754 -.4038782
382.7959 -.4042334
381.8001 -.4047592
380.8042 -.4061911
379.8179 -.4059832
378.8049 -.4054236
377.7925 -.4054816
376.7646 -.4066112
375.7673 -.4058966
374.7561 -.4066597
373.7592 -.4066433
372.7769 -.4027096
371.7827 -.4018269
370.8061 -.3999021
369.8209 -.3990298
368.8215 -.4009009
367.815 -.4027841
366.7987 -.4049654
365.7861 -.4060378
364.7936 -.4056064
363.7759 -.4046474
362.7861 -.4032935
361.7882 -.399851
360.8093 -.3972895
359.8362 -.3935126
358.8281 -.3905379
357.8362 -.3898761
356.8239 -.3901048
355.811 -.3920825
354.8021 -.3923311
353.7976 -.3919603
352.7874 -.3908507
351.7948 -.3887128
350.8018 -.3884927
349.8022 -.390052
348.8048 -.3916649
347.8176 -.3932051
346.7934 -.3955362
345.7841 -.3960715
344.7723 -.3960352
343.7661 -.3959979
342.7776 -.3955562
341.7661 -.3936053
340.7819 -.3911304
339.7655 -.3899082
338.771 -.3871318
337.7903 -.3862925
336.7681 -.3879686
335.7762 -.3866528
334.7666 -.3843417
333.7577 -.3823337
332.7631 -.3780596
331.787 -.3780509
330.8147 -.3806367
329.8202 -.3843823
328.8321 -.38807
327.815 -.3893737
326.8206 -.3916207
325.81 -.3914726
324.8041 -.3914614
323.7917 -.3927703
322.7552 -.3914458
321.7792 -.3884494
320.801 -.3867178
319.8025 -.3840133
318.8489 -.3825191
317.8405 -.3848597
316.8578 -.3859919
315.851 -.3859823
314.8262 -.384696
313.8258 -.3841676
312.8026 -.3841242
311.8256 -.3854635
310.829 -.3885612
309.8439 -.3906116
308.8318 -.391839
307.8226 -.3930544
306.821 -.3948952
305.8214 -.3944309
304.8325 -.3961027
303.8252 -.3982684
302.8171 -.3984745
301.8157 -.3988912
300.8221 -.3975494
299.8363 -.3960429
298.8577 -.395071
297.8459 -.3964458
296.8029 -.3978153
295.8 -.3973502
294.7835 -.3979617
293.7808 -.3990341
292.8158 -.4008013
291.8187 -.4035664
290.8113 -.407966
289.8004 -.410363
288.7815 -.4094309
287.7659 -.4108255
286.7606 -.4118321
285.7662 -.4127001
284.7607 -.4188557
283.7472 -.4219621
282.7549 -.4227781
281.7555 -.4259676
280.7739 -.4244066
279.8185 -.4250554
278.822 -.4262413
277.7904 -.4277599
276.7826 -.4304972
275.7322 -.435887
274.741 -.4382372
273.7811 -.4407536
272.7808 -.4444118
271.7839 -.4470106
270.7526 -.4483706
269.7507 -.4476975
268.7792 -.4476395
267.8242 -.4475693
266.8516 -.454346
265.8475 -.4610317
264.8262 -.467571
263.7969 -.4718087
262.7873 -.4735343
261.8085 -.4746353
260.8235 -.4754505
259.8489 -.4792559
258.8682 -.4828915
257.8793 -.488536
256.869 -.4955873
255.865 -.5002244
254.8565 -.5051802
253.8536 -.5105977
252.8667 -.5160396
251.8777 -.5192204
250.9009 -.5229392
249.9005 -.5266849
248.8986 -.529566
247.8994 -.5342073
246.8588 -.5425728
245.8137 -.5496128
244.7994 -.5547826
243.7891 -.5609763
242.8159 -.5618885
241.8641 -.5635101
240.8623 -.5700632
239.8401 -.5769153
238.8309 -.5852677
237.8111 -.5953032
236.8181 -.6041061
235.8229 -.6127902
234.8316 -.6208844
233.8286 -.6294594
232.8417 -.6361313
231.8598 -.6398501
230.8646 -.6463479
229.8721 -.6513878
228.8767 -.6571059
227.8808 -.6685863
226.8742 -.6807649
225.8758 -.6907389
224.8618 -.7012379
223.8444 -.7087925
222.839 -.7142326
221.841 -.7246968
220.856 -.7372297
219.8706 -.7521154
218.8794 -.7667628
217.8636 -.7805371
216.8484 -.7949463
215.8495 -.8074697
214.8365 -.8222098
213.8267 -.8362838
212.8423 -.8474783
211.8391 -.8585352
210.8505 -.86967
209.8843 -.8810248
208.8686 -.8958593
207.864 -.9131401
206.8639 -.929838
205.863 -.9463401
204.895 -.9599602
203.9184 -.974637
202.9375 -.989903
201.9274 -1.009665
200.9102 -1.033184
199.8998 -1.055573
198.9041 -1.078858
197.908 -1.099337
196.9041 -1.119485
195.913 -1.141774
194.888 -1.163222
193.8817 -1.185068
192.8615 -1.206858
191.8622 -1.225655
190.884 -1.246667
189.8853 -1.269801
188.9086 -1.293323
187.9039 -1.319925
186.8605 -1.345157
185.8682 -1.369136
184.8694 -1.393538
183.8696 -1.418021
182.8925 -1.446388
181.8842 -1.475483
180.8864 -1.504398
179.8857 -1.535596
178.8957 -1.562464
177.9075 -1.590567
176.8882 -1.623009
175.8832 -1.653995
174.8795 -1.686072
173.8734 -1.717022
172.8711 -1.744928
171.8882 -1.770408
170.8892 -1.799682
169.8858 -1.830201
168.8939 -1.861763
167.8807 -1.895592
166.8908 -1.927785
165.9016 -1.959882
164.9229 -1.989852
163.9243 -2.024925
162.8982 -2.060044
161.8947 -2.093431
160.8958 -2.129606
159.8716 -2.160496
158.893 -2.190567
157.8859 -2.223878
156.8748 -2.258629
155.8866 -2.293999
154.8728 -2.329389
153.8715 -2.364644
152.8811 -2.396236
151.8969 -2.426706
150.9083 -2.460945
149.9183 -2.494582
148.9153 -2.529364
147.9225 -2.568568
146.9264 -2.605256
145.9124 -2.641398
144.8927 -2.679686
143.8589 -2.716689
142.8472 -2.754852
141.8668 -2.791808
140.8841 -2.826768
139.9043 -2.862128
138.9078 -2.896488
137.8914 -2.934404
136.866 -2.97758
135.8375 -3.015404
134.817 -3.060387
133.8019 -3.099675
132.8271 -3.135166
131.8613 -3.177312
130.8686 -3.214034
129.8876 -3.25603
128.8642 -3.304404
127.8275 -3.345243
126.8415 -3.386962
125.8372 -3.43098
124.8612 -3.469322
123.8765 -3.515834
122.8684 -3.56075
121.8677 -3.605084
120.8483 -3.650261
119.8609 -3.698341
118.8742 -3.742892
117.889 -3.792149
116.9187 -3.838757
115.9237 -3.885644
114.9422 -3.936704
113.9531 -3.983823
112.94 -4.037502
111.9391 -4.089267
110.9092 -4.144695
109.8819 -4.20329
108.8907 -4.260426
107.9011 -4.320236
106.9303 -4.378518
105.9335 -4.437769
104.9466 -4.498841
103.9573 -4.559298
102.9496 -4.623914
101.9751 -4.690923
100.9748 -4.757094
99.95895 -4.828339
98.938 -4.900381
97.95778 -4.970448
96.93148 -5.043101
95.93827 -5.114533
94.95853 -5.18775
93.93417 -5.265576
92.93398 -5.347412
91.94066 -5.431489
90.92606 -5.51786
89.92691 -5.605916
88.94182 -5.694208
87.92491 -5.783451
86.93412 -5.872312
85.9409 -5.961954
84.93828 -6.052335
83.95294 -6.147631
82.9588 -6.245943
81.94013 -6.348931
80.92146 -6.456858
79.89074 -6.563959
78.88298 -6.67409
77.88504 -6.781223
76.89679 -6.887155
75.94243 -6.996317
74.95098 -7.108776
73.95595 -7.227608
72.95193 -7.351757
71.92799 -7.479982
70.92023 -7.609858
69.91338 -7.741723
68.91933 -7.871013
67.90804 -8.004686
66.89077 -8.135046
65.90216 -8.265927
64.91441 -8.402911
63.93094 -8.537697
62.96693 -8.680099
61.94527 -8.830754
60.94528 -8.982869
59.93655 -9.137645
58.91984 -9.292988
57.93116 -9.444104
56.93315 -9.596684
55.95825 -9.75165
54.96165 -9.912717
53.96885 -10.07689
52.98136 -10.24122
51.96105 -10.4154
50.97134 -10.58727
49.98057 -10.759
48.94966 -10.93836
47.96404 -11.11246
46.97523 -11.28583
45.9844 -11.46387
45.0135 -11.63952
43.99799 -11.81743
42.98265 -12.00079
41.97954 -12.19115
40.96947 -12.38349
39.98397 -12.57364
38.9724 -12.7672
37.99272 -12.95474
37.01481 -13.13924
36.02658 -13.33226
35.0336 -13.52614
34.01519 -13.72069
32.97294 -13.92203
31.95214 -14.12575
30.96911 -14.32634
29.95062 -14.53048
28.97137 -14.73174
27.95902 -14.92769
26.94796 -15.11693
25.97454 -15.30513
24.98696 -15.49336
24.0392 -15.67872
23.05581 -15.8776
22.05138 -16.08065
21.04829 -16.28054
20.01991 -16.48619
19.02312 -16.687
18.02607 -16.87856
17.02865 -17.07163
16.03 -17.26045
15.0317 -17.44623
14.04004 -17.63486
13.03745 -17.82026
12.03839 -18.01072
11.03058 -18.20024
10.0073 -18.38883
9.014496 -18.57919
8.008569 -18.75541
7.02072 -18.92376
6.031766 -19.08787
5.028497 -19.24369
4.043224 -19.40662
3.039031 -19.57275
2.049168 -19.73788
1.058282 -19.90519
5.963546E-02 -20.06299
-.9353288 -20.21489
-1.909837 -20.34771
-2.874554 -20.47286
-3.845166 -20.59925
-4.818006 -20.72424
-5.806993 -20.86035
-6.806135 -20.99765
-7.803444 -21.12956
-8.828341 -21.25964
-9.838381 -21.38438
-10.86722 -21.49606
-11.87827 -21.60289
-12.84957 -21.69331
-13.83944 -21.77359
-14.81809 -21.85977
-15.82278 -21.94088
-16.84723 -22.02914
-17.8825 -22.11761
-18.91319 -22.18943
-19.91722 -22.25121
-20.92233 -22.29888
-21.8959 -22.33512
-22.87285 -22.36776
-23.86679 -22.38871
-24.85695 -22.40709
-25.83782 -22.41494
-26.82288 -22.4117
-27.82661 -22.41613
-28.85187 -22.41401
-29.88609 -22.40757
-30.90967 -22.40038
-31.91378 -22.37304
-32.8946 -22.3344
-33.86328 -22.29353
-34.84649 -22.23907
-35.83097 -22.18316
-36.82296 -22.12075
-37.82981 -22.04366
-38.84148 -21.96464
-39.83316 -21.8764
-40.82329 -21.78805
-41.84302 -21.70281
-42.82861 -21.61525
-43.84505 -21.52822
-44.84824 -21.42959
-45.84845 -21.32178
-46.87794 -21.21411
-47.8495 -21.09971
-48.85223 -20.9908
-49.85008 -20.88601
-50.81837 -20.77824
-51.81084 -20.67244
-52.78498 -20.56513
-53.77001 -20.45885
-54.78606 -20.35316
-55.82784 -20.24168
-56.85278 -20.12694
-57.86747 -20.00515
-58.86278 -19.88022
-59.85788 -19.76476
-60.8522 -19.65102
-61.85687 -19.54193
-62.8606 -19.44127
-63.85798 -19.33336
-64.86612 -19.22236
-65.84513 -19.11483
-66.83605 -18.99751
-67.83255 -18.88127
-68.82777 -18.76886
-69.82755 -18.65583
-70.8594 -18.54978
-71.85771 -18.44679
-72.85139 -18.35079
-73.87363 -18.25431
-74.84353 -18.1544
-75.83801 -18.06048
-76.82616 -17.95996
-77.79988 -17.85509
-78.80005 -17.76141
-79.80843 -17.66739
-80.81248 -17.57666
-81.82568 -17.49782
-82.82892 -17.41703
-83.83791 -17.33435
-84.86124 -17.25303
-85.878 -17.17273
-86.8709 -17.09048
-87.83478 -17.00591
-88.82276 -16.9276
-89.79153 -16.84149
-90.7758 -16.7586
-91.80384 -16.69836
-92.81744 -16.64573
-93.84028 -16.60328
-94.87514 -16.56705
-95.88144 -16.51845
-96.88555 -16.46327
-97.86575 -16.40945
-98.85499 -16.35867
-99.84228 -16.31611
-100.7954 -16.27895
-101.7775 -16.24942
-102.7828 -16.22702
-103.7712 -16.20369
-104.8042 -16.19034
-105.8316 -16.18114
-106.8175 -16.16237
-107.8062 -16.15149
-108.7858 -16.14169
-109.787 -16.13168
-110.7965 -16.13872
-111.8274 -16.14846
-112.8661 -16.16413
-113.8909 -16.18324
-114.906 -16.19822
-115.917 -16.21435
-116.8919 -16.2278
-117.8605 -16.24291
-118.8393 -16.26351
-119.8249 -16.28683
-120.8493 -16.31471
-121.8566 -16.35023
-122.8571 -16.38584
-123.8611 -16.42958
-124.8452 -16.47108
-125.8551 -16.50821
-126.8519 -16.54705
-127.8299 -16.57509
-128.804 -16.60762
-129.7875 -16.64761
-130.7783 -16.69099
-131.794 -16.7478
-132.8022 -16.80691
-133.815 -16.86326
-134.833 -16.91499
-135.8382 -16.95755
-136.8539 -16.99897
-137.8533 -17.03416
-138.8407 -17.06487
-139.8254 -17.1041
-140.8208 -17.13874
-141.8108 -17.17749
-142.8038 -17.23379
-143.8257 -17.28116
-144.8387 -17.32805
-145.8529 -17.375
-146.8513 -17.40653
-147.8368 -17.44512
-148.8168 -17.47552
-149.789 -17.50671
-150.8086 -17.54061
-151.7909 -17.56624
-152.8046 -17.60704
-153.8223 -17.64299
-154.7869 -17.67023
-155.7909 -17.70665
-156.7805 -17.73248
-157.7666 -17.75059
-158.7666 -17.77674
-159.7955 -17.79962
-160.7828 -17.81258
-161.7818 -17.83495
-162.7995 -17.85527
-163.8037 -17.86604
-164.8118 -17.88365
-165.828 -17.89678
-166.8272 -17.90294
-167.7732 -17.90168
-168.7823 -17.91201
-169.7982 -17.92244
-170.813 -17.92765
-171.8577 -17.93657
-172.8815 -17.9343
-173.8705 -17.9244
-174.8659 -17.9186
-175.8624 -17.91173
-176.8367 -17.89342
-177.8455 -17.88066
-178.8521 -17.86128
-179.8225 -17.83892
-180.8057 -17.81998
-181.7668 -17.79921
-182.7609 -17.78391
-183.7867 -17.76311
-184.7982 -17.74448
-185.8162 -17.72157
-186.8046 -17.68769
-187.8101 -17.66068
-188.8149 -17.6299
-189.8298 -17.59745
-190.8325 -17.5664
-191.8219 -17.52998
-192.8106 -17.49512
-193.7896 -17.46081
-194.81 -17.42852
-195.8167 -17.39583
-196.8084 -17.35651
-197.7957 -17.31389
-198.771 -17.27338
-199.738 -17.22489
-200.7398 -17.18368
-201.7375 -17.14294
-202.7329 -17.09884
-203.7529 -17.06288
-204.746 -17.02081
-205.7575 -16.97591
-206.7746 -16.9335
-207.7521 -16.88643
-208.7748 -16.841
-209.7705 -16.79751
-210.7565 -16.75168
-211.7674 -16.70942
-212.7629 -16.66771
-213.7853 -16.62592
-214.8006 -16.58379
-215.8069 -16.53607
-216.797 -16.48556
-217.7686 -16.43222
-218.7467 -16.37911
-219.7368 -16.33316
-220.7506 -16.28945
-221.748 -16.24636
-222.7642 -16.20718
-223.7837 -16.16186
-224.7722 -16.11632
-225.7883 -16.07272
-226.7869 -16.02444
-227.7808 -15.97655
-228.7895 -15.9269
-229.7782 -15.87742
-230.7461 -15.829
-231.7295 -15.78229
-232.7327 -15.74028
-233.7579 -15.69736
-234.7963 -15.65218
-235.819 -15.6087
-236.8188 -15.55844
-237.8026 -15.50854
-238.8042 -15.46623
-239.793 -15.42101
-240.7732 -15.38065
-241.7842 -15.34022
-242.7669 -15.29667
-243.7697 -15.2543
-244.7923 -15.20953
-245.7864 -15.16656
-246.7989 -15.1215
-247.7883 -15.07361
-248.7756 -15.02905
-249.7665 -14.98255
-250.7475 -14.93553
-251.7563 -14.89518
-252.7636 -14.85303
-253.7613 -14.80887
-254.7637 -14.76661
-255.7532 -14.72023
-256.739 -14.67217
-257.724 -14.63109
-258.7314 -14.59234
-259.7485 -14.5556
-260.7475 -14.51965
-261.7621 -14.48167
-262.7664 -14.44269
-263.7562 -14.40055
-264.777 -14.36266
-265.797 -14.3216
-266.7899 -14.27704
-267.7849 -14.23592
-268.7607 -14.19189
-269.7329 -14.14846
-270.7306 -14.10988
-271.7421 -14.07205
-272.7458 -14.03266
-273.7677 -13.99389
-274.7784 -13.95306
-275.7764 -13.91183
-276.7969 -13.87363
-277.7919 -13.83858
-278.7942 -13.807
-279.7915 -13.77153
-280.7718 -13.73821
-281.7553 -13.70352
-282.7287 -13.66529
-283.7252 -13.63249
-284.7292 -13.59585
-285.735 -13.55904
-286.7481 -13.52364
-287.7461 -13.48507
-288.7463 -13.44894
-289.7443 -13.4131
-290.7398 -13.37864
-291.7542 -13.34551
-292.7591 -13.30932
-293.772 -13.27285
-294.7723 -13.23729
-295.7348 -13.2017
-296.7325 -13.17089
-297.7264 -13.14163
-298.7252 -13.11065
-299.7449 -13.08075
-300.7273 -13.04889
-301.7211 -13.01628
-302.7269 -12.98611
-303.7189 -12.95406
-304.7299 -12.92307
-305.7343 -12.89156
-306.7281 -12.85799
-307.7292 -12.82433
-308.714 -12.79114
-309.7 -12.75863
-310.6955 -12.7277
-311.6981 -12.69867
-312.7155 -12.668
-313.7351 -12.63828
-314.7363 -12.60859
-315.7403 -12.58057
-316.7606 -12.55336
-317.747 -12.52509
-318.7507 -12.4974
-319.7421 -12.46638
-320.7086 -12.43586
-321.7081 -12.40775
-322.7198 -12.37965
-323.7478 -12.35426
-324.7914 -12.32693
-325.8175 -12.30072
-326.8386 -12.27262
-327.8259 -12.24197
-328.794 -12.21518
-329.7784 -12.18907
-330.7304 -12.15602
-331.732 -12.13169
-332.7371 -12.10548
-333.7225 -12.07488
-334.7305 -12.05246
-335.7103 -12.02387
-336.6964 -11.99531
-337.7057 -11.97178
-338.7124 -11.94567
-339.7233 -11.91955
-340.7234 -11.89458
-341.7197 -11.8666
-342.7151 -11.84149
-343.7057 -11.81327
-344.7039 -11.78804
-345.7043 -11.75959
-346.6884 -11.73281
-347.6826 -11.70802
-348.6822 -11.67963
-349.6906 -11.65438
-350.7352 -11.62971
-351.749 -11.60623
-352.7378 -11.58408
-353.7148 -11.56195
-354.6736 -11.53857
-355.6657 -11.51478
-356.6812 -11.49134
-357.691 -11.4673
-358.6906 -11.44409
-359.6833 -11.42068
-360.6912 -11.39684
-361.7027 -11.37353
-362.6935 -11.34857
-363.7085 -11.32429
-364.6907 -11.29965
-365.6835 -11.2748
-366.7173 -11.252
-367.7278 -11.22749
-368.7592 -11.20461
-369.7511 -11.18497
-370.749 -11.16623
-371.721 -11.15016
-372.6861 -11.1334
-373.6865 -11.11487
-374.6823 -11.09491
-375.7133 -11.07485
-376.7254 -11.0543
-377.7236 -11.03354
-378.7 -11.01122
-379.6802 -10.98973
-380.6869 -10.9671
-381.691 -10.94397
-382.7011 -10.92162
-383.683 -10.89781
-384.6434 -10.87653
-385.6389 -10.85553
-386.6299 -10.83711
-387.6492 -10.81729
-388.6878 -10.79777
-389.6947 -10.77828
-390.7115 -10.75873
-391.7046 -10.74023
-392.6944 -10.72014
-393.6818 -10.69922
-394.6686 -10.67723
-395.6644 -10.65642
-396.648 -10.63626
-397.6422 -10.61815
-398.6499 -10.60059
-399.6611 -10.58227
-400.6574 -10.56383
-401.67 -10.54368
-402.6564 -10.52336
-403.6346 -10.50324
-404.6249 -10.48456
-405.5967 -10.46692
-406.6039 -10.44959
-407.6054 -10.43233
-408.6219 -10.41492
-409.6302 -10.39754
-410.6084 -10.37958
-411.5927 -10.36249
-412.5786 -10.34336
-413.5855 -10.32328
-414.6255 -10.30441
-415.6295 -10.28447
-416.6309 -10.26617
-417.6506 -10.25015
-418.6483 -10.2332
-419.6773 -10.21719
-420.682 -10.1993
-421.6546 -10.17997
-422.6299 -10.16273
-423.6023 -10.14549
-424.623 -10.13121
-425.6406 -10.11706
-426.6426 -10.10163
-427.6689 -10.08708
-428.686 -10.07137
-429.6899 -10.05505
-430.7136 -10.03923
-431.7233 -10.02118
-432.6894 -10.00276
-433.6745 -9.98551
-434.6421 -9.966986
-435.6017 -9.950575
-436.6025 -9.934935
-437.6021 -9.920172
-438.6302 -9.905015
-439.6522 -9.888193
-440.6604 -9.870573
-441.6626 -9.852559
-442.6319 -9.836954
-443.6193 -9.823071
-444.6314 -9.810268
-445.6205 -9.79694
-446.6506 -9.783859
-447.6559 -9.771173
-448.6506 -9.757444
-449.6713 -9.74423
-450.6629 -9.729229
-451.6701 -9.713075
-452.6451 -9.696652
-453.6323 -9.680382
-454.6223 -9.664346
-455.6124 -9.647921
-456.6202 -9.634172
-457.6163 -9.619282
-458.6066 -9.603734
-459.6183 -9.589602
-460.6309 -9.57366
-461.6364 -9.559321
-462.6418 -9.549273
-463.6271 -9.538726
-464.6188 -9.528566
-465.6142 -9.518295
-466.6266 -9.504528
-467.6631 -9.491133
-468.6655 -9.477701
-469.6765 -9.463488
-470.6859 -9.44958
-471.6611 -9.434435
-472.6476 -9.418915
-473.6454 -9.40526
-474.6092 -9.390416
-475.6338 -9.378563
-476.6581 -9.367047
-477.6679 -9.353425
-478.7047 -9.339993
-479.7063 -9.326013
-480.7058 -9.313168
-481.7151 -9.300906
-482.7075 -9.293266
-483.6855 -9.284225
-484.691 -9.273146
-485.6722 -9.261352
-486.6686 -9.247621
-487.6469 -9.231613
-488.6572 -9.219817
-489.6666 -9.210169
-490.6697 -9.196409
-491.7032 -9.186872
-492.6729 -9.173367
-493.6562 -9.160417
-494.6752 -9.150145
-495.686 -9.139525
-496.7011 -9.128578
-497.7125 -9.116872
-498.6905 -9.104363
-499.6497 -9.090998
-500.6447 -9.081006
-501.6319 -9.070683
-502.6138 -9.062502
-503.6365 -9.053325
-504.627 -9.042968
-505.6548 -9.032502
-506.6658 -9.020003
-507.6642 -9.009192
-508.6639 -8.998333
-509.6452 -8.986319
-510.6488 -8.975918
-511.6083 -8.963709
-512.5708 -8.951553
-513.55 -8.941696
-514.5273 -8.932325
-515.5515 -8.924275
-516.5911 -8.915603
-517.5953 -8.905241
-518.6196 -8.893594
-519.6339 -8.882165
-520.639 -8.872618
-521.65 -8.863665
-522.6447 -8.854631
-523.6391 -8.845031
-524.6398 -8.834147
-525.6357 -8.822041
-526.6498 -8.812558
-527.6645 -8.803303
-528.6837 -8.79354
-529.7107 -8.785202
-530.7167 -8.774173
-531.7094 -8.762195
-532.6857 -8.751191
-533.6703 -8.741707
-534.6533 -8.733232
-535.639 -8.725746
-536.6453 -8.719012
-537.6428 -8.709978
-538.6497 -8.701328
-539.6628 -8.693613
-540.657 -8.685421
-541.6543 -8.677022
-542.6608 -8.667169
-543.6531 -8.658016
-544.6638 -8.646542
-545.6495 -8.6362
-546.6415 -8.627713
-547.6345 -8.618672
-548.6191 -8.610924
-549.6121 -8.602416
-550.6188 -8.592864
-551.6128 -8.58082
-552.6141 -8.57221
-553.649 -8.56514
-554.6235 -8.5596
-555.6332 -8.553967
-556.6309 -8.547283
-557.6046 -8.539537
-558.6104 -8.531129
-559.6144 -8.524873
-560.6146 -8.516707
-561.611 -8.508355
-562.5986 -8.498248
-563.5808 -8.488036
-564.5687 -8.478206
-565.5705 -8.469978
-566.569 -8.463956
-567.5865 -8.458225
-568.5905 -8.451642
-569.5996 -8.443542
-570.593 -8.433194
-571.6012 -8.423806
-572.6071 -8.417092
-573.5886 -8.411718
-574.6219 -8.408211
-575.6275 -8.403339
-576.6166 -8.397973
-577.6326 -8.392043
-578.6321 -8.386188
-579.627 -8.380889
-580.6418 -8.374044
-581.6451 -8.366568
-582.6371 -8.35717
-583.6223 -8.348074
-584.5994 -8.339538
-585.5939 -8.332098
-586.5844 -8.325577
-587.5662 -8.319141
-588.5702 -8.31075
-589.5636 -8.301981
-590.5618 -8.29534
-591.5811 -8.288866
-592.6022 -8.28636
-593.6027 -8.284296
-594.5981 -8.280633
-595.5913 -8.276423
-596.5615 -8.271519
-597.5748 -8.266337
-598.598 -8.261897
-599.6045 -8.256797
-600.6288 -8.249647
-601.6224 -8.24235
-602.5778 -8.233065
-603.5568 -8.225536
-604.5525 -8.2185
-605.5461 -8.211272
-606.574 -8.206656
-607.5853 -8.198545
-608.5646 -8.191292
-609.5574 -8.185987
-610.5626 -8.180191
-611.57 -8.17798
-612.5696 -8.175667
-613.5551 -8.172013
-614.5341 -8.166832
-615.5027 -8.161418
-616.4942 -8.156858
-617.5119 -8.151449
-618.5247 -8.147623
-619.5466 -8.143316
-620.5554 -8.137785
-621.5536 -8.132442
-622.5447 -8.126805
-623.5304 -8.12132
-624.5289 -8.115329
-625.5288 -8.11051
-626.5229 -8.105274
-627.5232 -8.099186
-628.5432 -8.093707
-629.5615 -8.089729
-630.581 -8.086561
-631.5911 -8.084354
-632.5887 -8.082199
-633.5852 -8.079715
-634.5815 -8.071708
-635.6035 -8.068735
-636.6057 -8.062008
-637.6046 -8.055798
-638.6057 -8.05138
-639.5804 -8.043868
-640.5614 -8.040339
-641.5576 -8.036831
-642.5551 -8.035032
-643.5674 -8.032128
-644.5887 -8.029301
-645.5986 -8.024086
-646.6078 -8.02181
-647.5961 -8.017454
-648.5894 -8.014245
-649.5782 -8.010813
-650.5668 -8.006648
-651.5963 -8.004731
-652.5896 -8.002708
-653.5649 -8.001419
-654.5749 -7.999542
-655.5591 -7.997135
-656.5541 -7.992716
-657.5593 -7.987524
-658.5338 -7.982733
-659.5197 -7.97771
-660.519 -7.974033
-661.5215 -7.972391
-662.528 -7.968586
-663.5308 -7.963775
-664.5291 -7.959003
-665.53 -7.954585
-666.5159 -7.951507
-667.4983 -7.952944
-668.4995 -7.953215
-669.4966 -7.952576
-670.5106 -7.952739
-671.525 -7.949456
-672.5432 -7.947834
-673.5381 -7.946074
-674.5406 -7.944318
-675.5514 -7.942401
-676.5413 -7.93838
-677.5533 -7.934412
-678.5591 -7.930218
-679.5522 -7.926515
-680.5434 -7.924272
-681.5498 -7.922147
-682.5374 -7.918435
-683.54 -7.916048
-684.5582 -7.914663
-685.5502 -7.913452
-686.5615 -7.914959
-687.5596 -7.914989
-688.5419 -7.915142
-689.5376 -7.914031
-690.513 -7.912354
-691.5017 -7.910692
-692.4949 -7.908185
-693.4981 -7.908759
-694.5132 -7.908623
-695.5377 -7.908385
-696.5703 -7.907223
-697.5778 -7.904264
-698.5653 -7.901727
-699.5356 -7.90079
-700.5226 -7.90116
-701.5195 -7.900424
-702.5215 -7.900345
-703.517 -7.899229
-704.5008 -7.897397
-705.4739 -7.898551
-706.4712 -7.900618
-707.4749 -7.902109
-708.4684 -7.904558
-709.468 -7.905582
-710.4753 -7.904919
-711.4701 -7.905578
-712.4739 -7.907014
-713.485 -7.908156
-714.4827 -7.908848
-715.4898 -7.90986
-716.486 -7.908227
-717.4687 -7.907237
-718.4636 -7.909505
-719.451 -7.910527
-720.4462 -7.913832
-721.4546 -7.916495
-722.4639 -7.91759
-723.4797 -7.919181
-724.4986 -7.921996
-725.5275 -7.925486
-726.5419 -7.929425
-727.5506 -7.932248
-728.5291 -7.935225
-729.5192 -7.936828
-730.4922 -7.938319
-731.4924 -7.942801
-732.5082 -7.945862
-733.519 -7.949721
-734.5399 -7.953458
-735.538 -7.955955
-736.5572 -7.956986
-737.5447 -7.961269
-738.5364 -7.966847
-739.5338 -7.97226
-740.5022 -7.97952
-741.4937 -7.985462
-742.4815 -7.990708
-743.4703 -7.995312
-744.4884 -8.001131
-745.5084 -8.005154
-746.5222 -8.008634
-747.526 -8.014685
-748.5238 -8.018418
-749.4995 -8.023905
-750.483 -8.029617
-751.4624 -8.035545
-752.4729 -8.04157
-753.4819 -8.047583
-754.4794 -8.052958
-755.4876 -8.056632
-756.4602 -8.061199
-757.4576 -8.069097
-758.4703 -8.079125
-759.4774 -8.089318
-760.4777 -8.101124
-761.4576 -8.11036
-762.4407 -8.118677
-763.4493 -8.128365
-764.4446 -8.137642
-765.4619 -8.145897
-766.4662 -8.153444
-767.456 -8.160877
-768.4308 -8.167483
-769.4287 -8.174765
-770.4188 -8.183978
-771.4124 -8.194154
-772.4337 -8.204104
-773.4242 -8.213402
-774.4395 -8.221121
-775.4316 -8.228376
-776.4277 -8.237179
-777.4246 -8.250292
-778.423 -8.264429
-779.4341 -8.279242
-780.4386 -8.294329
-781.4547 -8.306243
-782.4542 -8.320198
-783.4654 -8.332552
-784.4811 -8.343654
-785.4839 -8.355325
-786.4622 -8.366089
-787.4569 -8.378773
-788.4404 -8.391875
-789.4392 -8.405481
-790.4843 -8.418095
-791.4689 -8.430263
-792.4762 -8.441401
-793.4478 -8.450119
-794.4078 -8.460573
-795.4207 -8.473007
-796.4091 -8.48712
-797.4108 -8.501871
