199.4443 1.741261
199.6782 1.801626
200.1833 1.893377
200.934 2.010562
201.9373 2.14924
202.9458 2.237673
203.9335 2.31031
204.908 2.369858
205.8938 2.42165
206.8835 2.474149
207.8752 2.519449
208.8808 2.562167
209.8694 2.608163
210.855 2.645606
211.8483 2.687932
212.8629 2.733295
213.8848 2.768301
214.887 2.804985
215.9008 2.837705
216.8691 2.859079
217.8597 2.883052
218.8688 2.907905
219.8713 2.929669
220.8845 2.957715
221.8685 2.985456
222.8689 3.011484
223.8512 3.040369
224.8572 3.065446
225.8868 3.090424
226.8956 3.112589
227.896 3.12965
228.8871 3.14661
229.854 3.161188
230.8425 3.175825
231.8429 3.195282
232.8496 3.215403
233.8434 3.232859
234.8335 3.252302
235.8126 3.269604
236.8162 3.280508
237.827 3.296415
238.8265 3.316422
239.8506 3.331458
240.8271 3.352146
241.8467 3.369687
242.8406 3.377461
243.8437 3.392329
244.8623 3.406596
245.8299 3.418617
246.8402 3.43588
247.8267 3.446931
248.7933 3.457394
249.8051 3.471414
250.8274 3.487289
251.8402 3.504638
252.873 3.520339
253.8846 3.531397
254.8561 3.538117
255.8584 3.549551
256.8431 3.55852
257.8321 3.568608
258.8258 3.585093
259.7893 3.592156
260.7816 3.604707
261.7763 3.625711
262.783 3.635833
263.8296 3.65311
264.8345 3.669803
265.8534 3.67222
266.8642 3.68344
267.8347 3.691321
268.8393 3.696122
269.8214 3.711899
270.8292 3.723953
271.8484 3.737484
272.8467 3.756268
273.8542 3.768694
274.8336 3.781979
275.8046 3.796415
276.8138 3.80703
277.8093 3.817977
278.8212 3.83056
279.8287 3.838848
280.8306 3.843407
281.8259 3.856628
282.8247 3.868808
283.823 3.878764
284.8255 3.899547
285.8383 3.908333
286.8142 3.914868
287.8189 3.930425
288.7949 3.938011
289.7924 3.952116
290.7991 3.967288
291.7956 3.973478
292.8075 3.984535
293.8107 3.992596
294.8148 4.000347
295.816 4.017636
296.8354 4.025793
297.8209 4.035986
298.8251 4.050022
299.8439 4.056054
300.8351 4.071367
301.8511 4.088432
302.894 4.099925
303.8823 4.111597
304.8839 4.120036
305.8907 4.123974
306.8521 4.128703
307.8589 4.138546
308.8465 4.147933
309.8358 4.157366
310.8362 4.171673
311.834 4.183754
312.8372 4.194197
313.8381 4.209454
314.8295 4.219216
315.8229 4.226002
316.8358 4.236763
317.8271 4.242146
318.8278 4.250762
319.8152 4.26265
320.7894 4.268857
321.8019 4.283233
322.8139 4.295391
323.8295 4.305083
324.8493 4.321239
325.8536 4.329112
326.8365 4.336454
327.8391 4.350074
328.8242 4.354881
329.8017 4.360632
330.791 4.372263
331.7597 4.378668
332.7481 4.38953
333.7279 4.405078
334.752 4.414751
335.7794 4.427549
336.778 4.439444
337.7925 4.448475
338.7839 4.4571
339.7804 4.462605
340.784 4.470026
341.7906 4.480315
342.7978 4.494085
343.7798 4.502272
344.7637 4.513459
345.7617 4.523055
346.7532 4.530087
347.7687 4.551104
348.8008 4.564422
349.8234 4.574762
350.8267 4.593655
351.8373 4.600022
352.8402 4.611085
353.8566 4.627132
354.8575 4.629227
355.849 4.634136
356.837 4.649952
357.8149 4.656835
358.816 4.671824
359.8152 4.693414
360.8144 4.698328
361.8129 4.712397
362.8156 4.726789
363.8169 4.73562
364.8136 4.754796
365.8 4.769988
366.7998 4.780725
367.8186 4.797821
368.8218 4.810121
369.8279 4.820239
370.8276 4.838898
371.7998 4.851947
372.8014 4.862647
373.781 4.881429
374.7819 4.896774
375.7758 4.913916
376.7751 4.939857
377.802 4.959418
378.8105 4.975559
379.8512 4.996225
380.8772 5.008739
381.8771 5.024673
382.8517 5.045958
383.8062 5.06047
384.7937 5.082019
385.7828 5.108315
386.7876 5.128186
387.8194 5.153767
388.8113 5.181479
389.8042 5.19778
390.8121 5.224672
391.8139 5.252047
392.8411 5.269377
393.8625 5.299753
394.8509 5.325001
395.8376 5.345633
396.8116 5.381547
397.7971 5.412517
398.8198 5.444577
399.8229 5.485278
400.8315 5.515074
401.8633 5.545947
402.8734 5.579741
403.8972 5.607437
404.9072 5.64213
405.8947 5.677645
406.8818 5.713173
407.8695 5.754301
408.8682 5.794271
409.8676 5.835221
410.8695 5.874432
411.8696 5.916067
412.8632 5.955486
413.8738 5.999331
414.869 6.048
415.8638 6.090317
416.8427 6.139956
417.8352 6.191408
418.8477 6.237134
419.8386 6.292408
420.8512 6.345968
421.8231 6.392865
422.7944 6.449537
423.79 6.502228
424.7901 6.556849
425.7915 6.621865
426.8001 6.683947
427.7955 6.750284
428.7864 6.818303
429.7937 6.882603
430.8181 6.95389
431.8168 7.021512
432.8231 7.085163
433.82 7.157312
434.7862 7.224565
435.7728 7.294995
436.768 7.377652
437.7769 7.454431
438.7901 7.532258
439.8118 7.614887
440.8214 7.688231
441.8228 7.76069
442.8144 7.835941
443.8203 7.908397
444.8031 7.980997
445.7891 8.058216
446.7775 8.134703
447.757 8.208977
448.7715 8.290091
449.7776 8.369607
450.7862 8.440454
451.8099 8.515469
452.8022 8.584805
453.804 8.647158
454.7986 8.722847
455.7846 8.794002
456.8033 8.867638
457.8185 8.952837
458.8422 9.027451
459.8568 9.107725
460.8422 9.189482
461.8244 9.262053
462.8059 9.346041
463.7813 9.429347
464.7488 9.508339
465.7525 9.59988
466.7534 9.684065
467.7571 9.768685
468.788 9.867423
469.7713 9.956794
470.7829 10.05062
471.7891 10.14938
472.7718 10.23526
473.7708 10.32836
474.7524 10.42832
475.7572 10.52892
476.756 10.63698
477.7616 10.74676
478.7614 10.85529
479.7571 10.96218
480.778 11.07373
481.7846 11.1864
482.7864 11.29247
483.7753 11.40405
484.7645 11.51698
485.7477 11.6285
486.744 11.75354
487.7565 11.87803
488.754 12.0083
489.7408 12.13996
490.7401 12.2638
491.7218 12.39518
492.7145 12.52139
493.7359 12.65211
494.7396 12.80103
495.7453 12.93755
496.7515 13.07789
497.7509 13.22923
498.7511 13.36529
499.7446 13.51503
500.7459 13.67279
501.7444 13.82091
502.7333 13.9765
503.7504 14.13618
504.7602 14.29411
505.7795 14.45615
506.821 14.62231
507.8273 14.78643
508.8393 14.94547
509.8316 15.10776
510.8099 15.27286
511.8062 15.43782
512.8066 15.61548
513.8118 15.79769
514.8301 15.97789
515.8298 16.16047
516.8202 16.33931
517.79 16.51321
518.7753 16.6921
519.7577 16.87634
520.7479 17.0644
521.7606 17.2571
522.7522 17.45705
523.7649 17.65743
524.7791 17.85654
525.777 18.06252
526.7961 18.26716
527.7831 18.46542
528.7672 18.66715
529.7826 18.87447
530.7588 19.07578
531.7651 19.292
532.7816 19.52312
533.7805 19.74433
534.7892 19.976
535.7928 20.20422
536.7864 20.41762
537.7856 20.64207
538.7643 20.86229
539.7587 21.08416
540.7511 21.31725
541.7443 21.54284
542.7606 21.78191
543.7421 22.03
544.74 22.27087
545.7389 22.53025
546.7399 22.78344
547.7462 23.01788
548.73 23.26218
549.7195 23.50347
550.7227 23.74579
551.7496 24.0071
552.774 24.27502
553.7985 24.53613
554.79 24.79562
555.7983 25.06401
556.8085 25.31849
557.7886 25.57363
558.7915 25.84738
559.7781 26.10366
560.753 26.36426
561.7618 26.64488
562.759 26.90667
563.7632 27.18426
564.7809 27.47126
565.7882 27.73377
566.8002 28.01042
567.7803 28.27187
568.7562 28.52383
569.7432 28.80105
570.7382 29.06606
571.7452 29.34697
572.7678 29.64371
573.775 29.91805
574.7725 30.20287
575.7983 30.48458
576.781 30.74949
577.7753 31.02803
578.7734 31.29462
579.744 31.55642
580.7581 31.82673
581.7546 32.09538
582.7565 32.38132
583.7751 32.67077
584.7933 32.95793
585.8045 33.23912
586.8066 33.50196
587.7739 33.75752
588.7367 34.00739
589.7269 34.26022
590.726 34.51935
591.751 34.77892
592.7579 35.0467
593.7634 35.31581
594.7745 35.57442
595.7938 35.83947
596.8015 36.09613
597.7898 36.33351
598.7635 36.57803
599.7267 36.81343
600.7239 37.04269
601.7335 37.29155
602.7523 37.53411
603.7676 37.77331
604.7819 38.01498
605.7789 38.23835
606.7892 38.45649
607.7913 38.66777
608.7985 38.87228
609.8193 39.0886
610.804 39.28986
611.8043 39.49499
612.8003 39.70242
613.7877 39.88566
614.8054 40.08025
615.817 40.26546
616.8047 40.43143
617.8038 40.59766
618.7801 40.75445
619.7529 40.90636
620.7392 41.05967
621.7476 41.22126
622.7628 41.38737
623.7685 41.54007
624.7857 41.69249
625.7843 41.82841
626.7729 41.93784
627.7689 42.05479
628.7666 42.15755
629.7463 42.25089
630.7421 42.35818
631.7445 42.45314
632.7352 42.55671
633.757 42.66626
634.7688 42.74921
635.7701 42.83142
636.767 42.89276
637.7469 42.93419
638.7314 42.98858
639.7267 43.02633
640.722 43.06371
641.7149 43.11838
642.7154 43.15312
643.7039 43.18517
644.6967 43.22507
645.689 43.23206
646.6657 43.23965
647.6718 43.2603
648.6958 43.25377
649.696 43.2494
650.706 43.25323
651.6895 43.22956
652.6712 43.2101
653.6849 43.19661
654.692 43.16463
655.7051 43.13156
656.7206 43.10544
657.7285 43.05795
658.7217 43.00592
659.7415 42.9603
660.7394 42.89852
661.7363 42.83899
662.7705 42.78579
663.7794 42.71605
664.7773 42.64123
665.7864 42.56381
666.7764 42.47252
667.754 42.38116
668.7455 42.28078
669.7231 42.17701
670.723 42.08364
671.7295 41.97897
672.7261 41.88853
673.7565 41.80753
674.7616 41.6973
675.7769 41.59613
676.7925 41.4893
677.7505 41.34948
678.736 41.22588
679.7208 41.1094
680.6956 40.97415
681.7053 40.85947
682.7114 40.75286
683.7112 40.62747
684.7222 40.51306
685.7394 40.39859
686.7648 40.268
687.7805 40.14042
688.7728 40.00755
689.7892 39.86409
690.7533 39.72434
691.7422 39.58416
692.7606 39.44723
693.7337 39.3251
694.7375 39.19372
695.7352 39.06221
696.7201 38.93941
697.7089 38.78947
698.701 38.65417
699.7051 38.53379
700.7079 38.38747
701.7184 38.267
702.7369 38.1441
703.7245 38.00034
704.7406 37.8787
705.7659 37.74706
706.7504 37.60443
707.7576 37.47252
708.7726 37.33235
709.7521 37.1955
710.7667 37.07081
711.7846 36.94651
712.788 36.82891
713.8206 36.71054
714.833 36.58214
715.827 36.45249
716.8077 36.32575
717.7805 36.18828
718.7738 36.06085
719.7627 35.94597
720.7489 35.81238
721.7544 35.69736
722.7247 35.59186
723.7365 35.46271
724.7592 35.35446
725.7576 35.24956
726.7797 35.1175
727.7632 35.00549
728.7492 34.89278
729.7385 34.7616
730.7424 34.65892
731.7577 34.55504
732.7728 34.44258
733.7863 34.34951
734.7737 34.24548
735.756 34.14038
736.7554 34.0456
737.7697 33.95369
738.76 33.85846
739.7598 33.7739
740.7365 33.70438
741.7164 33.62775
742.7193 33.62552
743.7282 33.63351
744.7338 33.53245
745.7277 33.48279
746.7211 33.34296
747.7032 33.18779
748.6971 33.15375
749.6984 33.04488
750.7336 32.98282
751.7456 32.8935
752.762 32.7992
753.7676 32.76634
754.7452 32.64191
755.7573 32.57714
756.7622 32.50435
757.7584 32.35077
758.7546 32.29518
759.7372 32.20139
760.7201 32.0828
761.7373 32.01462
762.7629 31.92349
763.7901 31.85462
764.8171 31.76276
765.8093 31.68187
766.799 31.62354
767.7856 31.5044
768.766 31.45596
769.7667 31.40405
770.7587 31.29295
771.7341 31.26652
772.7516 31.20636
773.7454 31.12055
774.7527 31.08991
775.7728 31.01257
776.7631 30.93977
777.758 30.88347
778.7639 30.8044
779.7653 30.74817
780.7436 30.6703
781.734 30.59943
782.731 30.54545
783.7148 30.46128
784.7203 30.40149
785.7448 30.34139
786.7336 30.25871
787.7397 30.19872
788.7451 30.13168
789.7185 30.0621
790.7183 29.99557
791.7307 29.92867
792.7244 29.8758
793.7358 29.79905
794.7427 29.74401
795.7307 29.69461
796.7244 29.61306
797.7146 29.56745
798.2358 29.44255
798.2562 29.24511
797.8032 29.03299
796.8607 28.7761
795.8738 28.54129
794.9045 28.33835
793.9098 28.14722
792.8818 27.95831
791.8849 27.78467
790.8738 27.617
789.8623 27.4554
788.8547 27.2863
787.855 27.13365
786.8687 26.98959
785.869 26.82716
784.8798 26.68348
783.8802 26.54365
782.8718 26.3948
781.883 26.26371
780.9122 26.14554
779.9149 26.01313
778.9333 25.88402
777.9365 25.76707
776.9191 25.6324
775.9194 25.49991
774.8946 25.38655
773.8845 25.26136
772.9036 25.13309
771.8907 25.02512
770.8934 24.90867
769.9121 24.79255
768.8953 24.6924
767.9114 24.58096
766.9332 24.4688
765.9249 24.35952
764.929 24.24863
763.9214 24.14211
762.8975 24.03205
761.8837 23.92952
760.8687 23.83555
759.8638 23.73181
758.8745 23.63173
757.8937 23.53727
756.9164 23.42753
755.9189 23.32377
754.9064 23.23203
753.894 23.12919
752.8691 23.02932
751.8716 22.94279
750.8867 22.8471
749.8893 22.74805
748.9138 22.6658
747.9191 22.57497
746.9276 22.47907
745.9348 22.39364
744.9255 22.29837
743.9028 22.20103
742.8818 22.11543
741.8705 22.02988
740.8909 21.94431
739.9091 21.85683
738.9095 21.76615
737.9202 21.67753
736.8936 21.5845
735.8887 21.49501
734.9055 21.40972
733.8948 21.31738
732.8948 21.22901
731.8734 21.14949
730.8659 21.06563
729.8625 20.9805
728.8794 20.90611
727.9114 20.82417
726.9118 20.73334
725.9162 20.65134
724.9025 20.56538
723.8864 20.46997
722.8806 20.39194
721.8797 20.31464
720.8794 20.22468
719.9021 20.14793
718.9196 20.06694
717.9197 19.9786
716.9377 19.89761
715.9313 19.81709
714.9285 19.73053
713.9471 19.64204
712.9295 19.56186
711.9203 19.47738
710.9128 19.39451
709.8991 19.31979
708.9117 19.2397
707.9136 19.15591
706.9181 19.07328
705.9125 18.9887
704.8887 18.90214
703.9028 18.81921
702.902 18.74081
701.9093 18.65737
700.9198 18.57208
699.8989 18.49153
698.892 18.40442
697.8755 18.31391
696.8575 18.23429
695.8579 18.14724
694.858 18.05912
693.8587 17.97957
692.8683 17.8952
691.8515 17.80988
690.853 17.73265
689.8918 17.65739
688.9001 17.57183
687.9158 17.48933
686.9173 17.40279
685.889 17.31042
684.8769 17.22192
683.8712 17.13351
682.8679 17.04536
681.8456 16.9561
680.8687 16.86906
679.8783 16.78836
678.8732 16.70178
677.8943 16.61381
676.9027 16.53452
675.9081 16.43784
674.8945 16.33817
673.8792 16.25255
672.8488 16.1529
671.8406 16.06429
670.8437 15.9872
669.8466 15.89763
668.877 15.81189
667.8799 15.72576
666.9034 15.63358
665.931 15.54008
664.9211 15.44546
663.9194 15.35167
662.9053 15.25518
661.8693 15.15844
660.8732 15.06857
659.8837 14.97583
658.8956 14.88339
657.929 14.7936
656.9274 14.69283
655.9071 14.58973
654.881 14.48495
653.842 14.38588
652.8331 14.28842
651.8439 14.19259
650.8584 14.10494
649.8787 14.00861
648.8668 13.90772
647.8417 13.81228
646.8235 13.70808
645.8418 13.6052
644.8457 13.51086
643.8647 13.40932
642.891 13.30939
641.8883 13.21614
640.8911 13.11459
639.9027 13.01726
638.9091 12.92136
637.903 12.81732
636.902 12.71496
635.9004 12.61109
634.8914 12.50689
633.9073 12.40604
632.9225 12.30633
631.9469 12.20544
630.9437 12.10107
629.9276 11.99144
628.9298 11.88425
627.9042 11.77557
626.9178 11.66877
625.9257 11.56784
624.9234 11.46411
623.9272 11.36106
622.9283 11.25691
621.9299 11.14988
620.9354 11.04233
619.9329 10.93273
618.9297 10.82575
617.9253 10.71835
616.9096 10.60961
615.9373 10.51015
614.9483 10.40795
613.9691 10.30618
613.015 10.20848
612.018 10.0993
611.0018 9.989303
609.9739 9.874783
608.9307 9.757786
607.8954 9.647631
606.902 9.535494
605.9053 9.431002
604.9196 9.330374
603.9407 9.223632
602.9353 9.122403
601.9441 9.015468
600.9297 8.904645
599.9176 8.798962
598.908 8.68849
597.8853 8.582196
596.8848 8.47813
595.89 8.374217
594.8932 8.274581
593.915 8.17138
592.909 8.068149
591.9095 7.962943
590.9165 7.855939
589.8993 7.751855
588.9091 7.646544
587.8982 7.545956
586.9145 7.446639
585.9385 7.346505
584.9405 7.251508
583.9498 7.153979
582.9269 7.054515
581.9116 6.959065
580.9066 6.858055
579.9003 6.754781
578.8979 6.656824
577.899 6.557399
576.8956 6.462019
575.9044 6.370681
574.9155 6.278802
573.9202 6.182899
572.9204 6.087389
571.9127 5.992066
570.9009 5.894821
569.9008 5.802107
568.8954 5.711205
567.9016 5.621296
566.9124 5.533553
565.9166 5.449266
564.9603 5.366071
563.958 5.282722
562.9795 5.199871
561.9817 5.11752
560.9606 5.029564
559.9421 4.942451
558.9117 4.859155
557.8895 4.773264
556.8823 4.691292
555.918 4.612965
554.9302 4.531874
553.9419 4.451259
552.9282 4.372305
551.9412 4.294545
550.9243 4.214303
549.921 4.137754
548.9401 4.064356
547.9067 3.986899
546.9128 3.914819
545.9012 3.8457
544.8707 3.774463
543.879 3.708162
542.8889 3.64265
541.9209 3.57413
540.958 3.507476
539.9564 3.440658
538.9754 3.375063
537.9552 3.310166
536.9386 3.245599
535.9487 3.182262
534.9312 3.118673
533.9243 3.05602
532.9331 2.99611
531.9273 2.936256
530.9292 2.874893
529.9414 2.817238
528.9381 2.757717
527.91 2.699539
526.8914 2.646073
525.8956 2.59321
524.894 2.542426
523.9421 2.492001
522.9641 2.44179
521.9848 2.38941
521.0012 2.33813
519.9652 2.289337
518.939 2.2396
517.9255 2.190706
516.9282 2.142909
515.9338 2.095025
514.9679 2.049401
513.9626 2.006441
512.951 1.964237
511.9853 1.921995
510.979 1.880244
509.9818 1.836311
508.9698 1.79345
507.9425 1.750298
506.9258 1.709495
505.9089 1.672572
504.9326 1.63512
503.9464 1.59966
502.948 1.56083
501.9528 1.523753
500.9336 1.487419
499.8997 1.449786
498.8947 1.414759
497.906 1.380259
496.8977 1.34441
495.9094 1.311175
494.9171 1.280126
493.9137 1.248501
492.9152 1.220205
491.9036 1.189066
490.9113 1.161779
489.8967 1.131819
488.8861 1.098352
487.8985 1.072627
486.8895 1.041487
485.906 1.014446
484.9468 .9939856
483.9417 .9652547
482.9355 .9419664
481.9347 .9170461
480.9147 .8876368
479.9211 .8624532
478.9437 .8345539
477.9387 .8071474
476.915 .7826455
475.9165 .7593676
474.9182 .7389501
473.931 .7186772
472.9636 .6982796
471.987 .6787491
470.9641 .6570825
469.9521 .634411
468.9633 .6142611
467.9383 .5938002
466.9476 .5749367
465.9711 .5592828
464.9666 .5384451
463.9756 .5183282
462.983 .4965332
461.9629 .4745036
460.969 .4558792
459.9702 .4363271
458.973 .4177018
457.995 .3988176
456.9802 .3801568
455.991 .3635811
454.9899 .3483636
453.9641 .3341588
452.9725 .3201784
451.9515 .3029661
450.9505 .2859243
449.9549 .2678075
448.9371 .2515688
447.9445 .2390324
446.9506 .2252235
445.9745 .2108862
444.9763 .1937145
443.9777 .174404
442.9636 .1562907
441.9417 .1396466
440.9521 .1240463
439.9584 .1082389
438.9562 9.230423E-02
437.9279 7.653933E-02
436.9175 6.266199E-02
435.9027 4.976958E-02
434.9151 3.793399E-02
433.9541 2.702356E-02
432.9627 1.339051E-02
431.9631 4.270617E-04
430.9742 -1.466563E-02
429.9636 -3.011781E-02
428.9655 -4.335759E-02
427.9764 -5.742637E-02
426.9556 -7.174983E-02
425.947 -8.757103E-02
424.9389 -.1048086
423.9386 -.1203612
422.944 -.1358186
421.97 -.1499203
420.9971 -.1624619
420.0085 -.1793988
419.0205 -.1940497
418.0068 -.2091805
416.9976 -.2260395
415.9885 -.238886
415.0036 -.2516762
414.0398 -.265272
413.0625 -.2787093
412.0714 -.2933169
411.077 -.3100199
410.0654 -.32524
409.0538 -.3403491
408.0683 -.35614
407.0536 -.3742992
406.0447 -.3935447
405.0408 -.4106956
404.0109 -.4303829
403.0147 -.4459815
402.0185 -.4594889
401.0153 -.4782181
400.0195 -.4938686
399.0001 -.5110179
397.9694 -.5297713
396.9373 -.5445547
395.9542 -.5573034
394.9628 -.5702201
393.9759 -.5842342
392.99 -.5988288
391.9711 -.6141805
390.9742 -.6304946
389.9579 -.6448103
388.9754 -.6558359
387.9653 -.6700754
386.9434 -.6817126
385.9579 -.6922549
384.9529 -.702889
383.9725 -.7094257
382.997 -.7146379
382.0262 -.7212751
381.0549 -.7303517
380.0363 -.7400693
379.0139 -.7504877
377.9721 -.7593191
376.9329 -.7667169
375.9509 -.7701706
374.9815 -.7750788
373.9863 -.7811149
372.9983 -.7861374
372.0011 -.7936894
371.0014 -.8000355
370.0376 -.8045634
369.0115 -.8113392
367.9902 -.818018
366.9416 -.8232545
365.9204 -.8275372
364.936 -.8286937
363.9498 -.8297132
362.9822 -.8308359
361.9867 -.8337353
360.986 -.8384746
359.9831 -.8423692
358.9797 -.8464051
357.9738 -.8482121
356.9792 -.8461356
355.9919 -.8471631
354.9865 -.8496137
353.9892 -.8551655
352.9936 -.8628153
351.9964 -.8678474
351.0155 -.8722843
350.0123 -.8766086
349.0053 -.8800415
347.9669 -.8824081
346.9365 -.8840601
345.922 -.8831419
344.9113 -.8853474
343.9259 -.8866615
342.9344 -.890246
341.9348 -.8915913
340.9273 -.8936287
339.9134 -.8963115
338.9062 -.8962535
337.913 -.8969517
336.922 -.9002572
335.9402 -.9019915
334.9524 -.9063955
333.9343 -.9144239
332.9276 -.9156073
331.9355 -.919598
330.9386 -.917901
329.9515 -.9188557
328.9626 -.918536
327.9567 -.9187794
326.9659 -.9230232
325.9715 -.9241545
324.981 -.9276481
323.9705 -.9321318
322.95 -.9356982
321.9528 -.937085
320.9566 -.9382311
319.9814 -.9385352
318.9938 -.9393858
317.9948 -.9441121
316.9955 -.9502035
315.9962 -.9569551
314.9842 -.9625996
313.9727 -.9659148
312.9557 -.9708056
311.9582 -.9717922
310.9869 -.9741467
310.0151 -.9757779
309.0583 -.9753864
308.0543 -.9777131
307.0407 -.9795824
306.0616 -.9822305
305.0153 -.9882277
304.011 -.9941355
303.0156 -.9980293
302.0035 -1.00176
301.0242 -1.001738
300.029 -1.004498
299.0322 -1.010392
298.0038 -1.018718
296.9839 -1.027484
295.961 -1.034821
294.9382 -1.041709
293.9329 -1.045687
292.9335 -1.050275
291.9302 -1.056107
290.9551 -1.058846
289.9593 -1.062292
288.9442 -1.067721
287.951 -1.069407
286.937 -1.075026
285.9332 -1.083117
284.9568 -1.088488
283.9651 -1.095651
282.9688 -1.099996
281.9836 -1.102284
280.9813 -1.107259
280.0127 -1.113688
279.0169 -1.124867
278.0329 -1.137331
277.0419 -1.146526
275.9975 -1.159183
274.9772 -1.168559
273.968 -1.175815
272.953 -1.187979
271.9601 -1.193883
270.9652 -1.198287
269.964 -1.207156
268.9838 -1.213612
268.0109 -1.221857
267.0149 -1.23417
265.9954 -1.246522
264.9734 -1.256505
263.9579 -1.267743
262.9538 -1.279164
261.964 -1.288497
261.0002 -1.300941
260.006 -1.317101
259.0028 -1.33252
258.0294 -1.34802
257.0119 -1.364172
256.0258 -1.377766
255.062 -1.392755
254.0405 -1.410029
253.0322 -1.426962
252.0054 -1.445495
250.9807 -1.460611
249.9953 -1.475049
249.0072 -1.491603
248.0195 -1.506869
247.0302 -1.526584
246.0108 -1.548504
245.006 -1.565198
243.9982 -1.586281
242.9816 -1.606856
241.9959 -1.626752
240.9921 -1.653154
240.0022 -1.677597
239.0078 -1.702377
237.9984 -1.727767
236.996 -1.751339
235.9949 -1.777725
234.9957 -1.804707
233.986 -1.83339
232.9725 -1.863334
231.9591 -1.890085
230.9506 -1.916142
229.9793 -1.940679
229.0294 -1.965437
228.0475 -1.996823
227.0671 -2.030704
226.0671 -2.066531
225.0469 -2.10523
224.0489 -2.140664
223.0551 -2.17745
222.0354 -2.216366
221.0201 -2.253212
220.0165 -2.292076
219.0045 -2.329463
218.0267 -2.36887
217.0533 -2.409257
216.0612 -2.452
215.0428 -2.501233
214.0065 -2.548849
212.987 -2.595564
211.9651 -2.645156
211.0036 -2.685597
210.032 -2.727754
209.0463 -2.778754
208.0575 -2.82694
207.0593 -2.883228
206.0525 -2.943874
205.0301 -2.999709
204.043 -3.055719
203.0414 -3.114759
202.0548 -3.172946
