Potencial	Intensidad
mv	ua
FcMeso	
-100.37020	-0.44119
-100.15800	-0.42116
-99.68104	-0.39737
-98.96226	-0.36916
-97.98404	-0.33568
-96.96947	-0.32037
-95.98076	-0.30446
-94.96891	-0.28954
-93.95589	-0.27523
-92.96782	-0.26369
-91.96054	-0.25160
-90.95448	-0.23974
-89.97626	-0.22990
-88.98438	-0.21816
-87.97719	-0.20901
-87.00205	-0.20364
-85.99548	-0.19770
-84.98676	-0.19182
-83.99249	-0.18517
-82.98080	-0.17760
-81.98698	-0.16954
-80.96807	-0.16138
-79.97363	-0.15519
-78.97131	-0.14683
-77.93985	-0.13985
-76.97257	-0.13438
-75.96614	-0.12756
-74.96189	-0.12153
-73.98638	-0.11815
-72.98125	-0.11302
-72.00478	-0.10816
-71.03342	-0.10419
-70.06295	-0.09944
-69.05368	-0.09492
-68.03152	-0.08958
-67.01319	-0.08744
-65.99216	-0.08087
-64.99654	-0.07471
-64.00995	-0.07305
-63.00383	-0.06396
-61.98347	-0.05932
-60.98421	-0.05816
-59.97715	-0.05192
-58.96551	-0.04830
-57.96416	-0.04574
-56.95536	-0.03899
-55.94243	-0.03462
-54.92606	-0.03354
-53.94515	-0.03089
-52.92332	-0.03026
-51.91613	-0.02870
-50.94768	-0.02623
-49.94165	-0.02381
-48.94720	-0.02103
-47.97243	-0.02042
-46.96990	-0.01903
-45.96881	-0.01706
-44.98788	-0.01531
-43.97337	-0.01110
-42.98389	-0.00789
-41.98508	-0.00465
-40.97375	-0.00022
-39.97416	0.00345
-38.97900	0.00583
-37.97129	0.00808
-36.97375	0.00767
-35.97817	0.00636
-34.95250	0.00632
-33.96311	0.00627
-32.95649	0.00693
-31.94535	0.00776
-30.96348	0.01012
-29.96668	0.01357
-28.96498	0.01746
-27.96394	0.02231
-26.95468	0.02591
-25.95782	0.02525
-24.97121	0.02506
-23.98595	0.02307
-22.99442	0.01966
-21.97821	0.01949
-20.97474	0.01953
-19.97505	0.02037
-18.97540	0.02340
-17.98628	0.02767
-16.97353	0.03313
-15.95458	0.03695
-14.93604	0.03863
-13.91169	0.03852
-12.92935	0.03553
-11.93269	0.03479
-10.94694	0.03572
-9.97740	0.03568
-8.95407	0.03757
-7.96105	0.03971
-6.95399	0.04131
-5.93274	0.04473
-4.93931	0.04743
-3.95884	0.04724
-2.98096	0.04813
-2.00850	0.04885
-1.05726	0.04931
-0.07511	0.04980
0.91075	0.04938
1.91993	0.05026
2.91751	0.05018
3.90924	0.05200
4.89947	0.05498
5.86866	0.05457
6.88088	0.05515
7.86189	0.05705
8.86597	0.05854
9.86901	0.06113
10.86321	0.06383
11.88433	0.06597
12.88755	0.06562
13.87120	0.06539
14.86604	0.06634
15.86485	0.06584
16.84238	0.06562
17.84842	0.06705
18.84104	0.06701
19.83376	0.06866
20.87548	0.07317
21.87754	0.07470
22.89366	0.07573
23.91623	0.07506
24.88436	0.07307
25.88661	0.07346
26.88149	0.07366
27.86501	0.07557
28.86848	0.07726
29.85463	0.07856
30.83737	0.08131
31.84587	0.08454
32.84929	0.08720
33.87860	0.09064
34.88889	0.09194
35.87533	0.09159
36.86917	0.09197
37.85394	0.09125
38.85907	0.09253
39.86538	0.09342
40.86177	0.09479
41.85697	0.09706
42.85735	0.09981
43.85180	0.10258
44.86399	0.10638
45.87541	0.10921
46.87652	0.11254
47.87726	0.11659
48.86803	0.11874
49.86153	0.12049
50.84746	0.11916
51.82702	0.12014
52.82153	0.12161
53.82306	0.12311
54.81144	0.12708
55.83283	0.12917
56.84019	0.13096
57.84032	0.13437
58.85155	0.13895
59.84716	0.14337
60.84890	0.14716
61.84473	0.14887
62.86364	0.14971
63.86185	0.15015
64.84442	0.15198
65.84452	0.15627
66.82047	0.15888
67.80849	0.16215
68.81181	0.16613
69.78329	0.16833
70.79420	0.17381
71.82726	0.17901
72.84005	0.18327
73.86837	0.18719
74.85956	0.18882
75.84195	0.19084
76.83292	0.19250
77.80544	0.19543
78.79419	0.20033
79.78483	0.20559
80.77557	0.21049
81.79967	0.21855
82.79980	0.22396
83.78393	0.22968
84.78966	0.23597
85.78587	0.23962
86.77667	0.24436
87.78604	0.24920
88.78143	0.25500
89.77397	0.25966
90.79427	0.26612
91.79570	0.27259
92.80823	0.27820
93.82390	0.28530
94.81883	0.29214
95.83571	0.29885
96.84644	0.30707
97.86100	0.31694
98.88245	0.32352
99.88367	0.32981
100.88040	0.33526
101.85810	0.33903
102.84490	0.34731
103.83730	0.35716
104.83230	0.36776
105.84030	0.37840
106.85220	0.38773
107.85330	0.39531
108.84240	0.40414
109.82770	0.41345
110.81030	0.42355
111.81270	0.43371
112.80390	0.44255
113.81980	0.45155
114.81900	0.45965
115.81740	0.46945
116.83350	0.48026
117.81160	0.48954
118.78430	0.50035
119.77810	0.51241
120.75880	0.52495
121.75590	0.54144
122.80070	0.55554
123.80180	0.56867
124.81550	0.58041
125.82070	0.59005
126.80560	0.60176
127.80430	0.61197
128.80070	0.62438
129.79220	0.63845
130.77160	0.65137
131.75020	0.66777
132.75290	0.68557
133.73980	0.70141
134.75590	0.71892
135.79400	0.73523
136.78780	0.74826
137.81390	0.76263
138.78460	0.77636
139.75990	0.79090
140.75550	0.80704
141.76320	0.82492
142.79890	0.84546
143.78690	0.86355
144.79470	0.88227
145.78970	0.90065
146.76510	0.91436
147.77430	0.93250
148.76000	0.95162
149.77260	0.96790
150.79270	0.98658
151.81240	1.00388
152.83380	1.02004
153.81210	1.03934
154.80620	1.05896
155.79190	1.07813
156.77960	1.09594
157.79230	1.11301
158.78260	1.13214
159.78160	1.15013
160.76180	1.16944
161.75580	1.19022
162.76340	1.20610
163.74380	1.22284
164.76580	1.24104
165.76520	1.25641
166.75580	1.27533
167.75780	1.29344
168.76190	1.30941
169.75520	1.32809
170.75810	1.34636
171.77370	1.36669
172.76820	1.38644
173.76710	1.40393
174.78290	1.42105
175.78200	1.43415
176.78130	1.44641
177.80450	1.46036
178.78440	1.47236
179.78130	1.48681
180.77410	1.50448
181.74570	1.51997
182.76550	1.53730
183.76130	1.55271
184.75730	1.56536
185.78020	1.57856
186.77110	1.58888
187.78710	1.60139
188.80080	1.61187
189.77550	1.62161
190.78190	1.63296
191.77490	1.64305
192.76760	1.65552
193.79960	1.66866
194.78900	1.67844
195.78700	1.68736
196.79820	1.69524
197.77680	1.70090
198.79520	1.70939
199.79430	1.71652
200.79780	1.72141
201.81130	1.72713
202.79380	1.73151
203.80820	1.73422
204.80030	1.73957
205.79450	1.74344
206.79910	1.74648
207.78000	1.75030
208.79260	1.75276
209.78500	1.75701
210.76920	1.75799
211.76890	1.76021
212.77220	1.76159
213.76970	1.75847
214.76710	1.75850
215.77880	1.75749
216.74440	1.75368
217.73300	1.75184
218.74070	1.74988
219.73480	1.74743
220.73920	1.74716
221.74950	1.74616
222.74320	1.74355
223.73600	1.73955
224.73390	1.73521
225.74850	1.73203
226.74760	1.72530
227.75260	1.71939
228.74800	1.71385
229.69890	1.70464
230.70590	1.70092
231.69530	1.69734
232.70500	1.69285
233.72130	1.68849
234.69830	1.68152
235.70460	1.67566
236.69660	1.66861
237.69600	1.66234
238.70640	1.65898
239.69840	1.65134
240.68950	1.64542
241.68940	1.64067
242.68260	1.63161
243.66530	1.62591
244.66960	1.61943
245.66740	1.61089
246.66800	1.60397
247.66560	1.59656
248.67910	1.58840
249.68530	1.58131
250.69010	1.57441
251.73760	1.56700
252.75720	1.55913
253.76760	1.55090
254.78540	1.54439
255.75420	1.53692
256.73440	1.52963
257.73230	1.52438
258.71620	1.51681
259.71700	1.51024
260.70590	1.50317
261.69520	1.49399
262.69600	1.48676
263.71010	1.47959
264.71770	1.47321
265.73080	1.46651
266.73960	1.45916
267.72090	1.45040
268.71320	1.44236
269.69760	1.43545
270.70140	1.43068
271.70440	1.42642
272.69760	1.42141
273.69200	1.41548
274.68860	1.40677
275.69030	1.39910
276.70210	1.39223
277.71720	1.38485
278.72090	1.37911
279.73350	1.37337
280.72010	1.36709
281.71220	1.36379
282.70090	1.35916
283.69730	1.35403
284.69800	1.34932
285.69230	1.34219
286.69450	1.33603
287.68180	1.32992
288.66460	1.32427
289.66610	1.32040
290.65410	1.31636
291.66470	1.31297
292.70190	1.31050
293.71350	1.30712
294.71360	1.30386
295.72540	1.30022
296.71400	1.29568
297.70350	1.29207
298.71060	1.28835
299.66810	1.28478
300.67220	1.28174
301.66970	1.27826
302.70810	1.27677
303.75690	1.27397
304.76060	1.27133
305.78320	1.26888
306.76260	1.26460
307.74130	1.26343
308.74650	1.26300
309.72330	1.26169
310.70080	1.25994
311.70920	1.25684
312.70460	1.25222
313.70090	1.24899
314.71430	1.24776
315.72350	1.24732
316.71220	1.24657
317.71070	1.24519
318.70170	1.24433
319.66750	1.24256
320.67900	1.24361
321.71140	1.24562
322.72510	1.24432
323.75120	1.24351
324.75400	1.24140
325.73760	1.23880
326.73320	1.23886
327.72040	1.23884
328.72050	1.23836
329.72470	1.23878
330.72160	1.23914
331.71850	1.24131
332.70820	1.24374
333.69430	1.24484
334.70120	1.24653
335.70310	1.24525
336.68650	1.24405
337.69100	1.24457
338.67590	1.24449
339.65480	1.24612
340.66750	1.24895
341.65080	1.25084
342.64850	1.25328
343.67100	1.25621
344.66830	1.25879
345.66080	1.26205
346.67790	1.26478
347.68150	1.26758
348.67170	1.26927
349.69270	1.26939
350.67370	1.27000
351.66910	1.27051
352.68900	1.27296
353.70250	1.27760
354.72560	1.28195
355.73420	1.28660
356.73440	1.29010
357.71700	1.29228
358.68740	1.29611
359.67450	1.29952
360.67290	1.30218
361.68330	1.30475
362.70010	1.30651
363.70430	1.30884
364.68660	1.31330
365.67960	1.31858
366.69380	1.32364
367.69130	1.32682
368.67820	1.32984
369.68990	1.33408
370.66410	1.33860
371.66230	1.34491
372.67990	1.35046
373.66270	1.35290
374.68300	1.35563
375.69210	1.35883
376.69510	1.36099
377.69780	1.36609
378.68810	1.37103
379.69190	1.37568
380.70170	1.38144
381.70460	1.38706
382.69840	1.39305
383.68140	1.40032
384.64970	1.40421
385.65990	1.41091
386.63190	1.41494
387.63080	1.41830
388.65230	1.42579
389.62700	1.43016
390.65600	1.43653
391.67490	1.44270
392.67190	1.44907
393.69190	1.45453
394.69880	1.45996
395.69420	1.46599
396.70280	1.47285
397.69710	1.48010
398.22550	1.45306
398.26460	1.41117
397.80120	1.35472
396.83850	1.28753
395.85690	1.24616
394.86440	1.20945
393.87960	1.17734
392.87370	1.14828
391.87350	1.12159
390.85030	1.09506
389.83750	1.07141
388.87100	1.04998
387.85860	1.02854
386.86690	1.01186
385.86160	0.99518
384.84310	0.97843
383.85570	0.96401
382.87330	0.94889
381.89490	0.93417
380.89530	0.92131
379.88780	0.90762
378.86770	0.89426
377.84520	0.88219
376.82410	0.87001
375.82650	0.86063
374.83210	0.85127
373.84010	0.84308
372.86980	0.83623
371.86060	0.82693
370.84670	0.81836
369.85120	0.81020
368.84690	0.80109
367.84900	0.79476
366.86210	0.78917
365.85060	0.78149
364.86110	0.77377
363.85510	0.76535
362.86250	0.75695
361.87300	0.74960
360.85180	0.74349
359.85890	0.73763
358.86050	0.73098
357.84320	0.72548
356.86100	0.72096
355.86580	0.71486
354.86070	0.71086
353.86220	0.70772
352.86040	0.70324
351.87430	0.70038
350.86840	0.69634
349.87690	0.69196
348.85350	0.68853
347.82040	0.68544
346.81340	0.68261
345.81680	0.67777
344.83200	0.67117
343.84170	0.66413
342.85050	0.65697
341.85790	0.65168
340.85960	0.64827
339.84890	0.64460
338.84690	0.64197
337.83360	0.63980
336.82900	0.63703
335.85230	0.63575
334.85830	0.63374
333.85780	0.63126
332.85470	0.62912
331.86650	0.62543
330.85580	0.62364
329.87200	0.62159
328.89520	0.61970
327.87840	0.61865
326.87220	0.61555
325.85920	0.61136
324.85110	0.60751
323.85010	0.60245
322.86390	0.59836
321.87280	0.59582
320.85730	0.59159
319.87260	0.58931
318.86490	0.58641
317.85800	0.58360
316.85750	0.58254
315.83620	0.58124
314.84500	0.58016
313.84190	0.57809
312.84190	0.57510
311.84840	0.57228
310.85350	0.57012
309.84850	0.56836
308.85120	0.56735
307.84950	0.56434
306.85280	0.56112
305.88210	0.55794
304.90030	0.55349
303.88820	0.55075
302.90340	0.54781
301.86930	0.54433
300.86790	0.54263
299.87450	0.53962
298.84030	0.53714
297.85220	0.53515
296.83900	0.53274
295.84850	0.53241
294.85130	0.52995
293.86790	0.52880
292.86750	0.52683
291.85340	0.52204
290.84970	0.52011
289.82620	0.51764
288.81730	0.51515
287.80730	0.51463
286.79690	0.51468
285.77980	0.51251
284.79870	0.50993
283.82020	0.50647
282.85330	0.50151
281.88160	0.49727
280.86410	0.49394
279.86000	0.49170
278.85660	0.48775
277.84930	0.48506
276.85370	0.48244
275.85140	0.47870
274.84370	0.47585
273.84970	0.47242
272.85630	0.46854
271.86350	0.46432
270.85980	0.46112
269.86980	0.45797
268.87660	0.45496
267.88190	0.45131
266.88970	0.44815
265.89680	0.44449
264.89400	0.44121
263.90060	0.43990
262.89290	0.43816
261.85770	0.43954
260.85480	0.44198
259.83940	0.43848
258.83310	0.43320
257.83060	0.42792
256.83600	0.42020
255.85710	0.41579
254.87450	0.41294
253.90620	0.40555
252.90630	0.40021
251.90660	0.39308
250.90930	0.38627
249.89070	0.38139
248.86560	0.37431
247.83560	0.37121
246.82600	0.36679
245.83580	0.36182
244.85310	0.35783
243.86850	0.35157
242.86950	0.34358
241.87840	0.33885
240.87500	0.33180
239.86490	0.32648
238.87280	0.32330
237.85800	0.31688
236.85580	0.31216
235.86730	0.30571
234.88220	0.29822
233.89730	0.29032
232.90440	0.28185
231.91480	0.27514
230.89750	0.26631
229.89530	0.25832
228.92020	0.25280
227.92040	0.24394
226.91840	0.23833
225.91840	0.23370
224.88800	0.22686
223.87270	0.22194
222.90000	0.21708
221.89880	0.21218
220.91210	0.20423
219.92730	0.19679
218.91560	0.18726
217.91150	0.17603
216.91240	0.16787
215.93770	0.15818
214.94900	0.14606
213.96960	0.13289
212.97520	0.12047
211.95250	0.10696
210.93400	0.09540
209.91310	0.08629
208.92010	0.07591
207.93040	0.06728
206.93970	0.06004
205.95560	0.05212
204.96380	0.04357
203.97720	0.03483
202.99930	0.02465
202.00740	0.01218
200.99960	0.00058
199.97760	-0.00957
198.95500	-0.02037
197.93370	-0.03035
196.93640	-0.04004
195.92170	-0.05217
194.91000	-0.06404
193.92190	-0.07559
192.90620	-0.08800
191.93520	-0.09933
190.93280	-0.11176
189.93950	-0.12479
188.95060	-0.13677
187.91540	-0.14862
186.91430	-0.15719
185.90220	-0.16394
184.89250	-0.17242
183.90710	-0.18096
182.91490	-0.19225
181.90520	-0.20512
180.89920	-0.21616
179.89200	-0.22811
178.89570	-0.23807
177.92800	-0.24713
176.93980	-0.25912
175.95390	-0.26860
174.93810	-0.27931
173.91190	-0.29187
172.89600	-0.30145
171.88530	-0.31313
170.89620	-0.32559
169.89850	-0.33664
168.89980	-0.34768
167.89900	-0.35661
166.89590	-0.36346
165.89360	-0.36914
164.92250	-0.37484
163.92510	-0.38362
162.93660	-0.39187
161.92690	-0.40096
160.90080	-0.41133
159.91940	-0.41776
158.91360	-0.42404
157.93170	-0.42944
156.93700	-0.43389
155.93660	-0.43871
154.94520	-0.44447
153.94270	-0.45115
152.97540	-0.45701
151.96970	-0.46528
150.96560	-0.47566
149.95090	-0.48650
148.92070	-0.49714
147.91430	-0.50712
146.90850	-0.51251
145.92670	-0.51633
144.90690	-0.52197
143.90560	-0.52605
142.89220	-0.53145
141.87060	-0.53677
140.87820	-0.54129
139.87830	-0.54635
138.89710	-0.55098
137.91330	-0.55737
136.92500	-0.56105
135.93090	-0.56310
134.92130	-0.56586
133.91120	-0.56695
132.91300	-0.56734
131.90170	-0.57080
130.90040	-0.57397
129.89810	-0.57594
128.90160	-0.57932
127.91020	-0.57926
126.92650	-0.57842
125.95040	-0.58046
124.94250	-0.58370
123.95360	-0.58827
122.93950	-0.59203
121.93260	-0.59450
120.92840	-0.59546
119.91040	-0.59157
118.90380	-0.58076
117.89300	-0.56880
116.91220	-0.55667
115.93590	-0.55281
114.94650	-0.55939
113.98880	-0.56569
112.98340	-0.57930
111.97650	-0.58815
110.97990	-0.59035
109.95300	-0.59251
108.96750	-0.58733
107.95220	-0.58472
106.95120	-0.58650
105.96300	-0.58963
104.93850	-0.59245
103.95750	-0.59004
102.97670	-0.58730
101.97820	-0.58262
101.00990	-0.57618
99.99827	-0.57033
98.99051	-0.56311
97.98390	-0.55865
96.94730	-0.55898
95.95350	-0.56503
94.93369	-0.57533
93.92992	-0.58577
92.94008	-0.59327
91.92559	-0.59651
90.92808	-0.59640
89.92755	-0.59318
88.92799	-0.58812
87.96236	-0.58440
86.96884	-0.58268
85.96463	-0.58137
84.97137	-0.58203
83.94572	-0.58221
82.94029	-0.58015
81.93861	-0.57794
80.94122	-0.57546
79.93612	-0.57375
78.94688	-0.57101
77.94986	-0.56882
76.95428	-0.56651
75.97499	-0.56502
74.99478	-0.56309
73.99825	-0.55984
72.98590	-0.55586
71.98141	-0.54697
70.96844	-0.53840
69.96301	-0.53089
68.97313	-0.52394
67.96107	-0.52248
66.95699	-0.52476
65.98849	-0.53013
64.97511	-0.53781
63.98319	-0.54496
62.99699	-0.54973
61.95739	-0.55280
60.96194	-0.55253
59.96312	-0.54876
58.94921	-0.54175
57.95654	-0.53371
56.96926	-0.52859
55.97400	-0.52583
54.98395	-0.52670
53.99455	-0.52756
52.98709	-0.52704
51.98349	-0.52735
50.96979	-0.52770
49.98280	-0.52771
48.97337	-0.52906
47.97459	-0.52885
46.99089	-0.52810
45.97215	-0.52878
44.97292	-0.52845
43.97883	-0.52829
42.95750	-0.52710
41.95420	-0.52205
40.95950	-0.51308
39.96526	-0.50742
38.98874	-0.50437
37.98899	-0.50506
36.99228	-0.50929
35.98496	-0.51118
34.98460	-0.51062
33.98917	-0.50972
32.98146	-0.51034
31.96846	-0.51006
30.96043	-0.51057
29.97872	-0.51125
29.00568	-0.51108
27.99493	-0.51118
27.00282	-0.51090
25.99018	-0.51142
24.96100	-0.51070
23.99044	-0.51003
22.99392	-0.51040
22.00018	-0.50938
21.03456	-0.50683
20.03353	-0.50586
19.02864	-0.50370
18.02932	-0.50148
17.01704	-0.50315
16.00377	-0.50161
14.99434	-0.50106
13.99414	-0.50119
13.01199	-0.50059
12.03560	-0.50180
11.05511	-0.49927
10.06380	-0.49715
9.04841	-0.49426
8.04857	-0.49060
7.02777	-0.49084
5.99723	-0.49223
4.99343	-0.49390
3.98052	-0.49724
2.97628	-0.49976
2.02085	-0.49937
1.03783	-0.49893
0.07321	-0.49737
-0.86455	-0.49608
-1.83051	-0.49465
-2.79351	-0.49566
-3.78406	-0.49705
-4.78720	-0.49834
-5.80587	-0.50209
-6.81921	-0.50312
-7.82466	-0.50465
-8.82162	-0.50552
-9.81266	-0.50565
-10.80379	-0.50547
-11.80501	-0.50595
-12.80503	-0.50646
-13.81518	-0.50747
-14.83876	-0.50990
-15.85946	-0.51058
-16.87754	-0.51167
-17.89055	-0.51137
-18.87226	-0.51003
-19.84553	-0.51025
-20.82737	-0.51047
-21.80471	-0.51235
-22.81251	-0.51493
-23.79970	-0.51666
-24.81140	-0.51956
-25.81728	-0.52102
-26.78604	-0.52171
-27.80120	-0.52403
-28.80724	-0.52404
-29.79344	-0.52444
-30.82022	-0.52541
-31.81437	-0.52483
-32.80698	-0.52589
-33.82970	-0.52964
-34.84302	-0.53163
-35.85873	-0.53366
-36.84802	-0.53453
-37.82124	-0.53349
-38.80549	-0.53505
-39.80321	-0.53756
-40.80643	-0.54301
-41.79953	-0.54762
-42.78556	-0.55139
-43.80148	-0.55754
-44.80936	-0.56031
-45.84672	-0.56424
-46.88634	-0.56783
-47.87520	-0.56910
-48.90043	-0.57105
-49.89110	-0.57328
-50.86480	-0.57597
-51.85700	-0.57729
-52.83381	-0.58216
-53.84361	-0.58369
-54.85931	-0.58612
-55.85322	-0.58736
-56.86052	-0.58788
-57.85075	-0.59108
-58.85212	-0.59417
-59.86328	-0.60073
-60.83490	-0.60450
-61.85748	-0.61173
-62.85927	-0.61755
-63.84814	-0.62065
-64.86375	-0.62504
-65.82786	-0.62803
-66.81789	-0.63105
-67.83500	-0.63651
-68.84624	-0.64284
-69.87097	-0.64694
-70.87704	-0.65253
-71.85297	-0.65615
-72.85332	-0.66024
-73.84477	-0.66438
-74.82628	-0.66843
-75.83282	-0.67547
-76.82187	-0.68181
-77.80377	-0.68821
-78.82011	-0.69712
-79.83298	-0.70377
-80.82567	-0.71151
-81.84010	-0.71981
-82.83542	-0.72608
-83.82619	-0.73208
-84.83514	-0.73822
-85.82784	-0.74494
-86.83146	-0.75190
-87.83070	-0.75981
-88.83350	-0.76945
-89.83102	-0.77775
-90.82062	-0.78423
-91.82324	-0.79403
-92.81716	-0.79990
-93.81364	-0.80755
-94.81568	-0.81919
-95.79533	-0.82858
-96.79758	-0.83997
-97.79663	-0.85194

