1 -208.3785 -303.2293 -14.67255 6.296752
2 -232.5192 -312.104 -15.0133 8.250188
3 -245.6138 -321.0253 -15.39941 9.345083
4 -253.732 -326.9364 -15.77365 10.19897
5 -258.7901 -336.8203 -16.06367 10.83945
6 -263.9333 -338.7099 -16.35938 11.3351
7 -264.0024 -341.6532 -16.5888 11.76481
8 -269.1056 -344.5142 -16.80928 12.13207
9 -271.2274 -344.4089 -17.0154 12.48561
10 -272.3209 -345.3373 -17.22149 12.80088
11 -272.437 -350.2383 -17.41894 13.07594
12 -277.5244 -350.1489 -17.5694 13.34824
13 -277.6312 -352.0229 -17.70218 13.58464
14 -282.6926 -350.9489 -17.80622 13.80931
15 -281.8311 -351.8335 -17.89486 14.02613
16 -282.8877 -353.7307 -17.98707 14.21545
17 -283.0005 -355.5838 -18.0474 14.38385
18 -284.0801 -353.522 -18.11732 14.55241
19 -284.2024 -355.4018 -18.17002 14.68157
20 -285.2932 -355.3182 -18.21468 14.82277
21 -285.3782 -356.1953 -18.24926 14.9365
22 -285.5085 -354.1234 -18.27088 15.04372
23 -285.6062 -356.0012 -18.30962 15.14476
24 -288.7378 -355.8738 -18.32608 15.23755
25 -288.8274 -354.833 -18.35636 15.31259
26 -288.951 -355.7386 -18.3708 15.40122
27 -289.0065 -355.6155 -18.38418 15.47462
28 -289.134 -355.5277 -18.39528 15.53559
29 -290.2409 -355.4005 -18.41082 15.58106
30 -291.3338 -354.3031 -18.42485 15.63906
31 -291.401 -353.2089 -18.41949 15.67908
32 -292.4981 -355.0909 -18.4304 15.73024
33 -291.6004 -353.0001 -18.42909 15.76998
34 -290.6708 -353.9068 -18.43237 15.79242
35 -292.7912 -355.7814 -18.43843 15.83347
36 -293.9194 -352.7067 -18.44001 15.84606
37 -292.0182 -355.5778 -18.43863 15.87481
38 -293.0832 -352.5001 -18.42621 15.90742
39 -293.2099 -351.3927 -18.41817 15.92699
40 -295.2783 -353.2748 -18.42445 15.93082
41 -295.4136 -355.1993 -18.39523 15.95274
42 -295.4794 -355.094 -18.38147 15.96395
43 -294.5917 -352.9846 -18.37675 15.97387
44 -295.6952 -355.9152 -18.35363 15.97747
45 -295.785 -355.7835 -18.33617 15.99886
46 -298.3904 -353.2257 -18.43629 16.3006
47 -298.5614 -355.0835 -18.39365 16.14523
48 -298.6328 -353.0437 -18.3598 16.11333
49 -298.7224 -352.8848 -18.3262 16.09028
50 -297.82 -355.7928 -18.29994 16.08779
51 -297.9005 -350.7123 -18.27114 16.08151
52 -298.0093 -351.629 -18.2548 16.06643
53 -298.1265 -353.5137 -18.24393 16.06713
54 -298.197 -351.4106 -18.21519 16.05472
55 -298.2891 -353.314 -18.21548 16.04664
56 -298.37 -355.1919 -18.18122 16.03567
57 -298.5016 -353.0755 -18.16856 16.03172
58 -298.6046 -354.9993 -18.14713 16.01196
59 -298.6965 -354.9243 -18.13385 16.01927
60 -297.8021 -351.8253 -18.11686 15.99352
61 -300.9125 -353.6972 -18.09669 15.98702
62 -299.0433 -355.6089 -18.07421 15.97736
63 -298.1487 -352.4858 -18.05927 15.96609
64 -301.1805 -353.3649 -18.0473 15.95819
65 -298.3029 -355.3027 -18.03368 15.94806
66 -298.4171 -355.1902 -18.00219 15.94066
67 -301.4846 -351.129 -17.99189 15.93041
68 -298.5587 -351.0227 -17.96325 15.92124
69 -300.6692 -350.9133 -17.95804 15.90975
70 -300.7949 -353.8115 -17.93635 15.9036
71 -297.9134 -351.6931 -17.92068 15.88383
72 -298.9995 -350.5926 -17.90428 15.88323
73 -299.1025 -355.5072 -17.88369 15.86915
74 -301.2134 -352.4122 -17.87759 15.84587
75 -301.295 -351.2828 -17.85937 15.84681
76 -301.404 -354.1878 -17.8396 15.83729
77 -298.4532 -353.0757 -17.83412 15.82691
78 -298.587 -351.0204 -17.80156 15.80674
79 -301.6932 -350.9063 -17.78155 15.79697
80 -298.7855 -350.8367 -17.7701 15.78258
81 -298.9136 -350.7111 -17.75253 15.76771
82 -301.0527 -350.6031 -17.73327 15.75727
83 -301.0893 -350.4882 -17.71299 15.76586
84 -301.1881 -350.4266 -17.68893 15.73451
85 -301.2699 -351.2935 -17.69175 15.72813
86 -301.3565 -351.1783 -17.65257 15.72361
87 -299.5248 -353.1194 -17.6184 15.70516
88 -301.5952 -354.0444 -17.60421 15.68985
89 -301.711 -350.8506 -17.59662 15.67565
90 -298.8298 -351.8053 -17.56687 15.65325
