-99.65727 -5.565534E-02
-99.42639 -4.378814E-02
-98.96375 -2.894591E-02
-98.24248 -1.358356E-02
-97.29288 2.680305E-03
-96.3022 7.910888E-03
-95.30436 1.188193E-02
-94.32064 1.588679E-02
-93.29424 1.947989E-02
-92.30288 2.025745E-02
-91.29982 2.031467E-02
-90.30617 1.886703E-02
-89.30125 1.939754E-02
-88.3056 2.214113E-02
-87.31298 2.434553E-02
-86.30989 2.724948E-02
-85.3401 3.090066E-02
-84.33537 3.212985E-02
-83.33653 3.319782E-02
-82.33749 3.501127E-02
-81.3228 3.550104E-02
-80.32867 3.594574E-02
-79.32948 3.647972E-02
-78.33364 3.717407E-02
-77.33549 3.814494E-02
-76.35095 3.840586E-02
-75.3511 4.174411E-02
-74.33505 4.378207E-02
-73.34826 4.329057E-02
-72.33308 4.649618E-02
-71.32095 4.692788E-02
-70.33072 4.817614E-02
-69.30866 4.981883E-02
-68.3116 4.945475E-02
-67.312 4.915049E-02
-66.31088 4.838939E-02
-65.31975 4.780253E-02
-64.33721 4.872746E-02
-63.34831 4.919383E-02
-62.35692 5.120146E-02
-61.33714 .0535905
-60.30727 .0539173
-59.30263 5.575936E-02
-58.28098 5.657073E-02
-57.30853 5.742372E-02
-56.32701 6.120406E-02
-55.31714 6.180479E-02
-54.33783 6.108443E-02
-53.31538 5.970094E-02
-52.31735 5.783114E-02
-51.32197 5.796637E-02
-50.30981 5.902826E-02
-49.32224 6.094227E-02
-48.30075 6.217927E-02
-47.29324 .0618932
-46.30344 6.155513E-02
-45.3077 6.294816E-02
-44.32515 6.398232E-02
-43.34816 6.662621E-02
-42.32992 6.945734E-02
-41.33055 .0683027
-40.32188 6.743325E-02
-39.30434 6.646584E-02
-38.31812 6.607576E-02
-37.30993 6.690621E-02
-36.31168 6.790395E-02
-35.30374 6.904473E-02
-34.30603 6.932819E-02
-33.31602 7.074116E-02
-32.31772 7.367372E-02
-31.32659 7.379421E-02
-30.30869 7.397885E-02
-29.29453 7.476075E-02
-28.28586 7.267684E-02
-27.30148 7.207351E-02
-26.30675 7.303745E-02
-25.3392 7.246619E-02
-24.35187 7.396151E-02
-23.3459 7.692181E-02
-22.35047 7.862691E-02
-21.30584 8.053225E-02
-20.3072 8.120753E-02
-19.30939 8.230843E-02
-18.31519 8.196602E-02
-17.34693 8.186373E-02
-16.32131 .0820189
-15.30361 8.004335E-02
-14.2957 8.012829E-02
-13.25894 8.099775E-02
-12.2838 8.222434E-02
-11.2833 8.507282E-02
-10.25987 8.779906E-02
-9.276223 8.932646E-02
-8.256896 9.007455E-02
-7.271919 9.122226E-02
-6.283086 9.198683E-02
-5.272268 9.304785E-02
-4.267316 9.354715E-02
-3.287141 9.057125E-02
-2.326476 8.991851E-02
-1.377343 8.980236E-02
-.4072222 9.011963E-02
.5919636 9.335472E-02
1.584967 9.351508E-02
2.578221 9.496792E-02
3.555454 9.536668E-02
4.535596 9.740984E-02
5.53646 .1018317
6.550652 .1024593
7.541129 .1042987
8.576758 .1039884
9.5795 .1016349
10.55687 .1021645
11.55843 .1022998
12.52735 .1018585
13.50744 .1020432
14.51388 .1028121
15.52853 .1034986
16.51339 .1051699
17.52061 .1075199
18.51989 .1096082
19.5 .109108
20.51304 .1090543
21.53334 .109616
22.52574 .1062847
23.53616 .1076274
24.53639 .1083773
25.5068 .1073154
26.48308 .1098188
27.48308 .1122313
28.47462 .1141635
29.47913 .1166011
30.4892 .1172434
31.46286 .1159275
32.45676 .1147252
33.43753 .1136642
34.44697 .1148457
35.46615 .1144123
36.47509 .1156588
37.49743 .1180132
38.49457 .1182412
39.49461 .1204993
40.50123 .1221004
41.49987 .1214719
42.48613 .1228597
43.48096 .1239676
44.47733 .1238826
45.47458 .1235307
46.49495 .1217328
47.50307 .1219157
48.51424 .1212145
49.51456 .1224081
50.52208 .1241418
51.52714 .1225173
52.49982 .1227384
53.4885 .1226153
54.4754 .1234397
55.45359 .1269452
56.45325 .1291938
57.45831 .1292493
58.44917 .1276283
59.45646 .1244513
60.46344 .1243265
61.46171 .1257585
62.45335 .1257568
63.45418 .127383
64.45471 .1264164
65.448 .1260029
66.45866 .1276898
67.44589 .1269418
68.42461 .1294894
69.45141 .1301673
70.4619 .1303571
71.47049 .1347677
72.48546 .1329811
73.48672 .1323821
74.47404 .1322859
75.48234 .1291531
76.49159 .1307282
77.45947 .1309527
78.45638 .1297079
79.44152 .131198
80.43117 .1306666
81.42577 .1303337
82.43941 .1324974
83.42984 .1306189
84.41858 .1300945
85.42977 .1315014
86.41835 .1313852
87.44197 .1337275
88.46628 .1356735
89.47185 .1361789
90.46705 .1382281
91.43503 .1383174
92.43587 .1405279
93.42485 .1421463
94.45317 .1416548
95.48143 .1422451
96.47359 .1402705
97.49254 .1399307
98.5031 .1416635
99.51187 .1417692
100.5077 .1426656
101.5292 .142409
102.5104 .1404447
103.5079 .1412994
104.4929 .1430808
105.4817 .1458365
106.4622 .148262
107.4531 .1479785
108.4558 .1463549
109.4449 .1446888
110.472 .1443533
111.4934 .1455548
112.5202 .145703
113.5236 .1459917
114.4942 .1478658
115.4627 .1477696
116.4423 .1493325
117.433 .1517822
118.4445 .1508218
119.4447 .1525555
120.463 .1524506
121.4636 .1504178
122.4513 .1509171
123.4659 .1504594
124.4626 .151979
125.4734 .1534405
126.4714 .1550945
127.4587 .1579612
128.4605 .1589494
129.4249 .1607984
130.437 .1624775
131.4268 .1602991
132.3953 .1596654
133.4147 .1590092
134.4117 .1565083
135.4097 .1573587
136.4159 .1591548
137.4164 .1604092
138.422 .1626604
139.4277 .1627583
140.4365 .1626872
141.4221 .1628823
142.3923 .1651318
143.4006 .1686703
144.3957 .1681475
145.3966 .1677332
146.4347 .1664416
147.4306 .1647044
148.4444 .1665647
149.4601 .1688367
150.4601 .1691349
151.458 .1686347
152.4732 .1673812
153.4706 .1656657
154.4638 .1674324
155.4632 .1708651
156.4358 .1729889
157.4224 .1742961
158.3915 .1725607
159.3979 .1706311
160.3954 .1695302
161.4004 .1693161
162.4127 .1709137
163.3935 .1707871
164.3872 .1712353
165.3972 .1721255
166.4091 .1718247
167.4336 .1725217
168.453 .1729438
169.4509 .172103
170.4468 .1712214
171.4462 .1686598
172.4271 .1674211
173.4192 .1675416
174.4325 .1681129
175.4355 .1705331
176.4458 .1715517
177.4629 .1727583
178.4652 .1736347
179.4401 .1736165
180.4202 .1737422
181.3907 .1737847
182.3719 .1718369
183.3694 .1714745
184.3976 .1713384
185.3973 .1704716
186.4045 .1731735
187.4246 .174974
188.4234 .177083
189.4427 .1782247
190.4554 .1775165
191.4477 .1779585
192.4249 .1799116
193.4203 .1816219
194.4149 .1825529
195.4269 .1811755
196.4359 .1792398
197.4296 .1788575
198.432 .1777262
199.4253 .1791982
200.4419 .1797599
201.4491 .1782082
202.4592 .1789355
203.4694 .1779846
204.4642 .1793577
205.467 .1820172
206.4554 .182969
207.4319 .1842519
208.4039 .1815491
209.4095 .1802453
210.4045 .1803953
211.4148 .179297
212.4233 .1797677
213.4189 .1803008
214.4017 .1784969
215.3932 .1796723
216.4056 .1807949
217.3826 .1801396
218.3695 .1823024
219.3717 .1827913
220.3658 .1834466
221.3685 .1844799
222.3742 .1841072
223.3593 .1855634
224.3447 .1854889
225.3453 .1862162
226.3614 .1873691
227.3746 .1868637
228.3857 .1870145
229.4033 .1877063
230.3926 .1877835
231.3743 .187103
232.3768 .1880583
233.352 .1888852
234.343 .1890716
235.3675 .1906449
236.3638 .1906822
237.3557 .1890127
238.358 .1887223
239.3488 .1893707
240.3431 .1891063
241.3655 .1910272
242.3801 .1929022
243.3781 .1911451
244.384 .1913982
245.3816 .1907888
246.3818 .1889416
247.3613 .1891305
248.3486 .1892883
249.3292 .189395
250.3278 .1903788
251.3627 .1930539
252.3923 .1942398
253.412 .1946723
254.3958 .1951968
255.3924 .194414
256.3848 .1930739
257.379 .1923622
258.3841 .1920778
259.3539 .19013
260.3207 .1900581
261.3279 .1918958
262.3392 .1925676
263.3527 .195736
264.382 .1972729
265.3629 .1968395
266.3452 .1969608
267.343 .1977358
268.3276 .1975659
269.3263 .1966852
270.339 .1956545
271.3533 .1942068
272.3608 .1937864
273.3772 .1939546
274.3965 .1955037
275.3831 .1941817
276.3811 .1933747
277.3873 .1939676
278.3711 .1928571
279.3877 .1950347
280.3902 .1978337
281.381 .1978649
282.3837 .1983443
283.3831 .1968967
284.3727 .1947495
285.3625 .194531
286.341 .1936442
287.3176 .1934111
288.3021 .1931718
289.2966 .192949
290.3041 .1940361
291.291 .19513
292.31 .1958079
293.3158 .1957203
294.3212 .1948284
295.3586 .1931345
296.3514 .1922477
297.347 .1911598
298.349 .1909795
299.3413 .1908998
300.3542 .1907082
301.371 .1920094
302.3707 .1938237
303.373 .1964554
304.3859 .1962439
305.3877 .1953589
306.3815 .1924549
307.3697 .1889546
308.3654 .1882056
309.3596 .18819
310.3508 .1882221
311.3529 .1892857
312.3414 .1910957
313.3513 .1917771
314.3582 .1936538
315.3481 .1949766
316.3541 .1963419
317.3395 .1983391
318.3366 .1983278
319.3359 .1971255
320.3251 .1955392
321.3239 .193659
322.3408 .1937769
323.3472 .1942268
324.3479 .1952002
325.3538 .1964996
326.3464 .19584
327.3427 .196354
328.354 .1966193
329.343 .1981588
330.3339 .1998474
331.3343 .2000763
332.3332 .1997764
333.3343 .1969721
334.3195 .1954932
335.3257 .1957992
336.2976 .1940413
337.2773 .1938003
338.2898 .1949879
339.2718 .1944678
340.3018 .1971195
341.3349 .2004768
342.336 .2005756
343.355 .2019296
344.3472 .2016089
345.3284 .1995882
346.3116 .1992346
347.3075 .1987968
348.3155 .1998015
349.3199 .2001136
350.3237 .2007914
351.3386 .2026812
352.3311 .2035541
353.3374 .2051881
354.3958 .2078389
355.3857 .2073578
356.399 .2060099
357.4023 .2053372
358.3423 .2027549
359.3408 .2028797
360.327 .2032663
361.3192 .2039685
362.3531 .2058183
363.3413 .2064242
364.3457 .2079516
365.3555 .207396
366.3346 .2084137
367.3639 .2102193
368.3636 .2101066
369.3542 .2106519
370.3589 .2091869
371.3419 .2081727
372.3335 .2088462
373.3215 .209824
374.3202 .2108495
375.3198 .2105028
376.3136 .2106302
377.3148 .209616
378.3117 .2091687
379.303 .2105973
380.3199 .2110862
381.3348 .212611
382.3362 .2131146
383.3382 .2129039
384.3161 .2121134
385.2859 .212884
386.2935 .214577
387.2834 .2130739
388.2805 .2133131
389.2832 .2120562
390.2801 .2107195
391.3002 .2129143
392.3189 .2134284
393.3502 .2136295
394.3495 .2131051
395.3633 .2112344
396.3542 .2097581
397.3531 .2083564
398.3485 .2078389
399.3453 .2088965
400.3555 .2094305
401.3482 .2113436
402.3737 .213359
403.3561 .212936
404.3601 .2138124
405.3735 .2147347
406.3684 .21306
407.385 .2125563
408.3749 .2117944
409.3727 .2101361
410.3563 .2107819
411.3455 .21194
412.3441 .2134648
413.3508 .2150078
414.3413 .2166262
415.3336 .2174861
416.338 .2178762
417.3226 .2200347
418.3362 .221009
419.3295 .2203762
420.3139 .2195371
421.3024 .2186364
422.3085 .21821
423.3175 .2197079
424.3378 .2220882
425.3523 .2224237
426.3484 .222461
427.3373 .2223448
428.3158 .2237595
429.304 .2264624
430.2931 .2282152
431.3256 .2296862
432.3718 .2279733
433.361 .2249584
434.382 .225443
435.3764 .2250217
436.3211 .2256666
437.3341 .2276474
438.3101 .2270388
439.2731 .228034
440.2845 .2301023
441.2554 .2319886
442.2516 .2334128
443.2646 .2342155
444.285 .2346333
445.308 .2334778
446.296 .2337925
447.282 .2346758
448.256 .2349159
449.2588 .2366505
450.2639 .2394227
451.2729 .2417346
452.2768 .2440629
453.2697 .246139
454.2877 .2466522
455.2912 .2473986
456.3033 .2480401
457.3269 .2476517
458.312 .2469842
459.2943 .2461529
460.2842 .2463852
461.267 .2482715
462.251 .2511061
463.2889 .2548561
464.2942 .2572911
465.282 .2587405
466.3103 .2610446
467.2836 .2624289
468.2501 .2641626
469.2752 .2652852
470.2703 .2647313
471.2723 .2655522
472.3165 .2667173
473.3102 .2680374
474.2959 .2697963
475.2899 .2709605
476.2568 .2719582
477.2347 .2736711
478.242 .2771966
479.2417 .2820293
480.2355 .2845328
481.2438 .2870952
482.2667 .2884605
483.252 .2862899
484.2717 .2876274
485.2858 .2891479
486.2569 .289264
487.2636 .2915274
488.2758 .2930964
489.2565 .2942918
490.2514 .2964191
491.268 .3002505
492.2532 .3027124
493.269 .3045189
494.2607 .3067424
495.2517 .3071897
496.2553 .3077497
497.2483 .3095198
498.2795 .3109492
498.8012 .2803944
498.8312 .2417848
498.3686 .1981363
497.3877 .1486477
496.4121 .126452
495.4021 .1096845
494.3937 9.451284E-02
493.3952 .0824948
492.395 7.390343E-02
491.4139 6.640603E-02
490.4048 5.770718E-02
489.3883 4.971741E-02
488.3828 4.152306E-02
487.3763 3.283894E-02
486.3884 2.731709E-02
485.4128 2.325416E-02
484.4232 1.710211E-02
483.4105 1.138783E-02
482.4163 6.598474E-03
481.4087 -7.671635E-04
480.3865 -4.516297E-03
479.4031 -6.568134E-03
478.3953 -1.037448E-02
477.3911 -1.132195E-02
476.4089 -1.660974E-02
475.417 -2.181779E-02
474.4053 -2.360264E-02
473.4189 -2.722521E-02
472.4247 -2.616418E-02
471.4205 -.0267415
470.4289 -.0309388
469.4222 -3.307299E-02
468.4092 -3.771758E-02
467.4105 -4.048977E-02
466.4244 -3.834085E-02
465.407 -.0397018
464.4091 -4.036928E-02
463.408 -4.193568E-02
462.4205 -4.683772E-02
461.4528 -4.620406E-02
460.4647 -4.704144E-02
459.478 -4.658287E-02
458.4831 -4.726768E-02
457.4692 -5.097001E-02
456.4719 -5.052011E-02
455.4582 -5.070215E-02
454.4382 -5.129248E-02
453.4498 -5.141123E-02
452.4451 -5.575156E-02
451.4395 -5.981189E-02
450.4506 -.0625208
449.4491 -6.467146E-02
448.4649 -6.459345E-02
447.4756 -6.566748E-02
446.4639 -6.699723E-02
445.4646 -.0690638
444.442 -7.043342E-02
443.4472 -7.102896E-02
442.453 -7.104629E-02
441.4364 -.0704447
440.4288 -7.073422E-02
439.4195 -7.122833E-02
438.4257 -7.205184E-02
437.4303 -7.088418E-02
436.434 -7.097261E-02
435.4348 -7.009449E-02
434.4326 -7.031553E-02
433.4401 -7.444955E-02
432.4594 -7.605669E-02
431.4439 -7.872573E-02
430.4425 -7.939841E-02
429.4349 -7.807645E-02
428.4335 -7.923284E-02
427.4567 -7.930999E-02
426.4581 -.0807377
425.461 -8.217147E-02
424.4612 -8.208391E-02
423.4614 -8.244105E-02
422.4778 -.0815482
421.5115 -8.108877E-02
420.5359 -8.135229E-02
419.5457 -8.245666E-02
418.5411 -8.446342E-02
417.5151 -8.603849E-02
416.4847 -8.711945E-02
415.4637 -8.709431E-02
414.437 -8.694002E-02
413.4403 -8.708131E-02
412.4471 -8.755288E-02
411.4598 -8.786668E-02
410.4952 -8.742112E-02
409.5266 -8.742112E-02
408.5621 -8.765951E-02
407.5749 -8.882022E-02
406.5524 -9.127514E-02
405.5335 -9.234484E-02
404.5096 -9.352722E-02
403.4957 -9.364685E-02
402.5118 -9.182733E-02
401.5002 -.0920527
400.4916 -9.212032E-02
399.4857 -9.270717E-02
398.5007 -9.412882E-02
397.5078 -9.574029E-02
396.5116 -9.612431E-02
395.5225 -9.691142E-02
394.5054 -9.918515E-02
393.4992 -.0996836
392.5002 -.1000668
391.484 -.1011486
390.4676 -.1000217
389.4885 -9.857489E-02
388.4835 -.1005132
387.4916 -.1005279
386.4897 -.1008452
385.4766 -.1025685
384.4809 -.1009111
383.4944 -.0982897
382.5179 -9.903346E-02
381.5131 -9.898838E-02
380.5021 -.1012509
379.5109 -.1049775
378.4984 -.1063601
377.4931 -.1088341
376.4995 -.1081467
375.4845 -.1088263
374.4863 -.1094643
373.4871 -.1083556
372.4828 -.1091912
371.4807 -.1084605
370.4794 -.1071628
369.482 -.1081813
368.4987 -.1094383
367.4709 -.1112613
366.4489 -.1134345
365.4539 -.1128008
364.4237 -.1101448
363.4589 -.1077245
362.4678 -.1084527
361.4545 -.1107282
360.4803 -.1136442
359.4825 -.1174896
358.5096 -.1182481
357.5208 -.1181571
356.5117 -.1205192
355.4834 -.1215941
354.465 -.1217545
353.4537 -.123177
352.4463 -.1212188
351.4648 -.1195527
350.4684 -.1195276
349.4648 -.1193057
348.4554 -.1218239
347.4388 -.1221784
346.4246 -.1216375
345.4203 -.1192814
344.4412 -.1172729
343.4311 -.1193698
342.4489 -.1220709
341.4693 -.1264979
340.4762 -.1296619
339.4853 -.1303251
338.4834 -.1310888
337.4704 -.1318975
336.4538 -.1323934
335.4765 -.1328927
334.4644 -.1333148
333.4715 -.1321871
332.4714 -.1318525
331.4635 -.1313142
330.4804 -.1311026
329.4808 -.1328883
328.4993 -.1329716
327.5043 -.1325928
326.4821 -.1328025
325.4971 -.1313011
324.4918 -.1331891
323.4753 -.1355253
322.5074 -.1345328
321.4836 -.138626
320.4796 -.1375962
319.4977 -.1358625
318.4736 -.1387881
317.4843 -.138079
316.4763 -.1403892
315.4848 -.1430999
314.4783 -.144837
313.468 -.1449948
312.4662 -.1445874
311.4557 -.1478398
310.4619 -.1470042
309.4658 -.1467268
308.4839 -.1476621
307.49 -.1442294
306.528 -.1434657
305.5446 -.1439069
304.5422 -.1451976
303.5332 -.1463506
302.5176 -.1472581
301.5128 -.1478424
300.5154 -.1460151
299.5172 -.1463861
298.5119 -.1463636
297.4928 -.1479178
296.4757 -.1492658
295.4715 -.1505028
294.4785 -.1510047
293.5008 -.1488922
292.5125 -.1486226
291.5071 -.147298
290.5041 -.1473882
289.4858 -.1483018
288.4918 -.1481631
287.5021 -.1490144
286.4995 -.1498691
285.5127 -.1502228
284.4679 -.1511997
283.4853 -.1514953
282.4634 -.1500104
281.4756 -.1494513
280.5309 -.1481579
279.5264 -.1474801
278.5384 -.1486052
277.5293 -.1492589
276.5001 -.1499697
275.4815 -.1508764
274.4854 -.1505037
273.4793 -.1493533
272.473 -.1489424
271.485 -.148366
270.4756 -.1499887
269.4858 -.1519071
268.5198 -.1530756
267.5247 -.1556059
266.526 -.1573752
265.5186 -.1586096
264.4995 -.1593698
263.4983 -.1602661
262.4875 -.1586807
261.4928 -.1564242
260.5097 -.1570562
259.509 -.1551829
258.5305 -.1540196
257.5309 -.1567476
256.5228 -.1559007
255.5306 -.1553398
254.543 -.1565491
253.5487 -.1553225
252.5461 -.1563826
251.5261 -.1589494
250.5134 -.1605123
249.5052 -.1617779
248.5037 -.1609899
247.5074 -.1608417
246.5143 -.160781
245.5056 -.1609995
244.4939 -.1638896
243.4955 -.1628025
242.5106 -.1622027
241.5224 -.1618923
240.5201 -.1611659
239.5326 -.1629352
238.5164 -.1652575
237.5035 -.1668481
236.5249 -.1652644
235.5145 -.1626361
234.5137 -.1606345
233.519 -.1596671
232.5191 -.1599133
231.5235 -.1626734
230.5392 -.1648084
229.5572 -.1665291
228.5587 -.1694946
227.5608 -.171992
226.5426 -.173229
225.5117 -.1738558
224.5206 -.1747555
223.5385 -.1718247
222.5431 -.1702089
221.5676 -.1700624
220.566 -.1691462
219.5674 -.1711191
218.5775 -.1722729
217.5766 -.1706892
216.5781 -.1690005
215.5569 -.1694088
214.5481 -.1701994
213.5519 -.1723301
212.547 -.1764728
211.5557 -.1771004
210.5783 -.1761122
209.5842 -.1755531
208.5896 -.173516
207.5889 -.1734631
206.5732 -.1750936
205.5683 -.1762162
204.5933 -.1772382
203.6144 -.1766028
202.6244 -.1756718
201.6282 -.1758747
200.6037 -.1756987
199.5975 -.1762431
198.573 -.1774497
197.5727 -.1759215
196.5551 -.177331
195.534 -.178613
194.5299 -.1790759
193.5182 -.1822009
192.5251 -.1811156
191.5479 -.1807542
190.5788 -.1804846
189.5773 -.1786061
188.5685 -.1794695
187.5542 -.1794972
186.5371 -.1793031
185.5458 -.1804516
184.5503 -.179577
183.5366 -.1788922
182.5352 -.1782992
181.5295 -.1767346
180.5468 -.1771203
179.5604 -.1766167
178.5739 -.1769608
177.5918 -.1797087
176.5677 -.1814156
175.5778 -.18334
174.5691 -.185241
173.5411 -.1855426
172.547 -.1829178
171.5527 -.1796333
170.5478 -.1781865
169.5545 -.1769678
168.563 -.1783382
167.5341 -.1815057
166.5476 -.1810004
165.5643 -.1812838
164.5791 -.1826032
163.5809 -.1817788
162.5672 -.1829759
161.5489 -.1826656
160.5303 -.179655
159.5546 -.1794669
158.5618 -.1777479
157.5893 -.1718178
156.5957 -.1648648
155.5762 -.1528745
154.5726 -.1292164
153.5555 -.1155713
152.5923 -.112038
151.6189 -.1147538
150.6324 -.1299705
149.6538 -.1408053
148.642 -.1480955
147.5983 -.1542822
146.5905 -.1608486
145.5668 -.1676777
144.5395 -.1695527
143.5609 -.169043
142.5619 -.1709596
141.5706 -.1713783
140.5844 -.1714849
139.5956 -.1727445
138.5894 -.1692259
137.5817 -.1659353
136.5682 -.1649749
135.5421 -.1641158
134.5361 -.163952
133.5461 -.161979
132.5383 -.1601075
131.5536 -.158008
130.5746 -.1570622
129.5845 -.1586746
128.5972 -.1584041
127.6194 -.1605574
126.6088 -.1615239
125.6016 -.161315
124.6106 -.1631077
123.6055 -.1640196
122.6057 -.1671966
121.6077 -.1709319
120.6093 -.1729265
119.6145 -.1745726
118.6249 -.1749263
117.6274 -.1745874
116.6398 -.1735836
115.6241 -.1692294
114.6255 -.1662509
113.6205 -.1642138
112.6228 -.1636859
111.6536 -.1662275
110.6517 -.1680279
109.6457 -.1696212
108.6378 -.1709518
107.6122 -.1695683
106.605 -.168568
105.6148 -.1679872
104.6017 -.1684709
103.5916 -.1727947
102.6054 -.1755756
101.6371 -.1771602
100.6613 -.1793629
99.69202 -.1785836
98.68471 -.1795033
97.64633 -.1799376
96.62424 -.1697443
95.60592 -.1666305
94.58648 -.163991
93.58643 -.1627635
92.57782 -.1708651
91.5792 -.1725156
90.60339 -.174264
89.60482 -.1766392
88.60977 -.1768325
87.60876 -.1789615
86.59435 -.1798717
85.59321 -.179245
84.57779 -.1818473
83.56242 -.1826725
82.56644 -.1821472
81.57435 -.18209
80.61837 -.1802002
79.63337 -.1789069
78.64361 -.1772677
77.65132 -.176543
76.64569 -.1778259
75.66652 -.1775329
74.64735 -.1789615
73.63115 -.1806276
72.62776 -.1806831
71.61559 -.1809848
70.62603 -.1815118
69.63605 -.180182
68.62483 -.1802393
67.61604 -.1835879
66.61227 -.185384
65.60425 -.1884154
64.59251 -.1894027
63.59562 -.1869816
62.6082 -.18694
61.61608 -.1854352
60.6374 -.1856129
59.65706 -.1855591
58.65454 -.1846377
57.6666 -.1850997
56.67339 -.1845752
55.65566 -.1861755
54.63926 -.1873266
53.63884 -.1855357
52.62054 -.184805
51.63055 -.1836893
50.66666 -.1824081
49.65734 -.1841314
48.67532 -.1862968
47.66933 -.1866765
46.65297 -.1887483
45.65001 -.1905106
44.62216 -.1902765
43.59782 -.1916063
42.60114 -.190345
41.59361 -.1884431
40.61501 -.1873318
39.62645 -.1869886
38.6358 -.1874558
37.66432 -.1869808
36.65955 -.1885836
35.65086 -.1882984
34.6252 -.186556
33.60394 -.1855687
32.60893 -.1817805
31.62015 -.1811052
30.64778 -.1831276
29.67083 -.1850303
28.67 -.18832
27.68368 -.188678
26.6701 -.1894747
25.67153 -.1899593
24.67733 -.1889164
23.68112 -.1898275
22.67451 -.188262
21.67313 -.1858946
20.65854 -.1862067
19.63379 -.1863766
18.6581 -.1836252
17.63987 -.1840049
16.64503 -.1820666
15.65061 -.1798665
14.64921 -.181322
13.64974 -.1816652
12.64359 -.1819461
11.65574 -.181621
10.65505 -.183281
9.656574 -.1841583
8.660496 -.1852852
7.669087 -.1870371
6.674389 -.1867328
5.696906 -.1853337
4.69536 -.1853294
3.700994 -.184284
2.694263 -.1822781
1.686503 -.1825026
.7096849 -.1813245
-.2870247 -.1793421
-1.232917 -.1778554
-2.18642 -.1773466
-3.173059 -.1754109
-4.133043 -.175436
-5.149977 -.1771134
-6.16372 -.1784553
-7.160246 -.1809197
-8.171879 -.1827627
-9.184044 -.182897
-10.17504 -.183151
-11.17111 -.1834033
-12.1597 -.1825945
-13.14737 -.1824601
-14.18276 -.1820735
-15.17585 -.1815074
-16.19425 -.1818681
-17.19671 -.1817961
-18.16867 -.180085
-19.1694 -.1790473
-20.16563 -.1779083
-21.16977 -.177311
-22.17351 -.1780097
-23.16706 -.1776456
-24.17276 -.1783452
-25.19558 -.1798743
-26.19091 -.1796784
-27.19662 -.1819149
-28.19473 -.1808443
-29.17326 -.1801448
-30.18074 -.1809821
-31.17795 -.1791565
-32.17205 -.1805149
-33.1773 -.1813575
-34.1657 -.1808755
-35.18314 -.181784
-36.18758 -.1811286
-37.17896 -.1801803
-38.19092 -.1798847
-39.16872 -.1783244
-40.17015 -.1794253
-41.1698 -.1798492
-42.15297 -.1801682
-43.16688 -.1825399
-44.17575 -.1827081
-45.17368 -.1830964
-46.20472 -.1845059
-47.20709 -.18444
-48.17947 -.1832151
-49.17723 -.1825165
-50.13776 -.1808235
-51.11039 -.1795683
-52.10109 -.1808235
-53.09986 -.1818334
-54.14491 -.1832143
-55.16203 -.1839381
-56.19093 -.183516
-57.20932 -.1809483
-58.18235 -.1795198
-59.18877 -.1797443
-60.18795 -.1807663
-61.17668 -.1843395
-62.19083 -.1865629
-63.19611 -.18793
-64.19702 -.1882169
-65.18752 -.1886347
-66.19165 -.1887015
-67.19751 -.1884717
-68.19885 -.1871507
-69.22162 -.1854863
-70.20691 -.1848197
-71.19383 -.1839762
-72.19344 -.1852384
-73.19334 -.1861911
-74.19639 -.1859284
-75.19827 -.1864632
-76.1972 -.1847486
-77.16997 -.1820432
-78.15211 -.1834553
-79.15785 -.1846689
-80.1517 -.1871628
-81.17959 -.1910316
-82.18469 -.1927349
-83.18359 -.1934986
-84.17715 -.1943065
-85.16527 -.1944227
-86.17922 -.1933911
-87.17018 -.1913774
-88.16558 -.1901006
-89.16612 -.1881588
-90.14621 -.1867615
-91.1496 -.1878875
-92.16077 -.1875988
-93.16218 -.1885645
-94.19608 -.1875225
-95.18478 -.1839736
-96.18742 -.1830583
-97.16904 -.1829152
-98.16008 -.1847529
-98.73399 -.1630453
-98.78136 -.1334293
-98.33267 -9.943828E-02
-97.38956 -6.367111E-02
-96.37587 -5.114684E-02
-95.39445 -4.415135E-02
-94.42316 -3.824636E-02
-93.41081 -.0320189
-92.40353 -2.740118E-02
-91.38595 -2.214373E-02
-90.37521 -.0179473
-89.38951 -1.547243E-02
-88.39713 -1.280166E-02
-87.42255 -.0104551
-86.43211 -8.540222E-03
-85.44282 -5.631068E-03
-84.4496 -3.148405E-03
-83.42871 -8.954577E-04
-82.41713 2.561546E-03
-81.41002 5.240118E-03
-80.4006 8.743932E-03
-79.40926 1.052098E-02
-78.40756 .0112448
-77.38493 1.292562E-02
-76.40433 1.343793E-02
-75.41548 1.593273E-02
-74.43513 1.917909E-02
-73.44885 2.093013E-02
-72.44631 2.428311E-02
-71.45008 2.731796E-02
-70.43524 2.920683E-02
-69.43592 3.182472E-02
-68.43104 3.263956E-02
-67.40819 3.338072E-02
-66.41537 3.351855E-02
-65.42548 3.614945E-02
-64.43454 .037474
-63.46523 3.879681E-02
-62.47393 .0417103
-61.47007 4.145718E-02
-60.47477 4.266037E-02
-59.4383 4.561113E-02
-58.43604 4.713939E-02
-57.44629 4.711339E-02
-56.42647 4.714026E-02
-55.42843 .0460931
-54.41387 4.683859E-02
-53.38218 5.032334E-02
-52.3921 5.270284E-02
-51.4159 5.427271E-02
-50.42082 5.439234E-02
-49.44572 5.215933E-02
-48.44546 5.362951E-02
-47.42781 5.475988E-02
-46.43728 5.451977E-02
-45.43537 5.545423E-02
-44.45549 5.464286E-02
-43.45338 5.432125E-02
-42.43516 5.641644E-02
-41.42103 .0582741
-40.40784 5.886183E-02
-39.41041 5.970007E-02
-38.42685 5.865291E-02
-37.43782 5.877254E-02
-36.42151 5.953797E-02
-35.43587 6.052878E-02
-34.43329 6.139649E-02
-33.42796 6.200676E-02
-32.44475 6.366245E-02
-31.43286 .0645579
-30.41832 6.618065E-02
-29.38437 6.856102E-02
-28.3583 .0692337
-27.37317 .0693698
-26.37342 6.933599E-02
-25.41281 6.742718E-02
-24.41515 6.674758E-02
-23.40905 .0668776
-22.43537 6.711512E-02
-21.41606 6.933859E-02
-20.44076 7.052705E-02
-19.42723 7.153086E-02
-18.43313 7.260229E-02
-17.42057 7.276005E-02
-16.40182 .075332
-15.41068 7.790308E-02
-14.40436 7.831917E-02
-13.43114 7.761788E-02
-12.45403 7.535975E-02
-11.44282 7.344747E-02
-10.43939 7.438713E-02
-9.43627 7.534587E-02
-8.410379 7.733183E-02
-7.403782 7.811373E-02
-6.385519 7.757282E-02
-5.374884 .0787474
-4.369084 7.983357E-02
-3.410047 8.031727E-02
-2.429424 8.188714E-02
-1.468775 8.105756E-02
-.5197919 7.974342E-02
.4820194 7.877947E-02
1.456993 .0784466
2.463657 7.998787E-02
3.463424 7.967839E-02
4.458372 8.107403E-02
5.46703 8.188453E-02
6.45666 8.204577E-02
7.448601 8.363037E-02
8.448867 8.565274E-02
9.454483 8.700849E-02
10.45611 8.726942E-02
11.46912 8.773839E-02
12.44598 8.553485E-02
13.4095 8.379161E-02
14.39165 8.374479E-02
15.37877 8.433686E-02
16.37826 8.511529E-02
17.40657 8.707264E-02
18.42156 8.957264E-02
19.42504 8.969747E-02
20.431 9.194782E-02
21.43615 9.269331E-02
22.43255 9.228242E-02
23.42103 9.313714E-02
24.42449 9.195995E-02
25.39901 .0902774
26.37146 9.014476E-02
27.37982 9.003294E-02
28.37786 9.192874E-02
29.37528 9.460905E-02
30.36672 9.574722E-02
31.3576 9.859483E-02
32.34151 9.877687E-02
33.33758 9.974775E-02
34.36285 .1045874
35.36714 .1036512
36.36636 .1043932
37.37582 .1046784
38.38454 .1015993
39.37467 .1025902
40.39278 .1044183
41.38609 .1049939
42.3847 .1051656
43.38091 .1044929
44.36628 .1038662
45.38022 .1024202
46.35622 .1057732
47.38404 .1091071
48.39396 .1092779
49.39484 .1116149
50.40588 .1101725
51.38462 .1082784
52.39034 .1093663
53.37131 .1098102
54.36066 .109362
55.35993 .1105054
56.36805 .111042
57.38055 .1131328
58.39451 .1152401
59.39981 .1166253
60.40539 .1174176
61.39599 .1163315
62.38266 .1147781
63.36704 .1138176
64.34313 .11431
65.33098 .1152774
66.34017 .1175711
67.33781 .1190785
68.33025 .1201855
69.35001 .1223596
70.34724 .1228268
71.35394 .1237725
72.36279 .1231666
73.37329 .1218689
74.37798 .1203459
75.37249 .1190274
76.36633 .1197373
77.32363 .1209275
78.31875 .1232464
79.33377 .1258053
80.34078 .1272547
81.35428 .1272278
82.35835 .127754
83.33105 .1283677
84.31855 .1287309
85.32877 .1297581
86.31995 .1286477
87.3412 .1277575
88.35713 .1264372
89.352 .1259197
90.33548 .1275087
91.34373 .1288896
92.34233 .1299333
93.34799 .1308443
94.33955 .1303597
95.33037 .131289
96.3261 .1329707
97.32831 .1337777
98.3704 .1360194
99.36669 .1346463
100.3478 .1338185
101.3438 .1320085
102.3127 .1293993
103.3224 .1291106
104.3305 .1299029
105.3404 .1308773
106.3518 .132676
107.3428 .1350988
108.3635 .1353658
109.3448 .1361651
110.337 .1360264
111.3472 .1351361
112.3286 .1330695
113.3466 .1321203
114.3657 .132337
115.3526 .1319686
116.3597 .1340144
117.3425 .1361243
118.3305 .1357793
119.3307 .1363063
120.319 .1370224
121.3141 .1362119
122.3215 .1367849
123.305 .1370137
124.3055 .1367536
125.3133 .1361364
126.3001 .1360558
127.3123 .1376734
128.3247 .1390213
129.3291 .1412734
130.3344 .143822
131.332 .1431839
132.3119 .1436668
133.3082 .1447399
134.3053 .1451838
135.3006 .1460099
136.3078 .1457654
137.3188 .1453953
138.3277 .145345
139.3389 .1455444
140.3476 .146654
141.3394 .1470172
142.3261 .1475381
143.3402 .1481684
144.3402 .1481415
145.3507 .1498015
146.3606 .1529222
147.3481 .1542927
148.3608 .1548119
149.3627 .1540152
150.3666 .1506423
151.3825 .1503806
152.3504 .1505886
153.33 .1505418
154.3165 .1520822
155.2886 .1526786
156.2937 .1540144
157.303 .1563922
158.3043 .1572582
159.3216 .1585203
160.3291 .1587197
161.3224 .1584856
162.3289 .1590881
163.3145 .1574046
164.3309 .1573743
165.3295 .1573128
166.3186 .157409
167.2969 .1609258
168.2839 .1628962
169.2793 .1645969
170.2843 .1661746
171.3101 .1653927
172.3093 .1640924
173.3176 .1639459
174.3144 .1631319
175.3321 .1632247
176.3285 .163379
177.3195 .1634848
178.3242 .1650572
179.3101 .1642406
180.311 .1654672
181.3334 .1665759
182.3361 .1657559
183.3187 .169609
184.3094 .1709865
185.2776 .1704984
186.2616 .1707229
187.2609 .1688809
188.2601 .169466
189.2747 .1700746
190.2839 .1704629
191.3058 .1708201
192.2837 .1694331
193.2806 .1701136
194.2869 .1721064
195.2816 .1738037
196.3093 .1760992
197.3293 .176387
198.3299 .1745622
199.3446 .173496
200.3563 .1729074
201.3519 .1724671
202.3532 .1728069
203.3457 .171491
204.3353 .1704482
205.319 .1700191
206.3075 .1701135
207.2946 .1727592
208.2924 .1731163
209.3089 .1734769
210.315 .1730843
211.3175 .1700581
212.3077 .1690109
213.2843 .1688679
214.2852 .1686174
215.2725 .1692242
216.2731 .1706909
217.2768 .1717086
218.2658 .1731276
219.2759 .1748214
220.2736 .1753346
221.2703 .1750962
222.2644 .1743949
223.2505 .1735393
224.2522 .1717978
225.2581 .170866
226.27 .1715985
227.2802 .1718377
228.2953 .173522
229.3075 .1751924
230.2935 .1748188
231.2942 .1756961
232.2791 .1762708
233.2452 .1776387
234.2419 .177917
235.2153 .1761044
236.2159 .1743082
237.2384 .1714598
238.254 .1716878
239.2853 .1731302
240.2928 .1751292
241.2739 .1745466
242.2635 .1726664
243.2285 .1712881
244.2168 .1695752
245.2186 .1721533
246.2064 .1744002
247.215 .1748596
248.2261 .1759414
249.2268 .1746628
250.2368 .1767727
251.2479 .1779057
252.2562 .1787604
253.2729 .1777765
254.2903 .1748353
255.291 .1750893
256.2791 .174108
257.2534 .1763852
258.2391 .177357
259.2348 .1814849
260.241 .1843559
261.2435 .1848076
262.2302 .1848162
263.243 .1807637
264.2462 .1795779
265.2571 .1791106
266.2859 .1800884
267.2783 .1802722
268.2455 .1795492
269.2496 .1802228
270.235 .1829603
271.2468 .1859241
272.2614 .1847685
273.2603 .1827393
274.2756 .1796533
275.2636 .1754603
276.2776 .1769886
277.2896 .1776162
278.2701 .1769522
279.2646 .1786399
280.2525 .1776292
281.2537 .1787569
282.2449 .1812751
283.2543 .1826413
284.2576 .1843594
285.2454 .1850303
286.2582 .1847876
287.2368 .1833426
288.2282 .1814242
289.2087 .1804022
290.2041 .1790924
291.2215 .1786191
292.2368 .1801188
293.2501 .1810714
294.2563 .1815681
295.2515 .1835827
296.2274 .1856354
297.2268 .1844452
298.2057 .1844079
299.2141 .1823596
300.2228 .1789268
301.2386 .1781813
302.2706 .177337
303.2964 .1786009
304.3138 .1783746
305.2959 .1789312
306.2999 .17903
307.2735 .1773934
308.2535 .1798787
309.2723 .1806926
310.2505 .1804092
311.2557 .1799887
312.2574 .1786382
313.2419 .1780617
314.2466 .178672
315.2491 .1802289
316.2675 .1805036
317.2688 .1799462
318.2536 .1794539
319.2333 .1813384
320.229 .1849072
321.2092 .1883374
322.2332 .1910602
323.2418 .1895033
324.243 .1858599
325.2513 .184232
326.2337 .1825659
327.2512 .1825486
328.2294 .1831944
329.2398 .1825199
330.2501 .1825277
331.2317 .1822504
332.2278 .1833304
333.2208 .1839589
334.198 .1832229
335.2076 .1831129
336.2116 .1810983
337.1927 .1791722
338.1897 .1788696
339.1645 .1783625
340.1535 .1786217
341.1847 .1802514
342.2066 .1810922
343.2285 .1819634
344.2592 .1831423
345.2553 .1831432
346.2656 .1828407
347.2522 .1817814
348.2267 .1807056
349.2272 .1801075
350.2027 .1796775
351.203 .1810862
352.2188 .1824263
353.2189 .183548
354.2421 .1858738
355.2522 .1853502
356.2604 .1853069
357.2587 .1861252
358.2559 .1864026
359.2567 .1873171
360.2432 .1862145
361.2294 .1847443
362.2204 .1824107
363.2036 .1821168
364.2044 .183327
365.2154 .1838896
366.2073 .1853667
367.2278 .1859527
368.2312 .1852497
369.2272 .1866878
370.2249 .1895882
371.2105 .1898318
372.2032 .1914667
373.2158 .1910498
374.2262 .1882507
375.2291 .1891878
376.2414 .1886234
377.2474 .1881025
378.2407 .1884691
379.2398 .1881969
380.2418 .1895007
381.2393 .1904837
382.2498 .1925685
383.2448 .1938748
384.237 .1942597
385.2086 .1950165
386.2061 .1937959
387.2188 .1917103
388.2032 .191569
389.2032 .1924255
390.1952 .1946931
391.1808 .1983079
392.2004 .2000598
393.2213 .1997269
394.2394 .1989355
395.2395 .199219
396.2386 .198887
397.2453 .199896
398.2302 .1996637
399.2367 .2001508
400.2216 .1999177
401.1875 .2011824
402.1979 .2039988
403.1893 .2049835
404.2006 .2072174
405.239 .2091609
406.2629 .2100217
407.2662 .2096142
408.2746 .2105028
409.252 .2098552
410.2283 .2082663
411.2456 .2084353
412.2186 .2082342
413.2399 .2094565
414.2147 .2119972
415.2131 .2137829
416.2338 .2148119
417.2129 .2135359
418.2503 .2140794
419.2448 .2155054
420.236 .2173604
421.2305 .2200763
422.2121 .2196446
423.1906 .218678
424.1859 .2164433
425.1736 .2156961
426.16 .2167727
427.1892 .2168802
428.1887 .2188722
429.1979 .2200026
430.2104 .2204776
431.2106 .223418
432.2273 .2247001
433.2243 .2249801
434.2303 .2260038
435.2114 .2248093
436.1828 .2242909
437.1963 .225586
438.1704 .2249879
439.1547 .2258209
440.1648 .2273145
441.156 .2272954
442.1639 .2303762
443.1747 .2322313
444.1999 .2338471
445.207 .2357429
446.1977 .2348232
447.2086 .2343629
448.1801 .2333747
449.1772 .2322677
450.1945 .2336859
451.1789 .2342242
452.1831 .2361018
453.1707 .2383088
454.1601 .2386954
455.1666 .2398075
456.1754 .2409709
457.1981 .2430322
458.227 .2454473
459.2267 .2470882
460.2247 .2469131
461.1956 .2459423
462.178 .2462907
463.1755 .2481467
464.1694 .2508296
465.1825 .2538549
466.1828 .2560923
467.1913 .2562483
468.1954 .2576569
469.1893 .2612786
470.1761 .2640491
471.179 .2675563
472.1797 .2688609
473.2038 .2678554
474.2078 .2678857
475.1975 .2698596
476.1925 .2731172
477.1748 .2754222
478.1618 .2774896
479.1472 .2795094
480.1411 .2820033
481.1321 .2867164
482.1634 .2922677
483.1729 .2944149
484.1761 .2947192
485.1927 .2941245
486.1633 .291191
487.155 .2895969
488.1516 .2904013
489.1305 .2910411
490.1119 .2939121
491.118 .2991982
492.1202 .3046125
493.1257 .3117571
494.144 .3174506
495.1518 .3227037
496.1552 .3244807
497.1465 .3244704
498.1487 .326055
498.7221 .2959119
498.7896 .2582915
498.4056 .2139121
497.4918 .1631163
496.5059 .1389173
495.5089 .1196775
494.4903 .1044435
493.5089 .0917545
492.4872 7.924844E-02
491.4872 6.945388E-02
490.4742 5.844227E-02
489.459 4.949549E-02
488.4777 .0451621
487.5029 3.904559E-02
486.5284 3.390257E-02
485.5523 2.776872E-02
484.5608 1.764736E-02
483.5555 9.937585E-03
482.5488 3.706657E-03
481.517 -2.332698E-03
480.4936 -4.824029E-03
479.4821 -7.197469E-03
478.4803 -8.78554E-03
477.4904 -1.008842E-02
476.5073 -1.241071E-02
475.5256 -1.454664E-02
474.5198 -1.791089E-02
473.5109 -1.894331E-02
472.5043 -2.165655E-02
471.5013 -2.368585E-02
470.5008 -.0229551
469.5069 -.0221914
468.5143 -2.081744E-02
467.5014 -2.042476E-02
466.5229 -2.297764E-02
465.5409 -2.847434E-02
464.5286 -3.145804E-02
463.5335 -3.472001E-02
462.5126 -.0382897
461.507 -3.978502E-02
460.5348 -.0417129
459.5472 -4.429438E-02
458.5607 -4.569782E-02
457.5677 -.0468958
456.5588 -4.886443E-02
455.531 -5.008842E-02
454.5296 -5.052011E-02
453.5129 -5.133061E-02
452.5107 -.0507923
451.5221 -4.798197E-02
450.5238 -.0443984
449.5243 -4.245492E-02
448.5034 -4.269331E-02
447.5113 -4.438367E-02
446.52 -5.011962E-02
445.5215 -5.674411E-02
444.5435 -.0618594
443.5275 -6.771845E-02
442.511 -6.836858E-02
441.5132 -6.794903E-02
440.5022 -6.694521E-02
439.5162 -6.704577E-02
438.5222 -6.989338E-02
437.5306 -6.935939E-02
436.5194 -7.169556E-02
435.5326 -7.073076E-02
434.5295 -6.904472E-02
433.5366 -.0702956
432.5579 -6.951023E-02
431.552 -6.993325E-02
430.5581 -7.115898E-02
429.5451 -7.191661E-02
428.5515 -.0726101
427.5584 -7.469054E-02
426.5607 -7.683859E-02
425.5617 -7.915569E-02
424.5557 -8.040915E-02
423.5503 -8.136616E-02
422.5764 -8.027999E-02
421.5948 -8.001126E-02
420.6067 -8.115552E-02
419.6115 -8.113297E-02
418.5869 -8.302964E-02
417.5712 -8.371706E-02
416.5667 -.0834388
415.5757 -8.173717E-02
414.5929 -7.901439E-02
413.6126 -7.706051E-02
412.5951 -7.731882E-02
411.5859 -8.055218E-02
410.5806 -8.357663E-02
409.5856 -8.627774E-02
408.6548 -8.751994E-02
407.6662 -8.927704E-02
406.6545 -9.161147E-02
405.6462 -9.243152E-02
404.5953 -9.324463E-02
403.5776 -9.244626E-02
402.5849 -9.011009E-02
401.5746 -.0904707
400.5753 -9.061547E-02
399.5616 -9.103415E-02
398.5483 -9.193221E-02
397.5479 -9.320475E-02
396.5405 -9.162968E-02
395.5651 -8.950937E-02
394.5756 -9.118499E-02
393.573 -9.084085E-02
392.5784 -9.287275E-02
391.5478 -9.651352E-02
390.5386 -9.738123E-02
389.547 -9.771931E-02
388.5208 -9.912362E-02
387.5387 -.1000295
386.5459 -9.895977E-02
385.5474 -9.980669E-02
384.5795 -9.984656E-02
383.5974 -9.850121E-02
382.5952 -.1007013
381.5874 -9.871619E-02
380.5827 -9.806518E-02
379.571 -9.740292E-02
378.5982 -9.585385E-02
377.5874 -9.606883E-02
376.5873 -9.470094E-02
375.5671 -9.663488E-02
374.5435 -9.772192E-02
373.5682 -.1005799
372.5664 -.1030574
371.6039 -.1032975
370.6269 -.1029404
369.6274 -.1039312
368.6367 -.1046827
367.6176 -.1054343
366.593 -.1083998
365.593 -.1080374
364.5701 -.1087708
363.5669 -.1077757
362.5692 -.1065785
361.5693 -.1065681
360.5956 -.105117
359.5967 -.1059405
358.5939 -.1067103
357.5958 -.1057178
356.5859 -.1079828
355.5973 -.1101352
354.6044 -.1052124
353.5803 -9.127168E-02
352.585 -8.761875E-02
351.5811 -8.553484E-02
350.5826 -8.914442E-02
349.61 -.103509
348.6102 -.106673
347.6062 -.108014
346.6026 -.1102132
345.577 -.1112933
344.5714 -.111087
343.5664 -.1123327
342.5543 -.1105296
341.5537 -.1105591
340.5411 -.1122495
339.5533 -.1115361
338.5622 -.1133218
337.5661 -.1161312
336.5789 -.1169374
335.5775 -.1184284
334.5818 -.1192718
333.5893 -.1194192
332.6032 -.1190993
331.6069 -.1183365
330.6115 -.1194036
329.5986 -.1190621
328.5852 -.1205322
327.5834 -.1221108
326.5612 -.1224636
325.5757 -.1222451
324.5743 -.1220952
323.5652 -.1208356
322.5874 -.1186321
321.5759 -.120501
320.5814 -.1214572
319.614 -.123828
318.6135 -.12763
317.6012 -.129629
316.5884 -.1311815
315.5517 -.1319539
314.5342 -.1320822
313.5399 -.1309865
312.5464 -.1292216
311.5663 -.128952
310.5908 -.1287405
309.6219 -.1279846
308.6445 -.1300269
307.649 -.1303979
306.6603 -.1308885
305.6319 -.1316514
304.6081 -.1300425
303.5839 -.1287786
302.5577 -.1290066
301.5876 -.1311286
300.5857 -.13401
299.591 -.1387509
298.5879 -.1406345
297.5605 -.141009
296.5723 -.1412951
295.5765 -.139948
294.5732 -.1390508
293.5793 -.1387639
292.5727 -.1400407
291.5771 -.1420683
290.5727 -.1422261
289.5686 -.1422807
288.5721 -.1418507
287.5754 -.1406917
286.5828 -.1426136
285.5693 -.1406077
284.5499 -.1403424
283.5365 -.1402939
282.5283 -.1409657
281.5427 -.1452124
280.5588 -.1472564
279.5823 -.1474124
278.5779 -.1466895
277.591 -.1468889
276.5969 -.1470787
275.5773 -.1493577
274.5948 -.1504551
273.5757 -.151009
272.5562 -.1500598
271.5567 -.1494218
270.5527 -.1496836
269.5825 -.1494608
268.6118 -.1503615
267.6293 -.1497529
266.6375 -.1489086
265.6083 -.1490231
264.5967 -.1492866
263.5888 -.1514814
262.5814 -.1531796
261.5866 -.1528528
260.6085 -.1530756
259.6045 -.1525295
258.6276 -.1520579
257.652 -.1533435
256.6471 -.1546281
255.6616 -.1547547
254.6745 -.1562318
253.6554 -.1573353
252.6498 -.1570596
251.635 -.1571645
250.6056 -.1563427
249.6125 -.155332
248.6219 -.155762
247.6154 -.1564589
246.6041 -.1581267
245.6256 -.1589953
244.5913 -.1601274
243.5952 -.1609102
242.6221 -.1594851
241.6023 -.1598301
240.6179 -.1582143
239.6153 -.158034
238.6091 -.1585342
237.6089 -.158281
236.5854 -.1594218
235.5985 -.1594218
234.5845 -.1599341
233.5683 -.1602288
232.6015 -.1584336
231.6053 -.1563774
230.6237 -.1551448
229.6743 -.1518438
228.6805 -.1551283
227.6569 -.1552141
226.6453 -.1534241
225.6133 -.1558365
224.6007 -.1536772
223.6181 -.1553988
222.623 -.1573587
221.6196 -.1563592
220.6113 -.1567822
219.6184 -.1556155
218.6158 -.1559587
217.6167 -.1575823
216.6293 -.156979
215.6198 -.159297
214.6169 -.1600555
213.6318 -.159271
212.6413 -.1583513
211.6542 -.1564069
210.6667 -.1568828
209.668 -.159473
208.6597 -.1615447
207.6536 -.1638497
206.6532 -.165124
205.6548 -.164974
204.6585 -.165065
203.6879 -.1646194
202.7002 -.1636408
201.7056 -.1628684
200.7158 -.1621532
199.7069 -.1621975
198.6973 -.1621905
197.6825 -.1620579
196.6778 -.1647703
195.6537 -.1662093
194.6623 -.1662457
193.6777 -.16401
192.6743 -.1604837
191.6796 -.1591392
190.6812 -.1598691
189.6815 -.1635827
188.6615 -.1668837
187.6547 -.1683166
186.6325 -.169557
185.6088 -.1685307
184.6216 -.1677453
183.6216 -.166973
182.6323 -.1657663
181.6635 -.1651595
180.677 -.1651621
179.7148 -.1650711
178.7316 -.1638722
177.7173 -.1671021
176.7021 -.1671689
175.6736 -.1648847
174.6538 -.1647737
173.6505 -.1626534
172.6456 -.1628069
171.6609 -.1656527
170.6705 -.1685489
169.68 -.1710922
168.691 -.171953
167.6787 -.1725113
166.6844 -.1730504
165.6697 -.171439
164.6644 -.1720198
163.6494 -.1727774
162.6254 -.172298
161.6075 -.1725928
160.6205 -.1715239
159.6278 -.1701716
158.636 -.1697972
157.6513 -.1698509
156.6509 -.1702601
155.6562 -.170332
154.6574 -.1704248
153.6871 -.1711018
152.6961 -.1721324
151.697 -.1741808
150.7127 -.1760038
149.7276 -.1749298
148.723 -.17543
147.7267 -.174544
146.7287 -.1738245
145.6935 -.1771966
144.6801 -.1761468
143.6628 -.1778987
142.6351 -.1777315
141.6267 -.1758062
140.6277 -.1773214
139.6396 -.1738384
138.6695 -.1740447
137.6659 -.1740707
136.6669 -.1742528
135.6507 -.1776708
134.6143 -.1771359
133.6112 -.1775849
132.6069 -.1784327
131.615 -.1782611
130.6322 -.178542
129.6441 -.1780565
128.6731 -.1757949
127.6905 -.1741964
126.7117 -.1744166
125.7263 -.1736295
124.7021 -.1755808
123.6817 -.1753719
122.6867 -.1750798
121.6804 -.1760879
120.6794 -.1731302
119.6962 -.1722677
118.6678 -.1719348
117.6718 -.1718377
116.6753 -.1745943
115.6838 -.1764112
114.7114 -.1774489
113.7332 -.1786104
112.7502 -.178535
111.7418 -.1783695
110.7406 -.1797504
109.7236 -.1797651
108.7153 -.1791722
107.7078 -.17985
106.7 -.1784145
105.6955 -.1763514
104.7125 -.1758547
103.7267 -.1752939
102.7492 -.1746021
101.7534 -.1740126
100.7572 -.1737431
99.75266 -.1742424
98.73547 -.1749254
97.72836 -.1780366
96.70856 -.1797547
95.70628 -.179616
94.69576 -.1805322
93.69571 -.1794608
92.68526 -.1793161
91.70203 -.1788159
90.71199 -.1794894
89.70369 -.1799575
88.71066 -.1783686
87.70699 -.1801335
86.7048 -.1791037
85.72038 -.1764511
84.74423 -.1775459
83.7401 -.1757923
82.72813 -.174401
81.72165 -.1775113
80.70212 -.1778459
79.71902 -.1784622
78.71133 -.1802046
77.72093 -.1798665
76.72336 -.1803598
75.72301 -.1796186
74.73492 -.1787361
73.73322 -.178711
72.74496 -.1770206
71.72589 -.1781909
70.72308 -.1793412
69.71293 -.1785342
68.70692 -.1800763
67.71952 -.1808894
66.73715 -.1790994
65.73486 -.1782793
64.73926 -.1764086
63.74546 -.1751049
62.75937 -.1767961
61.78305 -.1788878
60.76085 -.1812474
59.75362 -.1819409
58.73228 -.1819461
57.7323 -.1811616
56.75535 -.1798292
55.7452 -.1789528
54.75457 -.177982
53.74525 -.1766618
52.74319 -.1762422
51.75543 -.1762881
50.75643 -.1760081
49.76245 -.1784839
48.76532 -.1798795
47.7806 -.1792277
46.75979 -.1770267
45.75377 -.1768273
44.76333 -.1770475
43.74593 -.1790404
42.76464 -.1840135
41.77109 -.1841392
40.73885 -.1801266
39.7209 -.1798483
38.6978 -.1787032
37.68462 -.1774558
36.69643 -.1808807
35.71267 -.1805574
34.73139 -.1790239
33.7513 -.1793291
32.76467 -.1780912
31.75754 -.1780834
30.74831 -.1797867
29.73166 -.1784977
28.73227 -.1774471
27.74128 -.1761208
26.74663 -.1746351
25.74807 -.1766253
24.74925 -.1790309
23.7459 -.1813037
22.7618 -.1821316
21.76241 -.1815196
20.74162 -.1815222
19.75101 -.1817406
18.74352 -.1833235
17.75061 -.1843733
16.78568 -.1842805
15.76806 -.183027
14.75952 -.1803051
13.7612 -.1791808
12.76218 -.1787838
11.77993 -.1794036
10.789 -.1797226
9.784582 -.1788098
8.759206 -.1783721
7.761583 -.179108
6.758259 -.1804586
5.760852 -.1829802
4.783552 -.1861009
3.781923 -.1859917
2.797793 -.1854022
1.819197 -.184414
.8188314 -.182923
-.1615096 -.1820605
-1.125665 -.180905
-2.10805 -.1807568
-3.067103 -.1806051
-4.052845 -.1802159
-5.049122 -.1816158
-6.046231 -.1818689
-7.051366 -.1817892
-8.04309 -.1836451
-9.07036 -.1843516
-10.07041 -.1837144
-11.08813 -.1848726
-12.1016 -.1837682
-13.08236 -.1831181
-14.07955 -.1849211
-15.08145 -.1848916
-16.08944 -.1862977
-17.1031 -.187819
-18.12545 -.1847165
-19.12337 -.1837361
-20.12804 -.1827072
-21.12083 -.1815785
-22.1182 -.1831484
-23.11893 -.1835003
-24.10067 -.1813948
-25.08881 -.1807368
-26.05575 -.1806969
-27.04969 -.1808929
-28.05351 -.1821611
-29.05958 -.1826482
-30.10069 -.1841583
-31.09903 -.1840933
-32.08153 -.1848838
-33.07202 -.1856831
-34.05341 -.1843533
-35.06308 -.1833434
-36.05991 -.1822122
-37.06634 -.1810879
-38.05045 -.1810549
-39.0411 -.1811867
-40.05994 -.1821845
-41.06303 -.1823206
-42.0507 -.1824255
-43.04939 -.1822044
-44.05113 -.1816132
-45.05414 -.1804924
-46.06928 -.181406
-47.06353 -.1820345
-48.05745 -.1830114
-49.04548 -.1847833
-50.04663 -.1841167
-51.046 -.1844643
-52.02454 -.1844608
-53.0277 -.1840413
-54.03699 -.1845215
-55.04336 -.1835472
-56.06754 -.1830314
-57.07802 -.183483
-58.06421 -.1831033
-59.06807 -.1849402
-60.06593 -.1850104
-61.0695 -.1851274
-62.07932 -.1841253
-63.08346 -.1807845
-64.07473 -.1808703
-65.06396 -.1818377
-66.07274 -.1829083
-67.06597 -.1858634
-68.09361 -.1872651
-69.1116 -.1867398
-70.1288 -.1887734
-71.14288 -.1882334
-72.13184 -.1878259
-73.12123 -.1872911
-74.08741 -.1840751
-75.07993 -.1844816
-76.06534 -.1841739
-77.05495 -.1841158
-78.07009 -.1855782
-79.05178 -.1863982
-80.06371 -.1862613
-81.07219 -.1856727
-82.06786 -.1845761
-83.0853 -.1834501
-84.08307 -.1833244
-85.07556 -.1853129
-86.08011 -.1873994
-87.07518 -.1887049
-88.07423 -.1897798
-89.07411 -.1895518
-90.05823 -.189323
-91.05307 -.1894374
-92.0395 -.189759
-93.03294 -.1909518
-94.04555 -.1909735
-95.05276 -.1897824
-96.05906 -.1882698
-97.05499 -.1867259
-98.0659 -.1869287
-98.66774 -.1624878
-98.77037 -.1330452
-98.4193 -.1001664
-97.54063 -6.572902E-02
-96.56062 -5.498527E-02
-95.5752 -4.738037E-02
-94.54665 -.0415664
-93.49358 -.0356354
-92.47376 -3.030946E-02
-91.46615 -2.514043E-02
-90.48667 -2.111044E-02
-89.51755 -1.845094E-02
-88.53416 -1.401699E-02
-87.5364 -8.699723E-03
-86.51707 -3.928571E-03
-85.50316 -1.378293E-04
-84.49429 1.063627E-03
-83.50317 2.721914E-04
-82.50356 1.028953E-03
-81.51301 3.130201E-03
-80.4942 5.504508E-03
-79.48682 6.867198E-03
-78.48935 8.324376E-03
-77.48502 9.842233E-03
-76.50469 .011237
-75.51198 1.468447E-02
-74.51122 1.699636E-02
-73.51549 1.789789E-02
-72.51856 1.877514E-02
-71.51707 1.910541E-02
-70.54987 1.885056E-02
-69.55834 .0206354
-68.57171 2.296983E-02
-67.56567 .0246862
-66.54216 2.732143E-02
-65.55223 2.959345E-02
-64.53756 3.165222E-02
-63.55196 3.274185E-02
-62.56549 3.455444E-02
-61.52753 3.570388E-02
-60.51703 .0353034
-59.51976 3.620666E-02
-58.50999 .0365586
-57.52687 3.615378E-02
-56.52981 3.835992E-02
-55.50219 4.068135E-02
-54.5008 4.225208E-02
-53.50401 4.471914E-02
-52.50477 4.566834E-02
-51.51773 4.572902E-02
-50.51409 4.710385E-02
-49.52473 5.010055E-02
-48.52037 .0514329
-47.52425 .0514251
-46.53982 5.100121E-02
-45.54319 4.864684E-02
-43.02606 4.589459E-02
-42.05231 5.483356E-02
-41.05125 5.930305E-02
-40.00326 5.632108E-02
-39.03676 5.346047E-02
-38.00565 5.577323E-02
-37.04148 .0556068
-36.07352 6.205617E-02
-35.05949 5.851942E-02
-34.10423 6.299237E-02
-33.03456 6.252774E-02
-32.04573 6.445561E-02
