-99.76755 -.2034951
-99.52302 -.1887881
-99.03279 -.1710524
-98.28831 -.1514242
-97.30257 -.1292875
-96.30941 -.1203797
-95.31572 -.113646
-94.31858 -.1076162
-93.30444 -.1027921
-92.30243 -.1011668
-91.30811 -.0987578
-90.30539 -9.676664E-02
-89.32903 -9.468707E-02
-88.33844 -9.102895E-02
-87.3268 -8.792476E-02
-86.34027 -.0843854
-85.32041 -8.163315E-02
-84.31534 -7.923197E-02
-83.29439 -.0760541
-82.2859 -7.492025E-02
-81.30605 -7.195042E-02
-80.28886 -.0693906
-79.30302 -7.014737E-02
-78.31449 -6.994279E-02
-77.28977 -7.077929E-02
-76.32031 -7.061459E-02
-75.32594 -6.817267E-02
-74.30376 -.0651985
-73.32669 -6.340846E-02
-72.32222 -6.177098E-02
-71.31023 -.0607819
-70.35022 -6.011529E-02
-69.34097 -.0570215
-68.34737 -5.417129E-02
-67.37084 -5.153606E-02
-66.33627 -4.967233E-02
-65.32983 -5.075416E-02
-64.29282 -5.122487E-02
-63.29407 -5.100815E-02
-62.3065 -5.045423E-02
-61.30476 -4.854369E-02
-60.33816 -4.774619E-02
-59.32694 -4.682906E-02
-58.32011 -4.561113E-02
-57.33046 -4.404906E-02
-56.31395 -4.109917E-02
-55.32327 -3.888176E-02
-54.31554 -3.826196E-02
-53.2942 -3.853329E-02
-52.30021 -3.877341E-02
-51.29924 -3.917042E-02
-50.3071 -.0378086
-49.33505 -3.566141E-02
-48.33411 -.0338965
-47.33151 -3.203363E-02
-46.3407 -3.024185E-02
-45.33621 -3.014303E-02
-44.35057 -.0296888
-43.34023 -2.994106E-02
-42.34797 -2.794556E-02
-41.34407 -2.722348E-02
-40.33749 -2.647712E-02
-39.36809 -2.491331E-02
-38.35788 -2.630894E-02
-37.36737 -.0245397
-36.3671 -2.459518E-02
-35.33175 -2.267944E-02
-34.33142 -1.993672E-02
-33.32671 -1.905947E-02
-32.31162 -1.698336E-02
-31.33268 -1.537881E-02
-30.33138 -1.491071E-02
-29.318 -1.301924E-02
-28.32797 -1.343533E-02
-27.32845 -1.430999E-02
-26.31318 -1.305739E-02
-25.31835 -1.270718E-02
-24.32103 -9.976596E-03
-23.33557 -7.713245E-03
-22.35606 -6.777912E-03
-21.37891 -6.836859E-03
-20.3881 -6.525659E-03
-19.37572 -4.802358E-03
-18.38038 -3.056519E-03
-17.34809 -1.542995E-04
-16.32058 1.035888E-03
-15.28736 -7.056171E-04
-14.27602 -1.558599E-03
-13.28284 -1.235264E-03
-12.2831 -3.918169E-04
-11.29377 1.154646E-03
-10.29746 2.627427E-03
-9.320742 3.320042E-03
-8.315624 .0040638
-7.329484 7.060506E-03
-6.314062 8.924237E-03
-5.280411 1.069435E-02
-4.280328 .0120215
-3.277386 9.48249E-03
-2.297926 8.940708E-03
-1.331029 7.256415E-03
-.3775259 7.551144E-03
.5994583 1.040395E-02
1.564677 1.232403E-02
2.540813 1.553571E-02
3.529962 1.748353E-02
4.508309 1.940014E-02
5.509937 2.112778E-02
6.526721 2.208391E-02
7.52589 2.204577E-02
8.545633 2.225815E-02
9.54422 2.174757E-02
10.54558 2.199896E-02
11.55407 2.279213E-02
12.54382 2.413835E-02
13.53696 2.619192E-02
14.53614 2.795336E-02
15.53202 3.022538E-02
16.51527 3.084171E-02
17.52621 3.145891E-02
18.51358 3.386616E-02
19.50917 3.355236E-02
20.51675 3.458911E-02
21.53194 3.541869E-02
22.54595 3.306518E-02
23.56351 3.516817E-02
24.57187 3.745666E-02
25.54783 3.745059E-02
26.5214 4.009362E-02
27.49028 4.057212E-02
28.49576 4.006155E-02
29.50384 .0422044
30.4963 4.460298E-02
31.50464 .0468802
32.47587 4.742632E-02
33.46118 4.820215E-02
34.4819 .0484388
35.48217 4.721481E-02
36.48366 4.854109E-02
37.50748 4.910974E-02
38.4703 4.743586E-02
39.45121 .048776
40.45708 4.922503E-02
41.4387 4.936113E-02
42.46266 5.219314E-02
43.47115 5.251214E-02
44.47652 5.287275E-02
45.48807 5.342406E-02
46.50073 5.225208E-02
47.52906 5.383409E-02
48.53377 5.267337E-02
49.51273 5.200849E-02
50.51308 5.318394E-02
51.47667 5.168863E-02
52.46482 5.399792E-02
53.48668 5.744799E-02
54.47544 5.797763E-02
55.48538 5.963939E-02
56.48897 6.036235E-02
57.45758 5.862257E-02
58.45891 5.770631E-02
59.45563 5.778086E-02
60.44945 5.809639E-02
61.46261 5.837465E-02
62.44696 5.962639E-02
63.44333 6.101075E-02
64.4449 6.160714E-02
65.43953 6.356016E-02
66.4585 .0660749
67.48109 6.649011E-02
68.46619 6.882802E-02
69.46153 6.997226E-02
70.45947 6.880894E-02
71.43575 6.814667E-02
72.44468 6.698336E-02
73.45821 6.603329E-02
74.47283 6.716886E-02
75.46391 6.886528E-02
76.46265 7.042216E-02
77.43738 7.277479E-02
78.42512 7.302184E-02
79.44289 7.560766E-02
80.43019 7.811373E-02
81.42709 7.924757E-02
82.40471 .0822356
83.39827 8.204231E-02
84.42657 8.135662E-02
85.46856 8.179004E-02
86.48232 8.183859E-02
87.48505 8.226595E-02
88.47813 8.216713E-02
89.46723 8.208565E-02
90.45337 8.290742E-02
91.45186 8.409327E-02
92.46051 8.790135E-02
93.45492 .0903476
94.47389 9.143203E-02
95.49048 9.406553E-02
96.48033 9.280773E-02
97.47598 9.404473E-02
98.47391 9.734657E-02
99.47031 9.635315E-02
100.4695 9.826543E-02
101.4693 9.843013E-02
102.4642 9.839199E-02
103.4669 .0990612
104.4721 .0998119
105.4589 .1009977
106.4485 .1008885
107.4391 .1026508
108.4226 .1039069
109.4173 .1044235
110.3978 .1065907
111.3849 .1096142
112.3848 .1103996
113.4026 .1128155
114.4297 .1144738
115.4138 .1143126
116.4013 .1166175
117.4046 .1201404
118.3804 .1225191
119.3918 .1251179
120.4114 .1259501
121.3839 .124427
122.419 .1252852
123.4464 .1271377
124.4339 .130697
125.4702 .1331779
126.4547 .1339034
127.4456 .1349489
128.436 .1345354
129.4129 .1372079
130.4226 .1421689
131.4033 .1440725
132.4085 .1470674
133.4022 .1481536
134.3934 .1462942
135.4036 .1477055
136.4192 .1505262
137.4272 .1530531
138.4139 .1553337
139.4033 .1570796
140.3896 .1572616
141.3693 .1590959
142.3788 .1638219
143.4059 .1681987
144.4145 .1708833
145.4319 .1732152
146.44 .1740309
147.4098 .1743091
148.4162 .1763081
149.4317 .1792684
150.4412 .1808122
151.4509 .1834319
152.4511 .1875425
153.4462 .1890742
154.433 .191784
155.4391 .1958677
156.4398 .1986824
157.4227 .1993386
158.4082 .2014303
159.3905 .2027271
160.3661 .2024636
161.3772 .2073258
162.4055 .2120856
163.4052 .2143273
164.4202 .2188835
165.4193 .2208226
166.3966 .2216123
167.3931 .2244842
168.3947 .2268585
169.3938 .2297504
170.4015 .233281
171.4117 .2335992
172.4203 .2361
173.4217 .2405825
174.4305 .2419825
175.4657 .2488688
176.4636 .2515664
177.4658 .2506545
178.4651 .2554048
179.4279 .2553485
180.4111 .2591089
181.4178 .2648656
182.4034 .2653181
183.3977 .2674263
184.3902 .2687864
185.3762 .2688479
186.3771 .27237
187.3961 .2756302
188.4273 .277181
189.44 .280104
190.4434 .28179
191.4127 .2845302
192.3879 .288815
193.3768 .2924159
194.381 .2948015
195.3989 .2965153
196.4193 .2971134
197.4204 .2974367
198.4191 .2994114
199.4275 .3021307
200.4295 .3044704
201.4556 .3079152
202.4688 .3110836
203.4767 .3134882
204.464 .3166097
205.4515 .3182126
206.434 .3200702
207.4368 .3225616
208.4297 .3216739
209.3978 .3234327
210.3952 .3261564
211.375 .325788
212.3864 .3307446
213.4021 .3340768
214.4047 .3343005
215.4039 .3393698
216.3946 .3404681
217.3954 .3408304
218.3743 .3444253
219.361 .3445432
220.361 .3449454
221.3351 .3466002
222.358 .3456528
223.382 .3483079
224.3847 .3520163
225.4173 .3533062
226.4212 .3569712
227.4101 .3566548
228.4098 .3558903
229.3929 .3595033
230.3688 .3615378
231.3629 .3637968
232.351 .367956
233.3336 .3670371
234.3344 .3658538
235.328 .3683929
236.324 .3687726
237.3347 .3689216
238.3258 .3711347
239.3167 .3721368
240.3245 .3727531
241.318 .3759925
242.3435 .3781762
243.3651 .3777193
244.3566 .3799541
245.3746 .381556
246.3631 .3792632
247.3594 .3801352
248.3729 .3797287
249.3624 .3802696
250.3474 .3822633
251.3611 .3832628
252.3703 .3853502
253.392 .387741
254.3996 .3886226
255.3944 .3893741
256.3685 .3877375
257.3468 .3871047
258.3583 .388307
259.3475 .387923
260.339 .3896819
261.3439 .3901959
262.3259 .3913488
263.318 .395039
264.3094 .3955539
265.2925 .3958764
266.3071 .3956259
267.3116 .3951872
268.3264 .3968317
269.3206 .3974142
270.2986 .3966531
271.2934 .3974818
272.3121 .3964858
273.322 .3971273
274.3352 .3997105
275.3365 .3984076
276.3353 .3996871
277.3522 .4005903
278.3514 .3985212
279.3494 .4000607
280.3349 .4015031
281.3339 .400632
282.3376 .4034657
283.3326 .4022798
284.3345 .399655
285.3235 .400775
286.3111 .4000789
287.3079 .3996905
288.3013 .3993767
289.316 .3995544
290.3284 .4012586
291.3393 .4025407
292.3453 .4056441
293.3481 .405091
294.3285 .404004
295.3246 .4042658
296.3331 .4023067
297.3317 .4014043
298.3554 .400632
299.3606 .3996316
300.3523 .4003892
301.3249 .4018065
302.3195 .4033981
303.3403 .4052289
304.3558 .4047027
305.3799 .4050017
306.3827 .4047694
307.3677 .4027756
308.356 .4021975
309.3379 .4024445
310.3329 .4014598
311.3319 .4015161
312.3296 .4025728
313.3303 .4031467
314.3365 .4056484
315.3271 .4078962
316.3373 .4090335
317.3485 .4076127
318.3405 .4069443
319.3569 .4064277
320.3363 .4059891
321.3168 .4068854
322.3332 .4082108
323.3192 .4088141
324.315 .4103398
325.3539 .4114546
326.3441 .4114424
327.3622 .4136694
328.382 .4140256
329.3519 .4159267
330.3654 .4178658
331.3527 .4180635
332.3371 .4189165
333.3474 .4178892
334.3249 .4154794
335.313 .4166046
336.2992 .4168455
337.2646 .4159553
338.2607 .4176231
339.2648 .4168672
340.2663 .4184214
341.3038 .4227999
342.3123 .4255435
343.3068 .4276084
344.3297 .4274628
345.321 .4255877
346.3135 .4246541
347.3237 .4256259
348.3416 .4278043
349.337 .4288939
350.3355 .429889
351.3074 .4309674
352.3008 .4323734
353.3212 .4356727
354.348 .4397304
355.3714 .4415517
356.3566 .4425876
357.3393 .4425685
358.3057 .4396056
359.3199 .4404759
360.3206 .4413818
361.3109 .443561
362.3293 .4474835
363.3092 .4495033
364.311 .4508044
365.3286 .4527826
366.338 .4544452
367.3458 .4561321
368.3249 .4579161
369.3168 .4593889
370.3126 .459792
371.314 .4592805
372.3249 .4612856
373.3272 .4622478
374.3186 .464225
375.3169 .4665395
376.331 .4667649
377.3307 .4670197
378.3216 .4689615
379.3019 .4710333
380.2802 .473704
381.2741 .4758131
382.278 .4764078
383.3017 .4764285
384.3104 .4751257
385.3076 .4754178
386.3275 .4775494
387.3088 .4769444
388.2968 .4781926
389.3066 .4805262
390.276 .4783885
391.2704 .4828155
392.2814 .4866444
393.293 .4855192
394.3093 .4873648
395.3339 .4862873
396.3486 .4831779
397.3176 .4829447
398.3105 .4841011
399.3136 .4829317
400.2996 .483626
401.3206 .484753
402.3296 .4847746
403.322 .4858252
404.3446 .4853372
405.3626 .4873882
406.3698 .4866123
407.3738 .4857126
408.3625 .4866366
409.3407 .4843031
410.3364 .4842866
411.3286 .4843854
412.3116 .4840976
413.3115 .48375
414.2976 .4825321
415.3026 .484095
416.3099 .4844695
417.309 .4848865
418.3336 .4852704
419.3124 .4820267
420.3054 .4803017
421.2902 .4800884
422.2631 .4793117
423.2687 .4819807
424.2933 .4818811
425.2898 .4800589
426.2936 .478574
427.3007 .4760394
428.2731 .4754092
429.2772 .4757767
430.2847 .4766661
431.2795 .4759553
432.2941 .4739156
433.2971 .4714355
434.2917 .4692987
435.3012 .466784
436.2929 .4682828
437.3034 .4677826
438.286 .4647928
439.2633 .4640993
440.2531 .461315
441.2305 .4614892
442.2345 .4659188
443.246 .465645
444.2628 .4661564
445.2752 .4643525
446.2795 .4591071
447.2675 .4587188
448.2477 .4566713
449.2447 .4556458
450.2395 .4571637
451.2505 .4564537
452.245 .4564641
453.2368 .4571611
454.2536 .456094
455.2506 .4560827
456.2793 .4563558
457.2954 .454062
458.2919 .4520206
459.2937 .4505782
460.2692 .4488705
461.254 .4493403
462.2359 .4504872
463.251 .4524948
464.2634 .4531372
465.2711 .45349
466.2671 .4544132
467.2561 .4529569
468.2493 .4546914
469.2446 .4551846
470.2563 .4529091
471.2649 .4522781
472.2638 .4504291
473.2794 .4505218
474.2823 .4532464
475.2848 .4562752
476.2894 .4573994
477.2775 .4572815
478.2739 .4570848
479.2491 .4585159
480.2291 .4603086
481.224 .462148
482.2318 .4639346
483.2429 .4624636
484.2675 .4611712
485.2748 .4605808
486.2755 .4593698
487.2733 .460293
488.2633 .4620319
489.2574 .4623518
490.2464 .4634683
491.2242 .4646663
492.2158 .4677462
493.2117 .4693923
494.2052 .4711546
495.2164 .4716314
496.2424 .4694677
497.2502 .4705314
498.2567 .4714442
498.7947 .4384518
498.803 .3979837
498.3468 .3519634
497.3837 .299043
496.3768 .2765205
495.3711 .2576864
494.3456 .2412431
493.3363 .2283842
492.3514 .216393
491.3525 .207695
490.3542 .1985888
489.353 .1888748
488.3558 .180469
487.366 .1711182
486.3935 .1635012
485.4194 .1587405
484.4092 .1511694
483.4235 .145716
482.4126 .140104
481.3902 .1330999
480.413 .1284414
479.4172 .1239442
478.4024 .119082
477.402 .1157082
476.3829 .1131207
475.3817 .1094617
474.4014 .1071203
473.4071 .1027315
472.4103 9.806519E-02
471.3952 9.334952E-02
470.381 8.896151E-02
469.3886 8.620579E-02
468.3819 8.210731E-02
467.4016 .0801673
466.4253 7.742371E-02
465.4275 7.456831E-02
464.4293 7.428052E-02
463.4117 7.243152E-02
462.404 6.978502E-02
461.4197 6.759448E-02
460.4388 .0642311
459.4564 6.020371E-02
458.4638 .0579733
457.4394 .0559336
456.4399 5.464112E-02
455.4257 5.311113E-02
454.4209 5.098214E-02
453.4411 4.886182E-02
452.4215 4.508149E-02
451.4179 4.201456E-02
450.4124 4.043863E-02
449.3974 3.776699E-02
448.4144 3.660714E-02
447.4348 3.689494E-02
446.4557 3.472348E-02
445.4679 3.395978E-02
444.4521 3.200763E-02
443.4276 2.853502E-02
442.3896 2.684813E-02
441.3775 2.367719E-02
440.3986 2.393637E-02
439.3953 2.206224E-02
438.4043 2.220093E-02
437.4118 2.320908E-02
436.3931 2.023232E-02
435.4065 1.777046E-02
434.4308 1.552531E-02
433.4355 1.203883E-02
432.4484 9.918516E-03
431.4455 9.668863E-03
430.4303 7.117718E-03
429.4278 7.024965E-03
428.4233 6.259535E-03
427.4382 4.417476E-03
426.4404 3.178745E-03
425.4284 1.411234E-03
424.444 1.62448E-03
423.437 1.267337E-03
422.4535 -1.386963E-04
421.4772 -1.371359E-03
420.4645 -3.169209E-03
419.4634 -2.746186E-03
418.4526 -1.044556E-03
417.4576 -1.289008E-03
416.4576 -3.001907E-03
415.481 -5.613731E-03
414.492 -9.244106E-03
413.4894 -1.169469E-02
412.5141 -1.396064E-02
411.5187 -1.541609E-02
410.5148 -1.618152E-02
409.5096 -1.651959E-02
408.5051 -1.623093E-02
407.498 -1.704837E-02
406.5078 -1.775659E-02
405.5209 -1.769244E-02
404.5234 -.0199896
403.5123 -2.001907E-02
402.5182 -2.057559E-02
401.484 -2.175017E-02
400.4781 -1.926491E-02
399.4857 -1.863904E-02
398.4472 -1.910021E-02
397.4743 -2.048024E-02
396.4697 -2.453017E-02
395.466 -2.824549E-02
394.4909 -3.191401E-02
393.4737 -3.464546E-02
392.4708 -3.534154E-02
391.471 -3.798804E-02
390.4669 -.0382871
389.4938 -3.787882E-02
388.5038 -3.894417E-02
387.4811 -3.730062E-02
386.4808 -3.621533E-02
385.4587 -.0375286
384.4717 -3.733963E-02
383.4894 -3.740725E-02
382.4812 -4.035107E-02
381.4855 -3.950416E-02
380.4656 -4.037535E-02
379.4743 -4.291002E-02
378.4866 -4.335818E-02
377.48 -4.670683E-02
376.49 -4.757888E-02
375.4814 -4.843187E-02
374.4796 -4.887222E-02
373.4887 -4.850728E-02
372.4385 -5.052878E-02
371.4386 -5.128554E-02
370.4376 -5.249307E-02
369.4199 -5.449376E-02
368.4679 -5.526092E-02
367.4649 -.0556302
366.4655 -5.534761E-02
365.4764 -5.443048E-02
364.4717 -.0534388
363.4955 -5.206657E-02
362.507 -5.380375E-02
361.4982 -5.516644E-02
360.4833 -5.583044E-02
359.4738 -5.969486E-02
358.4796 -6.085212E-02
357.5169 -6.033894E-02
356.5417 -6.235524E-02
355.5347 -6.211945E-02
354.5179 -6.054785E-02
353.4958 -6.281987E-02
352.4783 -.0637292
351.4492 -6.435246E-02
350.4475 -6.764043E-02
349.45 -.0693412
348.4368 -7.012656E-02
347.4618 -6.994799E-02
346.4636 -7.013436E-02
345.444 -6.963679E-02
344.4586 -6.961512E-02
343.4557 -7.195215E-02
342.4412 -7.367112E-02
341.4679 -7.560853E-02
340.4489 -7.859657E-02
339.4478 -7.932472E-02
338.4554 -7.923457E-02
337.4359 -7.984137E-02
336.46 -7.893724E-02
335.467 -7.807732E-02
334.476 -7.844573E-02
333.4994 -.0779577
332.4955 -7.906553E-02
331.5045 -8.062587E-02
330.4879 -8.165655E-02
329.4699 -8.280513E-02
328.4772 -8.289095E-02
327.4507 -8.325416E-02
326.4594 -8.349168E-02
325.4782 -8.339892E-02
324.4755 -8.435506E-02
323.4891 -8.584171E-02
322.497 -8.760922E-02
321.4874 -8.990204E-02
320.4877 -9.021498E-02
319.4811 -9.051491E-02
318.4792 -9.108183E-02
317.4674 -9.040829E-02
316.4624 -9.241505E-02
315.4884 -9.386442E-02
314.4977 -.0945371
313.5142 -9.578797E-02
312.5117 -9.531379E-02
311.4889 -9.664788E-02
310.4756 -9.746272E-02
309.485 -9.642337E-02
308.4779 -9.796463E-02
307.4987 -9.633409E-02
306.5403 -9.535714E-02
305.5547 -9.964892E-02
304.5692 -.1011191
303.5645 -.1034475
302.543 -.1064528
301.5156 -.1065889
300.4984 -.1068932
299.491 -.1084059
298.4608 -.1091947
297.4425 -.1085341
296.4514 -.1082013
295.4454 -.1083989
294.4635 -.1082221
293.4828 -.1093733
292.4741 -.1117727
291.4705 -.1108183
290.4721 -.1094357
289.4582 -.1100234
288.4608 -.108802
287.4737 -.1112257
286.4517 -.1130548
285.4653 -.1144175
284.4496 -.1155938
283.4384 -.1147425
282.4478 -.1169548
281.4349 -.1172399
280.4619 -.1169626
279.4639 -.1179681
278.4607 -.1183851
277.4756 -.1172001
276.4691 -.1187171
275.4751 -.1202722
274.4777 -.1187292
273.4657 -.1210316
272.4519 -.1208036
271.4494 -.1198509
270.4422 -.1225598
269.4567 -.1227991
268.4727 -.1244079
267.4893 -.1261616
266.5225 -.1265031
265.5172 -.128991
264.5311 -.1290439
263.5226 -.1303727
262.5156 -.130521
261.5171 -.1293421
260.5051 -.1324818
259.5017 -.1326916
258.4918 -.1334492
257.4838 -.1352783
256.5068 -.1330687
255.5219 -.1330062
254.5511 -.1340291
253.5725 -.1344747
252.5595 -.137682
251.5471 -.1402661
250.5324 -.142044
249.4982 -.1433911
248.5031 -.1437032
247.4938 -.1449159
246.477 -.1445588
245.5008 -.1447495
244.4878 -.1459587
243.5 -.1452852
242.5215 -.1457429
241.5059 -.1494704
240.5083 -.1500251
239.499 -.1522608
238.4725 -.1542814
237.4688 -.1533148
236.4713 -.1531909
235.4933 -.1527791
234.5094 -.1542874
233.5193 -.1555184
232.5042 -.1579586
231.4891 -.1613514
230.4948 -.1625061
229.5174 -.1630088
228.5509 -.1655687
227.5503 -.1673119
226.5487 -.1664052
225.533 -.1684284
224.5124 -.1681883
223.5196 -.1674714
222.5201 -.1710775
221.5035 -.1739589
220.5004 -.1764858
219.4958 -.1788965
218.5004 -.1809336
217.521 -.1797841
216.5419 -.1790127
215.5669 -.1808955
214.5541 -.1827289
213.5648 -.1858538
212.5634 -.1907282
211.5449 -.1937587
210.5606 -.1949688
209.5452 -.198112
208.5514 -.1991201
207.554 -.1989459
206.5755 -.2004057
205.6103 -.2002262
204.6281 -.2003727
203.6517 -.202513
202.6438 -.205241
201.6375 -.2085879
200.6257 -.2119574
199.6144 -.2141037
198.5957 -.2136356
197.574 -.2118507
196.572 -.2145874
195.5506 -.2179863
194.5707 -.2236286
193.5754 -.2297997
192.5795 -.2321472
191.616 -.2364953
190.5957 -.2400382
189.5936 -.2426638
188.5729 -.2464667
187.5179 -.2473578
186.5149 -.2468256
185.5163 -.2487717
184.5223 -.2483799
183.5486 -.2503008
182.5615 -.2549861
181.5607 -.2569625
180.5321 -.2605669
179.5333 -.2623223
178.5284 -.2629768
177.5296 -.2679915
176.5685 -.2716956
175.5688 -.2759995
174.5731 -.2818117
173.5786 -.2839763
172.5554 -.2869097
171.5495 -.2908738
170.5425 -.2937691
169.5252 -.2964589
168.536 -.2993481
167.5281 -.3011364
166.546 -.3016011
165.59 -.3028277
164.5898 -.3052618
163.5873 -.3064763
162.5688 -.3089477
161.5377 -.3102176
160.534 -.3104993
159.5514 -.3120796
158.5602 -.3141063
157.5535 -.3180921
156.571 -.3204907
155.5703 -.3236408
154.5627 -.3267623
153.5602 -.329069
152.559 -.3328303
151.5662 -.3376205
150.5788 -.341204
149.5831 -.343945
148.5603 -.3481311
147.5367 -.3481597
146.5384 -.348353
145.5383 -.3505253
144.5406 -.3509111
143.5723 -.3532577
142.5577 -.3573691
141.5493 -.358952
140.5582 -.3613713
139.5535 -.3624853
138.5612 -.3637379
137.5528 -.3665439
136.5494 -.3680947
135.5455 -.3716401
134.5515 -.3713939
133.5853 -.3709449
132.584 -.3738601
131.5723 -.3759414
130.5455 -.3781813
129.5175 -.380801
128.5175 -.3813115
127.5378 -.3804048
126.5774 -.3812821
125.5866 -.3848076
124.5865 -.3850304
123.5717 -.3873578
122.5397 -.3914069
121.5462 -.3911442
120.5598 -.3919123
119.5673 -.3933174
118.5599 -.393607
117.5583 -.3933755
116.5455 -.3946429
115.5462 -.3921351
114.5706 -.3904031
113.6015 -.3921498
112.616 -.3923743
111.6177 -.3964355
110.6113 -.3996732
109.5973 -.3986373
108.605 -.3999965
107.6085 -.3972486
106.6153 -.3956285
105.6028 -.3976552
104.6021 -.3987041
103.6172 -.4022685
102.6419 -.4041843
101.6703 -.4054768
100.6769 -.4070094
99.65837 -.4079481
98.64198 -.4086044
97.60009 -.4092216
96.58834 -.4072703
95.59436 -.4061642
94.58736 -.4061416
93.62736 -.4045284
92.63936 -.405866
91.64722 -.4064528
90.63448 -.40679
89.61664 -.4057862
88.61487 -.4016244
87.60873 -.398782
86.62016 -.3971195
85.6153 -.3971541
84.60486 -.4007784
83.59023 -.4023153
82.59936 -.4026586
81.61386 -.406348
80.61842 -.4076075
79.61709 -.4105002
78.5918 -.4126335
77.5909 -.411823
76.59477 -.4105418
75.60544 -.4083252
74.62521 -.4084795
73.61679 -.4080843
72.60675 -.4092172
71.61709 -.4109024
70.61641 -.4085324
69.62573 -.4061365
68.62827 -.4054984
67.62171 -.4043759
66.61134 -.4059405
65.60065 -.4086772
64.59982 -.4091409
63.60757 -.4091288
62.62018 -.4092528
61.62366 -.4096203
60.61584 -.409577
59.60316 -.4100745
58.59121 -.4090274
57.58457 -.4077029
56.62262 -.4057802
55.64105 -.4044799
54.63495 -.4050633
53.65571 -.4035298
52.63359 -.4050962
51.61815 -.4037673
50.66405 -.4011954
49.67304 -.4023154
48.67595 -.4022512
47.68134 -.4044547
46.66781 -.4071689
45.65704 -.4071099
44.64665 -.4075789
43.65617 -.4070605
42.64243 -.4068004
41.63135 -.4085567
40.63033 -.4075572
39.61034 -.4078546
38.60499 -.4076829
37.6117 -.4055634
36.62138 -.4054663
35.64331 -.4049506
34.65356 -.4038402
33.65207 -.4043776
32.64109 -.4038107
31.63151 -.4030313
30.62605 -.4034587
29.63077 -.403809
28.65181 -.4051552
27.6603 -.4062786
26.6687 -.4063402
25.67494 -.4048145
24.6989 -.4028546
23.70586 -.4026248
22.70967 -.402949
21.7113 -.4044972
20.66774 -.4069903
19.65307 -.4064243
18.65692 -.4064884
17.63909 -.4063948
16.65239 -.4037214
15.65325 -.4039814
14.65169 -.4040213
13.66907 -.4029768
12.66264 -.4044001
11.6652 -.4053589
10.6651 -.4057264
9.655643 -.4072512
8.663054 -.4073639
7.665781 -.4068499
6.660097 -.4053667
5.692951 -.4030868
4.70101 -.4029855
3.692153 -.4028138
2.703503 -.4026283
1.672477 -.4047131
.6768645 -.4041487
-.2839504 -.4027037
-1.240511 -.4015404
-2.184592 -.3984873
-3.173641 -.3976534
-4.157854 -.3980184
-5.179191 -.4011581
-6.183711 -.4025771
-7.152535 -.4037777
-8.147002 -.4056692
-9.146652 -.4042814
-10.14689 -.4043507
-11.15269 -.4045354
-12.17716 -.4026378
-13.16206 -.4011399
-14.15657 -.4007394
-15.17789 -.3998578
-16.16768 -.4003632
-17.19021 -.4007204
-18.21819 -.400723
-19.20773 -.3996221
-20.20114 -.3983279
-21.20327 -.3978025
-22.21934 -.3969149
-23.2396 -.3956987
-24.25015 -.3963462
-25.22886 -.3974653
-26.19644 -.3958851
-27.1701 -.3990152
-28.16829 -.3992797
-29.16694 -.3991063
-30.19305 -.4023353
-31.20506 -.4021593
-32.20945 -.4006198
-33.22228 -.3994868
-34.20251 -.3977765
-35.19662 -.3964554
-36.1928 -.3956996
-37.18089 -.3958218
-38.18584 -.3961243
-39.17086 -.3939164
-40.16367 -.3924064
-41.17138 -.3921359
-42.17582 -.3910922
-43.18911 -.392565
-44.19434 -.3958096
-45.18354 -.3951448
-46.18886 -.3965985
-47.19436 -.3958521
-48.18225 -.3968091
-49.18564 -.3969296
-50.1609 -.395853
-51.15792 -.396719
-52.17113 -.3941999
-53.16199 -.394362
-54.17268 -.3943429
-55.14523 -.3929031
-56.12283 -.3936928
-57.14114 -.3935116
-58.12 -.3906328
-59.14542 -.3902965
-60.1716 -.3893542
-61.18429 -.3894565
-62.21246 -.3919539
-63.20741 -.3916349
-64.19048 -.3919392
-65.15382 -.3917519
-66.14487 -.3907221
-67.14517 -.3925078
-68.15768 -.3924506
-69.18361 -.3937517
-70.18176 -.3944097
-71.19719 -.3927341
-72.18984 -.3928155
-73.18277 -.39026
-74.17169 -.3892857
-75.16068 -.3899445
-76.16146 -.389219
-77.13686 -.3895189
-78.14145 -.3891548
-79.14877 -.3885663
-80.16293 -.3888974
-81.18321 -.390404
-82.20603 -.3921194
-83.20245 -.3918871
-84.19898 -.3919288
-85.20679 -.3913887
-86.19762 -.3913705
-87.19061 -.3908044
-88.19265 -.3907585
-89.18542 -.3915985
-90.15478 -.38972
-91.14935 -.3903363
-92.12747 -.3911139
-93.12181 -.38959
-94.13603 -.3903545
-95.12973 -.3910064
-96.13647 -.3904508
-97.12526 -.3911867
-98.14742 -.3920735
-98.70995 -.3646862
-98.76311 -.3316878
-98.34932 -.2950382
-97.41432 -.2538428
-96.41617 -.2371368
-95.42664 -.2239485
-94.42181 -.2116747
-93.39674 -.201686
-92.39559 -.1947911
-91.39747 -.1859787
-90.40376 -.1782299
-89.41229 -.1733096
-88.44804 -.1673223
-87.45319 -.1645354
-86.4675 -.1615629
-85.45852 -.1568906
-84.43867 -.1522963
-83.42489 -.1472191
-82.40211 -.1441366
-81.40548 -.1417198
-80.393 -.1380097
-79.3864 -.1353736
-78.3873 -.1299393
-77.38738 -.1240439
-76.39232 -.1231259
-75.41621 -.1216349
-74.40392 -.1209986
-73.40559 -.1212708
-72.41443 -.1183192
-71.41939 -.1159752
-70.44734 -.1147079
-69.46484 -.1124879
-68.46648 -.1101153
-67.44272 -.1070961
-66.43089 -.1042519
-65.44237 -.1018447
-64.4557 -.1007836
-63.45522 -.1000191
-62.46727 -9.925538E-02
-61.44106 -9.858616E-02
-60.39742 -9.728589E-02
-59.41216 -9.543082E-02
-58.39938 -9.296551E-02
-57.40548 -9.070475E-02
-56.41314 -8.756935E-02
-55.41256 -8.552271E-02
-54.38796 -8.317355E-02
-53.35598 -8.156294E-02
-52.36596 -.0808027
-51.35552 -7.927531E-02
-50.38665 -7.948336E-02
-49.40578 -7.926144E-02
-48.4096 -7.826543E-02
-47.41395 -7.722261E-02
-46.41188 -7.506502E-02
-45.4158 -7.157941E-02
-44.39064 -6.996533E-02
-43.40057 -6.807473E-02
-42.38868 -6.676578E-02
-41.40556 -6.585298E-02
-40.42727 -6.376301E-02
-39.43069 -6.251301E-02
-38.44227 -6.248266E-02
-37.43436 -6.235697E-02
-36.4431 -6.256674E-02
-35.44004 -6.212292E-02
-34.43472 -6.019158E-02
-33.4395 -5.960905E-02
-32.4317 -5.827497E-02
-31.43561 -5.725555E-02
-30.43366 -5.598821E-02
-29.39961 -5.327237E-02
-28.40637 -5.091106E-02
-27.39609 -4.965759E-02
-26.3993 -4.922503E-02
-25.42647 -4.834605E-02
-24.43004 -4.846047E-02
-23.4317 -4.607576E-02
-22.4377 -4.349254E-02
-21.43466 -4.287968E-02
-20.44785 -4.188107E-02
-19.45915 -4.118932E-02
-18.45219 -4.152913E-02
-17.4673 -4.053485E-02
-16.43652 -3.685073E-02
-15.41179 -3.542563E-02
-14.43132 -3.479283E-02
-13.42524 -3.231363E-02
-12.44245 -3.404126E-02
-11.45201 -3.417042E-02
-10.43669 -3.111564E-02
-9.416661 -3.239077E-02
-8.401373 -2.979196E-02
-7.405594 -2.717059E-02
-6.387148 -2.595874E-02
-5.370978 -2.360263E-02
-4.359562 -2.292302E-02
-3.357319 -2.400139E-02
-2.382993 -2.525659E-02
-1.465601 -2.523839E-02
-.5155212 -2.527826E-02
.4411227 -.0242233
1.429723 -2.324809E-02
2.468658 -2.187413E-02
3.484745 -1.974861E-02
4.498006 -.0175182
5.517482 -1.458564E-02
6.509738 -1.319261E-02
7.4999 -1.201456E-02
8.510801 -9.907246E-03
9.47755 -7.007629E-03
10.47107 -5.703884E-03
11.46824 -5.705617E-03
12.437 -6.785715E-03
13.43813 -7.521671E-03
14.42843 -6.57767E-03
15.43024 -4.724341E-03
16.44606 -.0028138
17.44529 -2.513003E-03
18.43242 -2.396845E-03
19.42886 -2.415048E-03
20.40405 -8.408461E-04
21.41354 2.931692E-03
22.43958 5.161234E-03
23.43732 6.926144E-03
24.46085 6.206657E-03
25.43788 3.821082E-03
26.40475 3.613905E-03
27.39218 3.822816E-03
28.38702 4.411408E-03
29.39599 4.591713E-03
30.41095 5.760229E-03
31.41738 6.765776E-03
32.42279 8.584432E-03
33.41696 1.181432E-02
34.43228 1.411755E-02
35.41746 1.442268E-02
36.40136 1.458998E-02
37.39134 1.430739E-02
38.38245 1.194261E-02
39.39296 1.278433E-02
40.40126 1.391123E-02
41.42883 1.375347E-02
42.41626 1.652826E-02
43.41842 .0184232
44.41312 1.990378E-02
45.39903 2.214199E-02
46.41306 2.287188E-02
47.43653 2.392597E-02
48.45063 2.268724E-02
49.45818 2.165742E-02
50.45859 2.162882E-02
51.42383 1.945735E-02
52.39398 2.081658E-02
53.39302 .022806
54.37191 2.361997E-02
55.36971 2.585818E-02
56.38419 2.645198E-02
57.36953 2.553311E-02
58.3564 2.740898E-02
59.36819 3.049757E-02
60.368 3.237691E-02
61.36771 3.365118E-02
62.38352 3.302791E-02
63.37095 3.170856E-02
64.36832 3.173283E-02
65.35854 3.292736E-02
66.3694 .0354551
67.36174 3.564147E-02
68.3623 3.647972E-02
69.38019 3.783461E-02
70.36237 3.764043E-02
71.38933 4.105236E-02
72.39836 4.247659E-02
73.39745 4.223041E-02
74.42424 4.200502E-02
75.40224 3.957004E-02
76.3839 3.994799E-02
77.36346 4.058252E-02
78.34167 4.089979E-02
79.34904 .0428008
80.34697 4.200676E-02
81.33443 4.315014E-02
82.32563 4.557732E-02
83.30898 .0464147
84.3064 4.869539E-02
85.33321 .0493594
86.34477 4.865551E-02
87.34117 4.744452E-02
88.35365 .0476829
89.34132 4.808252E-02
90.31934 5.012396E-02
91.31948 .0528008
92.31326 5.476422E-02
93.3128 5.752687E-02
94.3224 5.914008E-02
95.34142 6.128727E-02
96.34474 6.280167E-02
97.36038 6.383842E-02
98.38879 6.543429E-02
99.39832 6.482749E-02
100.4022 6.444088E-02
101.3981 6.520285E-02
102.38 6.496879E-02
103.3647 6.821515E-02
104.3681 7.126474E-02
105.3783 7.303745E-02
106.3857 7.518291E-02
107.3782 7.505374E-02
108.3709 .077181
109.3481 8.043343E-02
110.3403 .0823535
111.3612 8.442354E-02
112.3656 8.407854E-02
113.3698 8.297244E-02
114.3654 .0837214
115.3298 8.487605E-02
116.3237 8.675711E-02
117.3288 8.878814E-02
118.3267 .0896472
119.3292 9.143637E-02
120.312 9.478502E-02
121.2914 9.838332E-02
122.3 .102682
123.3116 .1045614
124.3285 .1048752
125.3519 .1023032
126.3336 .1007316
127.3183 .1030548
128.3134 .1043967
129.2951 .1088428
130.3051 .1130817
131.3088 .1128719
132.3065 .1165413
133.2996 .1189052
134.2954 .1198561
135.3123 .1242892
136.3097 .1246186
137.3205 .1260723
138.3306 .1289225
139.3054 .1301812
140.3021 .1335948
141.2825 .13513
142.2623 .136621
143.2825 .140039
144.3028 .1424705
145.327 .1461659
146.3556 .1496307
147.3599 .1505175
148.3499 .1515274
149.3593 .1533105
150.3464 .1539355
151.3658 .1557949
152.3599 .1581692
153.3521 .161016
154.3419 .1649636
155.3003 .1684865
156.3051 .1725685
157.2944 .1749844
158.2964 .1776803
159.3082 .1824263
160.2901 .1839086
161.295 .1856831
162.296 .1873578
163.3215 .1877393
164.3549 .1897035
165.3579 .1928511
166.3749 .1953415
167.352 .1977289
168.338 .2005539
169.3276 .2020241
170.3151 .205905
171.3066 .2106709
172.2955 .2143759
173.2936 .2177999
174.2962 .2188965
175.3072 .219453
176.3135 .2201898
177.3271 .2225659
178.3167 .2240352
179.3193 .2253528
180.3188 .2284501
181.3213 .2310003
182.3067 .2349783
183.3059 .2403511
184.3039 .2435082
185.2846 .2459388
186.2913 .2484562
187.2791 .2495934
188.2805 .2514485
189.2847 .2537604
190.2915 .2557949
191.3038 .2583755
192.2941 .2608599
193.3049 .2642918
194.3291 .2686018
195.339 .2704326
196.3549 .2731493
197.3651 .2749515
198.3485 .2743039
199.3349 .276628
200.342 .2789555
201.3525 .2801075
202.3563 .2841323
203.3696 .2870544
204.3757 .2897573
205.3427 .2933001
206.3263 .2958859
207.3111 .2978415
208.2892 .3000373
209.277 .3022122
210.2725 .3039919
211.2745 .3044704
212.2646 .3057958
213.2727 .3082663
214.291 .3096775
215.2971 .3137899
216.2919 .3157672
217.2958 .3173344
218.2718 .3186625
219.2522 .3195146
220.2558 .323229
221.2479 .3264589
222.2521 .3299541
223.2772 .3323683
224.2824 .3311208
225.3054 .3298864
226.3254 .3316635
227.3098 .330547
228.2853 .3323128
229.2705 .3348223
230.2608 .3344989
231.2504 .3375035
232.2686 .3413185
233.2617 .3431718
234.266 .3453546
235.2581 .3465413
236.2527 .3454291
237.2407 .3454941
238.2142 .3458296
239.2215 .3482758
240.2263 .3496914
241.244 .3518741
242.2464 .3541687
243.2406 .3559735
244.2384 .3589806
245.2296 .3615178
246.2388 .3628268
247.2488 .3623725
248.2284 .3622867
249.2284 .3618456
250.2303 .3624307
251.2283 .3638263
252.2716 .3662986
253.2826 .3681424
254.2826 .3696567
255.3022 .3711763
256.2834 .3712717
257.2778 .3715993
258.2783 .3753667
259.2455 .3771437
260.2398 .3777427
261.2372 .3787257
262.2389 .376139
263.2595 .3769816
264.2686 .3787699
265.2871 .3800529
266.28 .3816756
267.2696 .3813609
268.2428 .3806302
269.2006 .3810237
270.2011 .3827176
271.1951 .3865829
272.2122 .3885506
273.2285 .3889086
274.2415 .388607
275.2325 .3857143
276.2379 .385905
277.2492 .3872313
278.238 .3869157
279.2399 .3885376
280.2301 .3887171
281.2095 .3885133
282.2015 .3894903
283.1959 .3908088
284.2054 .3911252
285.216 .3905548
286.2161 .389336
287.2186 .388522
288.2004 .3879195
289.1926 .3891401
290.2019 .3911607
291.2224 .3902436
292.2115 .3923847
293.2318 .3934934
294.2029 .3915855
295.1838 .393431
296.1924 .3934292
297.1668 .3932801
298.1902 .3947833
299.2023 .3935004
300.2176 .3930106
301.2374 .3931779
302.2357 .3949783
303.256 .3981112
304.2789 .3995622
305.2818 .3990915
306.296 .3989416
307.3008 .3975156
308.2939 .3980383
309.2806 .3996897
310.2646 .399297
311.2357 .3985411
312.2181 .3973414
313.2243 .3968776
314.2185 .3974333
315.2238 .3981397
316.2516 .3986477
317.2281 .3979282
318.2262 .3959007
319.2171 .3970787
320.1816 .3980721
321.1971 .4009154
322.2204 .4033946
323.2179 .4022027
324.2302 .4007152
325.2263 .3989078
326.2121 .3983755
327.2276 .3989312
328.2297 .3991583
329.2578 .398607
330.2524 .3988115
331.2422 .3983859
332.237 .4004204
333.2243 .4017805
334.2264 .4028372
335.2318 .4043672
336.2363 .4024575
337.2041 .4021992
338.2014 .4012699
339.1659 .400104
340.1458 .4013792
341.1903 .4025511
342.1902 .4037378
343.2352 .4066358
344.24 .407142
345.2134 .406016
346.2265 .4062621
347.2148 .4042961
348.2143 .4039234
349.2111 .4042432
350.1955 .4040811
351.1787 .4052271
352.1877 .4061564
353.204 .4091228
354.2373 .4116886
355.25 .4124124
356.2554 .4133755
357.2643 .4123483
358.2252 .4126309
359.2201 .413737
360.201 .4137084
361.1876 .4130894
362.2 .4129577
363.2125 .412298
364.2257 .41334
365.2215 .4152635
366.2311 .4153017
367.2357 .4176057
368.2478 .4171281
369.2237 .4180166
370.2237 .42041
371.2037 .420345
372.1853 .4225468
373.2261 .4232906
374.2108 .4212223
375.2141 .4211711
376.2164 .4208616
377.1953 .4199991
378.1999 .4204482
379.1993 .4207767
380.2166 .4212838
381.2214 .4216158
382.2133 .4243577
383.2036 .4246177
384.1864 .4245935
385.1773 .4252453
386.1986 .4242536
387.2107 .4238298
388.188 .4241184
389.1836 .4250225
390.1626 .4241921
391.1689 .4260116
392.192 .4281076
393.2184 .4294859
394.2432 .4319851
395.2396 .4323457
396.2457 .4321429
397.2256 .4312483
398.2103 .4299228
399.2196 .4302878
400.2202 .4292242
401.2218 .4288167
402.2259 .4302158
403.2336 .430299
404.2656 .4322538
405.2976 .4341548
406.3142 .4340855
407.3209 .4333798
408.2959 .4353459
409.2714 .4344677
410.2481 .4335541
411.2142 .432832
412.2057 .4300494
413.205 .4307082
414.2151 .4311347
415.2162 .43332
416.2179 .4335264
417.2118 .4330817
418.218 .4344314
419.2472 .433379
420.2472 .4355765
421.2434 .436706
422.2114 .4349679
423.1968 .4347755
424.1969 .4327956
425.2074 .4310862
426.2164 .4324376
427.2103 .4322928
428.2038 .4315837
429.2062 .4320943
430.2039 .4315993
431.1884 .4327852
432.1884 .4328528
433.1758 .4317476
434.1689 .4306284
435.1732 .4284353
436.1752 .4286373
437.1906 .4299038
438.1921 .4304612
439.176 .4325191
440.1609 .4319808
441.1443 .4315915
442.1344 .4330687
443.1471 .4319348
444.1607 .435228
445.1537 .4373916
446.1545 .4365309
447.1624 .4381051
448.1464 .4349931
449.143 .432513
450.1472 .4328372
451.1468 .4320952
452.147 .4323491
453.1421 .4332438
454.146 .4326361
455.1466 .4329317
456.1636 .4341392
457.1918 .4346385
458.2135 .4363644
459.2086 .4358469
460.2114 .4353745
461.1844 .43403
462.1789 .4312474
463.1885 .4330972
464.1691 .4336208
465.187 .4348058
466.1865 .4378615
467.1711 .436159
468.1478 .4355184
469.1385 .4371273
470.122 .4392796
471.1086 .4407221
472.1233 .4431718
473.114 .4423049
474.1053 .440612
475.1013 .4418828
476.1248 .442806
477.1349 .4438211
478.1465 .444154
479.1688 .4443369
480.1435 .4442094
481.1429 .4451933
482.1526 .4493663
483.1489 .450202
484.1746 .4498709
485.1764 .4510515
486.1489 .44804
487.1444 .4490621
488.1122 .4508729
489.0988 .45166
490.0947 .4540976
491.089 .4554828
492.1072 .4567597
493.1117 .459466
494.1368 .4612656
495.1586 .464108
496.1725 .4660229
497.1779 .4661035
498.1531 .4667372
498.7244 .4349168
498.7969 .3955817
498.3945 .3512569
497.4807 .3001006
496.485 .2780374
495.484 .2605695
494.4829 .2460844
493.5085 .2341886
492.5133 .2222122
491.5175 .2115491
490.5107 .2003424
489.4883 .1917129
488.4682 .1856458
487.4615 .1800425
486.462 .1764754
485.4969 .171582
484.5243 .1639225
483.5132 .157637
482.5232 .1497573
481.504 .1426196
480.4811 .1371437
479.5015 .1306718
478.4836 .1253615
477.4883 .1206181
476.5039 .1166158
475.4885 .113971
474.5013 .1115863
473.5083 .1098448
472.5163 .1072148
471.5266 .1028467
470.5193 .100716
469.4906 9.959431E-02
468.4822 9.875694E-02
467.4958 9.806605E-02
466.5017 9.517944E-02
465.5389 8.959172E-02
464.5482 8.461598E-02
463.5386 8.135229E-02
462.5312 7.774273E-02
461.5122 7.555825E-02
460.5113 7.372226E-02
459.5232 7.089719E-02
458.5219 6.836686E-02
457.516 6.648752E-02
456.4926 6.497833E-02
455.4967 6.432992E-02
454.5088 6.426577E-02
453.5424 6.346914E-02
452.5417 6.080444E-02
451.5143 6.006935E-02
450.511 6.121013E-02
449.4837 5.998527E-02
448.5074 5.979542E-02
447.5341 5.677705E-02
446.5201 5.027305E-02
445.5382 4.704837E-02
444.5141 4.395458E-02
443.4959 4.205097E-02
442.5094 4.090153E-02
441.492 .0389017
440.5073 3.836339E-02
439.5291 3.631241E-02
438.5211 .035293
437.533 3.628034E-02
436.5527 3.460038E-02
435.5448 3.526786E-02
434.5776 .0354993
433.5865 3.321602E-02
432.5776 3.204143E-02
431.5812 3.057212E-02
430.5579 2.917562E-02
429.5556 2.801144E-02
428.5523 2.608703E-02
427.5628 2.447036E-02
426.5659 2.239945E-02
425.5504 2.104889E-02
424.5582 2.168602E-02
423.5505 2.016384E-02
422.5669 1.821602E-02
421.5874 1.810506E-02
420.6044 1.513436E-02
419.6027 1.406814E-02
418.5853 1.409674E-02
417.5822 1.295163E-02
416.5742 1.344053E-02
415.5817 1.237517E-02
414.595 1.104629E-02
413.5985 .0106172
412.5895 1.011789E-02
411.5768 9.694868E-03
410.5718 9.043862E-03
409.5823 6.431172E-03
408.6018 3.835818E-03
407.6102 7.662968E-04
406.621 -1.34362E-04
405.6132 2.999307E-04
404.5907 -9.318655E-04
403.582 -1.393897E-03
402.5769 -2.924757E-03
401.5689 -6.074896E-03
400.5736 -7.213939E-03
399.5629 -8.390256E-03
398.5607 -9.291782E-03
397.5713 -1.015517E-02
396.5608 -1.051491E-02
395.5728 -1.122486E-02
394.5568 -1.387569E-02
393.5372 -1.393464E-02
392.5475 -1.539182E-02
391.5329 -.0165456
390.5311 -1.730062E-02
389.5417 -1.885922E-02
388.5319 -2.096394E-02
387.5518 -2.147018E-02
386.5577 -1.991678E-02
385.5488 -2.038055E-02
384.5536 -1.910974E-02
383.5582 -1.903086E-02
382.5749 -2.150225E-02
381.5928 -2.331917E-02
380.5927 -2.499133E-02
379.598 -2.660194E-02
378.5766 -2.576283E-02
377.5732 -2.340759E-02
376.5626 -2.347001E-02
375.5408 -2.334431E-02
374.5674 -2.537188E-02
373.5773 2.435073E-02
372.6009 8.104976E-02
371.5915 .1340127
370.5733 .179056
369.5685 .1628727
368.557 .1340152
367.5782 .1050295
366.5802 8.126647E-02
365.5532 6.404473E-02
364.538 .0536113
363.5384 4.590239E-02
362.5523 4.104976E-02
361.5631 3.694348E-02
360.5717 3.183686E-02
359.5609 2.668863E-02
358.5607 2.238037E-02
357.5714 1.757195E-02
356.5983 9.924584E-03
355.6099 2.441055E-03
354.6134 -5.25312E-03
353.5955 -1.231016E-02
352.5806 -1.487084E-02
351.5764 -1.728936E-02
350.5669 -.0195137
349.5625 -.0203164
348.558 -2.224255E-02
347.5579 -2.223561E-02
346.5497 -2.295857E-02
345.572 -2.537968E-02
344.572 -2.605062E-02
343.5428 -2.916609E-02
342.5451 -3.298371E-02
341.5283 -.0326621
340.5161 -3.263089E-02
339.5311 -3.082264E-02
338.5263 -2.876474E-02
337.528 -3.117805E-02
336.5295 -3.449376E-02
335.548 -3.827583E-02
334.5471 -4.134882E-02
333.5758 -4.320908E-02
332.5763 -4.510576E-02
331.5704 -4.666435E-02
330.5717 -4.878814E-02
329.5664 -5.061026E-02
328.5704 -5.166002E-02
327.5585 -5.277479E-02
326.5637 -5.297764E-02
325.5436 -5.326456E-02
324.5349 -5.515777E-02
323.5413 -5.686546E-02
322.5331 -5.790222E-02
321.5415 -5.646151E-02
320.5476 -5.458998E-02
319.5674 -5.369105E-02
318.5731 -5.465759E-02
317.5948 -5.841019E-02
316.6255 -6.150919E-02
315.623 -6.409414E-02
314.6407 -.0660931
313.6339 -6.671637E-02
312.633 -6.682559E-02
311.6054 -6.839112E-02
310.6029 -6.817441E-02
309.5996 -6.864078E-02
308.5739 -7.086945E-02
307.6089 -6.994192E-02
306.6463 -.070306
305.6443 -7.319088E-02
304.6709 -7.287448E-02
303.6698 -7.444608E-02
302.6104 -7.595614E-02
301.6034 -7.446688E-02
300.5881 -.0759284
299.5927 -7.833478E-02
298.5928 -.0798301
297.5875 -8.248179E-02
296.5793 -8.347954E-02
295.5724 -8.349601E-02
294.5884 -8.412881E-02
293.582 -8.511008E-02
292.5742 -8.624914E-02
291.5603 -.0862422
290.5456 -.0867753
289.5347 -8.665048E-02
288.5435 -8.675624E-02
287.5391 -8.746272E-02
286.5367 -.0876517
285.553 -8.814754E-02
284.5598 -8.875607E-02
283.5724 -8.921117E-02
282.5813 -9.111564E-02
281.5801 -9.254855E-02
280.5874 -9.384188E-02
279.5869 -9.740637E-02
278.5997 -9.852202E-02
277.6143 -9.930825E-02
276.6068 -9.950157E-02
275.6085 -9.889217E-02
274.6039 -9.896151E-02
273.5859 -.1002757
272.5843 -.1019374
271.5792 -.1037717
270.5771 -.105866
269.5889 -.1060602
268.5859 -.1070345
267.5894 -.1060472
266.6138 -.1044851
265.6082 -.1061729
264.601 -.1061885
263.6015 -.1088367
262.5733 -.1123197
261.5807 -.1137933
260.5934 -.1161373
259.5838 -.1172521
258.5859 -.1171836
257.5807 -.1162959
256.6006 -.1147035
255.6178 -.1152687
254.6215 -.116986
253.6244 -.1175329
252.6171 -.1203918
251.5872 -.1219244
250.5915 -.12515
249.5876 -.1282594
248.5667 -.1285766
247.5838 -.1263358
246.5774 -.1252566
245.5969 -.1269591
244.6158 -.1297711
243.6346 -.1348275
242.6595 -.1349983
241.6399 -.1369652
240.6384 -.1367562
239.616 -.1375243
238.6107 -.1399697
237.5939 -.1397573
236.5711 -.1435177
235.5761 -.1446411
234.5597 -.1469755
233.5777 -.1495796
232.5924 -.151126
231.5885 -.1526118
230.5895 -.1535133
229.6252 -.1536122
228.6408 -.1552072
227.6779 -.1588367
226.6937 -.1620336
225.665 -.1661252
224.64 -.1682247
223.6059 -.1700581
222.5953 -.1722287
221.6023 -.1733772
220.626 -.175039
219.6597 -.1755227
218.6581 -.1762673
217.6666 -.1779768
216.6769 -.1806857
215.6554 -.1840855
214.6473 -.1871108
213.6295 -.1905123
212.6183 -.1917536
211.6181 -.192331
210.663 -.1934353
209.6694 -.1957325
208.6723 -.1982446
207.6824 -.2022555
206.665 -.2068759
205.6882 -.2091054
204.7178 -.2125087
203.7341 -.2145527
202.7406 -.2164962
201.7201 -.218197
200.6915 -.2202323
199.6919 -.2233694
198.6822 -.2268473
197.6901 -.22944
196.6938 -.2337361
195.6665 -.2384319
194.6759 -.2392294
193.6851 -.2412691
192.6833 -.2391626
191.6782 -.2380721
190.6789 -.2426491
189.6637 -.2480426
188.6509 -.2548136
187.6537 -.2602748
186.6186 -.2640057
185.6131 -.2661625
184.6178 -.2689182
183.6141 -.2722105
182.6236 -.2734509
181.6291 -.2747356
180.622 -.2762864
179.6333 -.2779603
178.6473 -.2793767
177.667 -.2833547
176.6967 -.289186
175.6994 -.2916037
174.7012 -.2923717
173.6797 -.2937231
172.6516 -.2943629
171.6531 -.2972651
170.6381 -.3047226
169.6425 -.3101725
168.6573 -.3131129
167.6669 -.3164372
166.6695 -.3185749
165.6806 -.319518
164.661 -.3238142
163.6421 -.3263341
162.6461 -.3281155
161.6324 -.331465
160.6413 -.3311867
159.6502 -.3337647
158.6602 -.3358148
157.6767 -.3373197
156.6899 -.3387023
155.7157 -.3378979
154.6992 -.3394877
153.7046 -.3425182
152.7099 -.3470943
151.696 -.3526786
150.7177 -.3573292
149.698 -.359342
148.681 -.3628173
147.6568 -.3645856
146.6538 -.3659952
145.6552 -.3687648
144.6398 -.3699411
143.6432 -.371803
142.6172 -.3727505
141.6241 -.3729473
140.6382 -.3732187
139.6597 -.3739771
138.6727 -.3763419
137.6683 -.3787205
136.6685 -.3795622
135.6339 -.382956
134.6314 -.3833157
133.6369 -.3852384
132.6306 -.3891245
131.6343 -.3894383
130.6587 -.3915655
129.6745 -.3923786
128.6944 -.3921368
127.7246 -.3916748
126.7134 -.3938817
125.6941 -.3957316
124.684 -.397598
123.6812 -.3999159
122.6737 -.4008296
121.6814 -.4001578
120.7033 -.3998812
119.7086 -.4009674
118.7207 -.4004282
117.714 -.4018013
116.6932 -.4056189
115.6819 -.4066557
114.6911 -.4079161
113.7054 -.4117588
112.6985 -.41112
111.7057 -.4114996
110.6899 -.4122452
109.6805 -.41
108.6938 -.4104109
107.6808 -.4121047
106.6883 -.4114598
105.6846 -.4125546
104.7012 -.4116071
103.7074 -.4127722
102.7183 -.4142259
101.749 -.4112119
100.7428 -.4136468
99.76 -.4140188
98.73157 -.4148474
97.70432 -.4199567
96.70151 -.4197547
95.69852 -.4198197
94.70076 -.4215196
93.69803 -.4188627
92.69762 -.4188861
91.69917 -.418164
90.70406 -.4166887
89.69614 -.4169634
88.69495 -.4167181
87.68179 -.4187829
86.6827 -.4192216
85.68745 -.4221767
84.69499 -.4234847
83.69388 -.4201092
82.70702 -.415807
81.70146 -.4144599
80.69759 -.4133669
79.70643 -.415918
78.69385 -.4207646
77.69785 -.420527
76.70854 -.4227271
75.71361 -.4223977
74.72653 -.4225147
73.73195 -.4245397
72.71235 -.4227488
71.71879 -.4211226
70.71214 -.4214572
69.70982 -.4186425
68.71821 -.4197356
67.70271 -.420026
66.69568 -.420547
65.71409 -.4223241
64.72206 -.4171628
63.73318 -.4148778
62.73484 -.4130453
61.72125 -.4127002
60.71087 -.4168551
59.71387 -.4204906
58.71175 -.4203632
57.71667 -.4202158
56.72074 -.4210706
55.72097 -.4205678
54.72526 -.4205626
53.73179 -.4213454
52.73214 -.4192866
51.73039 -.4176222
50.76786 -.4177514
49.76454 -.4159345
48.75678 -.4177956
47.74403 -.4184926
46.72112 -.4168871
45.70955 -.4151422
44.7094 -.4130123
43.72522 -.4122322
42.72092 -.4141505
41.73691 -.4169912
40.7487 -.4175659
39.73536 -.4178806
38.73348 -.4179985
37.7374 -.4163844
36.73581 -.4179629
35.73199 -.4194495
34.73981 -.418314
33.7275 -.4196818
32.72243 -.4187664
31.73656 -.4150832
30.73262 -.4144773
29.7382 -.414147
28.75037 -.4113315
27.74827 -.4128354
26.74344 -.413887
25.75012 -.4117432
24.76552 -.4165196
23.76278 -.4170666
22.77027 -.4179525
21.77679 -.4188818
20.77177 -.4184882
19.7797 -.4196671
18.79854 -.4165153
17.79193 -.4165066
16.79183 -.4138367
15.78348 -.4128632
14.77071 -.4142433
13.76874 -.4139589
12.7797 -.4131866
11.79387 -.4129872
10.8075 -.4109691
9.80921 -.411758
8.788703 -.4108989
7.786393 -.4108963
6.774977 -.4139173
5.789235 -.412318
4.787673 -.4154057
3.790066 -.4165196
2.803958 -.4147105
1.807697 -.4158573
.8266585 -.4135515
-.1362005 -.4121134
-1.128772 -.4101482
-2.091349 -.4094461
-3.057664 -.4107845
-4.054191 -.4109873
-5.025924 -.4131866
-6.029497 -.4133382
-7.043971 -.412552
-8.061021 -.4109189
-9.079433 -.4098448
-10.07415 -.4089069
-11.06757 -.4083036
-12.05291 -.4091878
-13.03704 -.4101621
-14.05127 -.4115465
-15.06042 -.4117328
-16.07535 -.4114104
-17.08525 -.4104655
-18.08962 -.4091982
-19.08189 -.4075459
-20.07359 -.4059067
-21.07538 -.4063714
-22.08103 -.405117
-23.07289 -.4046792
-24.0642 -.406126
-25.07752 -.4058825
-26.06009 -.4048431
-27.06532 -.4028901
-28.06391 -.4013714
-29.05431 -.4011919
-30.06401 -.4033582
-31.05916 -.4056406
-32.07471 -.4066045
-33.05918 -.4085082
-34.06185 -.4080756
-35.07666 -.4090473
-36.07762 -.4083253
-37.08792 -.4060003
-38.07445 -.4049896
-39.07699 -.4031831
-40.0643 -.4022027
-41.0863 -.401693
-42.10818 -.4015499
-43.08625 -.4044088
-44.09246 -.4049896
-45.08241 -.4023309
-46.07829 -.4022417
-47.07977 -.3980886
-48.0737 -.3992103
-49.05758 -.4015473
-50.05535 -.4027497
-51.05083 -.4027054
-52.04191 -.4013289
-53.05627 -.4036963
-54.06298 -.4050009
-55.08044 -.4051092
-56.09727 -.4063402
-57.07069 -.4036026
-58.06861 -.4014858
-59.0671 -.4005028
-60.07713 -.395996
-61.08372 -.3980305
-62.07589 -.396576
-63.07539 -.3970102
-64.05911 -.3976578
-65.06419 -.395137
-66.07207 -.3949133
-67.08366 -.3977358
-68.09078 -.4000069
-69.09473 -.4009848
-70.07574 -.4037205
-71.08181 -.4018178
-72.08179 -.4030765
-73.09054 -.4028372
-74.08927 -.4014009
-75.07027 -.4030209
-76.05589 -.4020067
-77.04359 -.4015742
-78.04115 -.402884
-79.02699 -.4024055
-80.02156 -.4021463
-81.02779 -.4021299
-82.03044 -.4006085
-83.03876 -.3981727
-84.06346 -.3972417
-85.06718 -.3974506
-86.09891 -.3977444
-87.09242 -.3997521
-88.07546 -.4007819
-89.06599 -.4012838
-90.05274 -.4008313
-91.06795 -.4014563
-92.0666 -.4019036
-93.06023 -.4018221
-94.05765 -.4032065
-95.05391 -.402337
-96.06034 -.4021793
-97.07764 -.4020111
-98.06797 -.4009865
-98.6572 -.3737361
-98.76239 -.3395744
-98.35537 -.3012517
-97.48965 -.2606969
-96.513 -.243926
-95.53048 -.2311893
-94.54945 -.2199142
-93.51911 -.2088939
-92.50823 -.2010004
-91.50577 -.1918464
-90.4884 -.1843776
-89.49757 -.1788765
-88.50574 -.1718646
-87.47849 -.1676387
-86.49424 -.1610056
-85.50454 -.1556423
-84.50764 -.1528389
-83.5179 -.149935
-82.49974 -.1492901
-81.50238 -.1463228
-80.492 -.1413332
-79.50063 -.1377505
-78.506 -.1347243
-77.50028 -.1320336
-76.52852 -.1325425
-75.53757 -.1301387
-74.56358 -.1233053
-73.58823 -.1211581
-72.58876 -.1166618
-71.56812 -.114043
-70.53886 -.1162465
-69.51343 -.1139745
-68.51727 -.1118516
-67.51505 -.1108027
-66.51662 -.1091921
-65.51517 -.1085255
-64.49306 -.106543
-63.50158 -.1058946
-62.51171 -.1016201
-61.51354 -9.745926E-02
-60.52152 -9.663922E-02
-59.51926 -9.345527E-02
-58.5056 -9.416349E-02
-57.51247 -9.530079E-02
-56.5109 -9.426057E-02
-55.50849 -9.202583E-02
-54.50582 -9.030686E-02
-53.49613 -8.884969E-02
-52.50289 -8.691227E-02
-51.50283 -8.559639E-02
-50.51373 -8.354109E-02
-49.51059 -8.040395E-02
-48.49482 -7.815881E-02
-47.50688 -7.840326E-02
-46.52126 -7.863211E-02
-45.52066 -7.895891E-02
-44.54241 -7.879421E-02
-42.02758 -7.385922E-02
-41.00705 -7.023232E-02
-40.00073 -6.501734E-02
-38.99987 -6.693481E-02
-37.96996 -6.593966E-02
-37.01017 -6.532247E-02
-36.01775 -5.906033E-02
-35.02121 -5.700416E-02
-34.09266 -5.895284E-02
-33.04547 -6.378641E-02
-32.06228 -6.141817E-02
-30.97108 -5.943828E-02
-29.99229 -5.501734E-02
-28.96863 -5.291609E-02
-27.93991 -4.494452E-02
-26.9649 -.0548405
-25.99209 -5.129681E-02
-25.02273 -.0589147
-24.04274 -4.918169E-02
-23.05364 -3.621706E-02
-22.06401 -4.050624E-02
-21.09206 -4.839112E-02
-20.04793 -4.285714E-02
-19.05497 -4.501387E-02
-18.06727 -4.275312E-02
