1 -272.4076 -329.2424 -2.004155 1.18475
2 -277.5331 -331.1114 -2.00973 1.285813
3 -277.6289 -329.0753 -2.032009 1.340902
4 -277.7385 -328.9074 -2.060174 1.390509
5 -282.791 -330.8797 -2.089205 1.443358
6 -282.8699 -328.7733 -2.120888 1.498146
7 -282.9818 -330.6012 -2.155389 1.553908
8 -283.0885 -331.5383 -2.191594 1.606211
9 -285.1775 -331.4299 -2.2332 1.667705
10 -285.2966 -331.3011 -2.281193 1.727422
11 -282.3811 -331.2347 -2.316819 1.788517
12 -285.4785 -337.1423 -2.360655 1.848885
13 -285.6001 -337.0466 -2.404963 1.910512
14 -284.6849 -336.9403 -2.449508 1.974939
15 -284.7549 -336.8439 -2.496953 2.043472
16 -284.9055 -336.7327 -2.544749 2.109255
17 -284.9758 -338.6405 -2.594429 2.176531
18 -285.1004 -337.533 -2.640898 2.249114
19 -285.1987 -337.4354 -2.691996 2.321782
20 -285.2898 -337.2969 -2.75275 2.397927
21 -285.3747 -337.2206 -2.791934 2.470631
22 -285.4893 -337.1311 -2.835303 2.547357
23 -285.5927 -337.0059 -2.885782 2.626086
24 -285.692 -337.9179 -2.936114 2.707885
25 -285.7827 -337.8211 -2.981148 2.784409
26 -285.8597 -337.7207 -3.027506 2.867756
27 -285.9911 -337.6282 -3.078906 2.952781
28 -285.0642 -337.5452 -3.129453 3.032141
29 -285.1562 -338.4081 -3.175746 3.120758
30 -285.3187 -339.3127 -3.234937 3.207632
31 -285.3749 -342.2211 -3.27248 3.293797
32 -285.4593 -338.1281 -3.318545 3.379565
33 -285.5806 -338.017 -3.367218 3.467743
34 -288.7011 -338.9137 -3.416211 3.552687
35 -288.8118 -338.8189 -3.462974 3.639823
36 -285.8931 -338.7196 -3.511338 3.728186
37 -287.939 -341.5928 -3.556367 3.817109
38 -290.0829 -341.5503 -3.603637 3.906153
39 -290.1878 -339.4253 -3.649797 3.992993
40 -290.317 -342.3576 -3.707405 4.080311
41 -290.4012 -342.2422 -3.744303 4.16966
42 -288.5058 -342.1595 -3.788769 4.253925
43 -288.6067 -342.0616 -3.833086 4.337524
44 -289.7017 -341.9768 -3.879851 4.426371
45 -289.8323 -341.8117 -3.926146 4.515648
