1 -272.4011 -337.2368 -1.399693 1.124855
2 -269.4884 -331.1559 -1.448679 1.212611
3 -271.5947 -332.0233 -1.499972 1.277893
4 -271.7365 -337.9439 -1.550405 1.343082
5 -272.82 -333.7958 -1.600318 1.408956
6 -275.9256 -333.7224 -1.654684 1.481484
7 -271.9714 -337.6631 -1.714182 1.557649
8 -276.1048 -328.5869 -1.766476 1.633258
9 -276.2357 -331.442 -1.831245 1.715703
10 -277.3127 -334.3163 -1.897215 1.792748
11 -282.3514 -331.2789 -1.952927 1.885508
12 -276.5179 -337.1578 -2.010367 1.973586
13 -277.6512 -337.0032 -2.085786 2.074001
14 -278.7301 -331.9216 -2.152091 2.1731
15 -277.8294 -333.8192 -2.222903 2.275616
16 -284.8537 -336.7326 -2.297071 2.377289
17 -284.9879 -337.6646 -2.372995 2.488925
18 -279.1046 -336.5639 -2.447168 2.601439
19 -283.1782 -337.4347 -2.528516 2.721273
20 -282.3048 -337.3482 -2.613636 2.838877
21 -282.3951 -332.2616 -2.686144 2.960996
22 -282.4926 -337.1229 -2.767988 3.091392
23 -282.6179 -337.0386 -2.854432 3.217299
24 -285.7153 -331.9405 -2.936922 3.335352
25 -282.7896 -338.8461 -3.025393 3.47497
26 -282.8834 -336.7284 -3.108683 3.604383
27 -285.0249 -338.6452 -3.196663 3.740172
28 -284.0973 -338.5757 -3.286193 3.863896
29 -283.2117 -337.4373 -3.365125 4.00346
30 -285.2986 -337.3533 -3.466434 4.134315
31 -283.3464 -337.217 -3.543512 4.267953
32 -283.5131 -338.162 -3.621962 4.396783
33 -283.5941 -338.0693 -3.713702 4.524755
34 -285.7087 -337.9499 -3.791336 4.660008
35 -283.7609 -341.8274 -3.874801 4.784848
36 -285.9218 -337.7353 -3.94831 4.900036
37 -285.0073 -341.6772 -4.032196 5.036425
38 -285.1088 -341.5375 -4.111946 5.153422
39 -285.2068 -338.4463 -4.18472 5.272057
40 -285.3195 -341.3503 -4.271534 5.401972
41 -285.3885 -339.2579 -4.335549 5.506808
42 -285.474 -338.1641 -4.399165 5.618678
43 -285.6213 -344.0486 -4.472008 5.73641
44 -284.7278 -341.9491 -4.539194 5.828968
45 -284.819 -339.823 -4.6085 5.954049
