1 -104.3911 -399.1845 -0.2617795 0.08468217
2 -100.4745 -399.09 -0.2651917 0.08882885
3 -100.6236 -399.9896 -0.2747825 0.08807451
4 -105.6345 -399.9272 -0.282887 0.08984499
5 -100.8191 -399.7852 -0.2880233 0.09117757
6 -109.9232 -399.7087 -0.2943738 0.08948585
7 -107.0135 -399.5979 -0.304149 0.09315502
8 -101.1279 -399.5129 -0.3083394 0.09272285
9 -103.1815 -399.4171 -0.3170303 0.09612049
10 -196.357 -399.2919 -0.3309343 0.09903036
11 -199.3752 -399.1839 -0.3284621 0.1030024
12 -208.4796 -399.1367 -0.3424015 0.106662
13 -211.5997 -399.9853 -0.3499901 0.1141852
14 -214.6856 -399.8561 -0.3590328 0.120086
15 -221.8658 -399.7908 -0.3707196 0.1294172
16 -229.9202 -399.7193 -0.3812701 0.1399931
17 -225.0379 -399.5587 -0.3900947 0.1470408
18 -223.1285 -399.4433 -0.4018714 0.1568729
19 -231.1919 -399.3761 -0.4154662 0.1701717
20 -239.3051 -399.3057 -0.4333653 0.1823103
21 -245.4223 -399.1514 -0.4394423 0.196092
22 -244.5333 -399.1031 -0.4534517 0.2107766
23 -242.6416 -399.9912 -0.4713176 0.2238562
24 -247.7368 -399.8722 -0.48775 0.2397387
25 -244.791 -399.8039 -0.5056022 0.2615635
26 -250.9149 -399.7107 -0.5235525 0.2794514
27 -257.9884 -399.6068 -0.5446712 0.2993783
28 -257.0735 -399.4722 -0.5679169 0.3210686
29 -254.1614 -399.3876 -0.5850838 0.3433469
30 -259.2686 -398.2924 -0.617142 0.3715798
31 -259.3771 -398.1828 -0.6351473 0.3972465
32 -258.4816 -395.0837 -0.6616507 0.4239851
33 -258.6028 -337.0577 -0.6988394 0.4538864
34 -258.6675 -330.9402 -0.7319702 0.4888329
35 -258.79 -330.8609 -0.7747078 0.5209322
36 -259.8348 -339.7365 -0.8142625 0.559307
37 -266.9619 -341.6419 -0.8536441 0.5913685
38 -262.0986 -336.5069 -0.8977517 0.6315944
39 -266.1888 -334.4653 -0.9423966 0.6722931
40 -269.2761 -331.33 -0.995427 0.7166108
41 -266.4133 -331.239 -1.033234 0.7622165
42 -266.4957 -332.191 -1.079977 0.8084732
43 -269.6015 -337.0094 -1.127983 0.8608407
44 -269.6828 -330.9348 -1.177278 0.9074247
45 -271.7944 -337.7968 -1.227918 0.9654866
