1 -277.459 -337.2385 -6.804528 6.688435
2 -284.4914 -339.1725 -6.265353 6.708847
3 -285.5857 -342.0513 -6.004892 6.704478
4 -285.7237 -343.9221 -5.858219 6.724748
5 -288.8111 -343.8734 -5.781839 6.777094
6 -289.915 -342.7751 -5.73602 6.842605
7 -289.998 -343.6401 -5.720546 6.910036
8 -291.0964 -344.5218 -5.724349 6.982505
9 -290.205 -344.4024 -5.728487 7.059474
10 -291.2899 -344.3553 -5.759727 7.133715
11 -291.3635 -344.2357 -5.776325 7.206551
12 -291.5197 -345.1409 -5.795856 7.278005
13 -293.6356 -344.0211 -5.823933 7.34052
14 -292.6762 -343.9433 -5.854619 7.410916
15 -292.8183 -344.8742 -5.884905 7.473293
16 -294.8847 -344.7295 -5.91814 7.535517
17 -294.0149 -344.6266 -5.949936 7.597718
18 -295.0894 -344.5293 -5.980624 7.657748
19 -295.1927 -344.4503 -6.012341 7.712615
20 -295.291 -345.347 -6.053129 7.767167
21 -295.3939 -345.1874 -6.077387 7.818273
22 -295.4982 -345.1515 -6.106234 7.867934
23 -295.6045 -350.0253 -6.142794 7.915375
24 -295.6909 -347.943 -6.173124 7.963187
25 -295.7927 -349.8542 -6.202868 8.006428
26 -295.9104 -349.7407 -6.233084 8.049495
27 -295.99 -350.6429 -6.260235 8.084177
28 -296.1143 -350.5227 -6.287885 8.119655
29 -296.1907 -350.4165 -6.316261 8.149609
30 -296.3145 -350.3229 -6.35427 8.182215
31 -296.3811 -350.2567 -6.372735 8.211109
32 -296.4754 -350.1789 -6.399465 8.24162
33 -296.5461 -350.0478 -6.424157 8.261978
34 -296.6956 -349.9505 -6.44852 8.295177
35 -297.7907 -349.8331 -6.477244 8.302923
36 -297.8747 -350.7044 -6.501971 8.333364
37 -298.0015 -349.633 -6.528163 8.356732
38 -298.1432 -350.537 -6.549269 8.370444
39 -298.2 -350.415 -6.577951 8.389099
40 -298.2815 -350.3076 -6.607088 8.411487
41 -298.373 -350.2268 -6.622207 8.424185
42 -298.4727 -350.1263 -6.642382 8.438484
43 -298.599 -350.0195 -6.672869 8.452428
44 -298.7049 -349.8692 -6.690298 8.465359
45 -298.8228 -349.8084 -6.715152 8.46872
