1 -298.3904 -353.2257 -18.43629 16.3006
2 -298.5614 -355.0835 -18.39365 16.14523
3 -298.6328 -353.0437 -18.3598 16.11333
4 -298.7224 -352.8848 -18.3262 16.09028
5 -297.82 -355.7928 -18.29994 16.08779
6 -297.9005 -350.7123 -18.27114 16.08151
7 -298.0093 -351.629 -18.2548 16.06643
8 -298.1265 -353.5137 -18.24393 16.06713
9 -298.197 -351.4106 -18.21519 16.05472
10 -298.2891 -353.314 -18.21548 16.04664
11 -298.37 -355.1919 -18.18122 16.03567
12 -298.5016 -353.0755 -18.16856 16.03172
13 -298.6046 -354.9993 -18.14713 16.01196
14 -298.6965 -354.9243 -18.13385 16.01927
15 -297.8021 -351.8253 -18.11686 15.99352
16 -300.9125 -353.6972 -18.09669 15.98702
17 -299.0433 -355.6089 -18.07421 15.97736
18 -298.1487 -352.4858 -18.05927 15.96609
19 -301.1805 -353.3649 -18.0473 15.95819
20 -298.3029 -355.3027 -18.03368 15.94806
21 -298.4171 -355.1902 -18.00219 15.94066
22 -301.4846 -351.129 -17.99189 15.93041
23 -298.5587 -351.0227 -17.96325 15.92124
24 -300.6692 -350.9133 -17.95804 15.90975
25 -300.7949 -353.8115 -17.93635 15.9036
26 -297.9134 -351.6931 -17.92068 15.88383
27 -298.9995 -350.5926 -17.90428 15.88323
28 -299.1025 -355.5072 -17.88369 15.86915
29 -301.2134 -352.4122 -17.87759 15.84587
30 -301.295 -351.2828 -17.85937 15.84681
31 -301.404 -354.1878 -17.8396 15.83729
32 -298.4532 -353.0757 -17.83412 15.82691
33 -298.587 -351.0204 -17.80156 15.80674
34 -301.6932 -350.9063 -17.78155 15.79697
35 -298.7855 -350.8367 -17.7701 15.78258
36 -298.9136 -350.7111 -17.75253 15.76771
37 -301.0527 -350.6031 -17.73327 15.75727
38 -301.0893 -350.4882 -17.71299 15.76586
39 -301.1881 -350.4266 -17.68893 15.73451
40 -301.2699 -351.2935 -17.69175 15.72813
41 -301.3565 -351.1783 -17.65257 15.72361
42 -299.5248 -353.1194 -17.6184 15.70516
43 -301.5952 -354.0444 -17.60421 15.68985
44 -301.711 -350.8506 -17.59662 15.67565
45 -298.8298 -351.8053 -17.56687 15.65325
