1 -208.3785 -303.2293 -14.67255 6.296752
2 -232.5192 -312.104 -15.0133 8.250188
3 -245.6138 -321.0253 -15.39941 9.345083
4 -253.732 -326.9364 -15.77365 10.19897
5 -258.7901 -336.8203 -16.06367 10.83945
6 -263.9333 -338.7099 -16.35938 11.3351
7 -264.0024 -341.6532 -16.5888 11.76481
8 -269.1056 -344.5142 -16.80928 12.13207
9 -271.2274 -344.4089 -17.0154 12.48561
10 -272.3209 -345.3373 -17.22149 12.80088
11 -272.437 -350.2383 -17.41894 13.07594
12 -277.5244 -350.1489 -17.5694 13.34824
13 -277.6312 -352.0229 -17.70218 13.58464
14 -282.6926 -350.9489 -17.80622 13.80931
15 -281.8311 -351.8335 -17.89486 14.02613
16 -282.8877 -353.7307 -17.98707 14.21545
17 -283.0005 -355.5838 -18.0474 14.38385
18 -284.0801 -353.522 -18.11732 14.55241
19 -284.2024 -355.4018 -18.17002 14.68157
20 -285.2932 -355.3182 -18.21468 14.82277
21 -285.3782 -356.1953 -18.24926 14.9365
22 -285.5085 -354.1234 -18.27088 15.04372
23 -285.6062 -356.0012 -18.30962 15.14476
24 -288.7378 -355.8738 -18.32608 15.23755
25 -288.8274 -354.833 -18.35636 15.31259
26 -288.951 -355.7386 -18.3708 15.40122
27 -289.0065 -355.6155 -18.38418 15.47462
28 -289.134 -355.5277 -18.39528 15.53559
29 -290.2409 -355.4005 -18.41082 15.58106
30 -291.3338 -354.3031 -18.42485 15.63906
31 -291.401 -353.2089 -18.41949 15.67908
32 -292.4981 -355.0909 -18.4304 15.73024
33 -291.6004 -353.0001 -18.42909 15.76998
34 -290.6708 -353.9068 -18.43237 15.79242
35 -292.7912 -355.7814 -18.43843 15.83347
36 -293.9194 -352.7067 -18.44001 15.84606
37 -292.0182 -355.5778 -18.43863 15.87481
38 -293.0832 -352.5001 -18.42621 15.90742
39 -293.2099 -351.3927 -18.41817 15.92699
40 -295.2783 -353.2748 -18.42445 15.93082
41 -295.4136 -355.1993 -18.39523 15.95274
42 -295.4794 -355.094 -18.38147 15.96395
43 -294.5917 -352.9846 -18.37675 15.97387
44 -295.6952 -355.9152 -18.35363 15.97747
45 -295.785 -355.7835 -18.33617 15.99886
