1 349.1374 4.353662 -0.4891506 0.6444724
2 349.0318 0.4628755 -0.502578 0.4231334
3 349.8992 0.591731 -0.5052501 0.4050021
4 349.8406 0.6765321 -0.5086574 0.3952587
5 349.7192 1.785446 -0.5147763 0.3956886
6 349.6037 0.8679707 -0.5195603 0.3982517
7 349.4749 0.9585715 -0.522982 0.3994933
8 349.4138 4.05439 -0.5242091 0.4007425
9 349.3099 4.173574 -0.5290177 0.3996502
10 348.2019 1.259057 -0.5450549 0.40133
11 349.1149 0.3768778 -0.5371251 0.4057665
12 349.9902 8.456245 -0.5411267 0.4059982
13 349.934 0.5437549 -0.5468826 0.4080493
14 348.8199 0.6675918 -0.5531627 0.4096654
15 349.7293 0.7679474 -0.5542557 0.4150632
16 349.5904 9.826542 -0.5584882 0.417117
17 349.5147 4.969091 -0.5651332 0.4154021
18 348.4118 2.048126 -0.5674522 0.4221983
19 349.2513 0.1569064 -0.5709662 0.422692
20 349.1697 1.229909 -0.5854557 0.4217967
21 349.114 0.3767948 -0.580843 0.4276888
22 348.9927 1.470154 -0.5842459 0.4290013
23 349.8824 0.5734844 -0.5858428 0.4334342
24 349.825 1.677945 -0.5918449 0.4395407
25 349.6712 1.758591 -0.5978628 0.4372048
26 348.5922 1.846118 -0.5989745 0.4422482
27 349.5235 0.007960021 -0.6028751 0.4463643
28 349.4283 2.057764 -0.6117788 0.4514054
29 349.2896 4.125299 -0.616854 0.4513919
30 349.1886 1.277685 -0.6291937 0.4585862
31 349.0967 0.3283203 -0.6163499 0.4595348
32 349.9922 1.458771 -0.6155944 0.4559283
33 349.9009 0.5617521 -0.6190602 0.4582013
34 349.8147 0.6627393 -0.6256873 0.4588248
35 349.6889 9.756514 -0.6253455 0.464244
36 349.5947 9.828619 -0.6278141 0.4626249
37 346.5057 3.955547 -0.632831 0.4633948
38 349.376 0.106471 -0.6352292 0.4655784
39 349.2861 9.167908 -0.635855 0.4700614
40 349.2102 4.266551 -0.6495783 0.4723704
41 346.0892 1.391502 -0.6450298 0.4733438
42 348.9827 1.458588 -0.6462418 0.4744612
43 349.9158 11.5436 -0.6459833 0.4762441
44 349.7991 6.623654 -0.6427854 0.4752851
45 348.7037 0.7922428 -0.6461453 0.4779224
46 349.1072 1.319878 -0.6508348 0.50422
47 348.9921 6.445626 -0.6560043 0.4797196
48 349.9041 1.57852 -0.6576048 0.4815287
49 347.8006 1.633957 -0.6602607 0.4806093
50 349.6677 1.752609 -0.6564459 0.4830559
51 349.5825 1.883974 -0.657465 0.4813512
52 349.4842 3.9773 -0.6569796 0.4817272
53 348.402 2.038553 -0.6567609 0.4797746
54 349.2714 0.1536659 -0.6569846 0.4822418
55 349.218 7.214554 -0.6646185 0.4810555
56 349.0797 7.3578 -0.6563048 0.4796612
57 348.9716 0.4564444 -0.6550961 0.4822207
58 349.8907 14.51009 -0.6558488 0.4824263
59 349.7567 1.661077 -0.6567395 0.4793763
60 349.6865 4.73521 -0.6567531 0.48103
61 348.5786 1.83859 -0.6564576 0.4839978
62 349.4916 8.934758 -0.6563124 0.4800028
63 349.3951 0.06557426 -0.6538978 0.4837394
64 349.275 0.1512896 -0.6565186 0.4814487
65 349.1984 1.279131 -0.6660376 0.4808619
66 349.1157 7.330331 -0.6543261 0.4847785
67 348.998 9.420401 -0.6556875 0.4819749
68 347.9023 1.609163 -0.6538752 0.4838146
69 348.7862 0.6606122 -0.6555628 0.4870747
70 349.7254 10.77122 -0.6557535 0.4857065
71 349.5491 7.846002 -0.6575869 0.4847966
72 344.4991 3.967412 -0.6573194 0.4823041
73 349.4017 1.041578 -0.6572042 0.4899593
74 349.2958 0.1700512 -0.6566272 0.4853836
75 349.2232 1.293024 -0.6667042 0.4845202
76 349.137 4.331311 -0.6577241 0.4877348
77 349.9979 1.480291 -0.6579569 0.4906652
78 349.891 15.50602 -0.6591664 0.4868896
79 349.7696 1.661659 -0.6605971 0.4867578
80 349.7006 3.749452 -0.6615284 0.4886193
81 349.5566 1.845121 -0.6598576 0.490536
82 349.5318 6.958356 -0.6592734 0.489854
83 349.415 2.090069 -0.6611152 0.4900073
84 349.3369 3.158984 -0.6599757 0.4890139
85 349.172 1.283817 -0.6695371 0.4920465
86 349.0922 7.317169 -0.659595 0.4905595
87 349.9835 1.438647 -0.6610627 0.4886842
88 349.8799 1.5454 -0.6620023 0.4894131
89 348.7851 1.666229 -0.6589293 0.4875931
90 349.6945 6.68534 -0.6575818 0.4900782
