1 -107.3324 -399.1088 -0.8697045 0.1568753
2 -104.3984 -399.0154 -0.8778969 0.1777048
3 -136.5595 -399.9275 -0.9083152 0.2120567
4 -145.6721 -399.8636 -0.9475663 0.2466105
5 -149.7395 -399.7526 -0.9971056 0.3033713
6 -170.885 -399.622 -1.056403 0.321722
7 -174.9953 -393.5473 -1.115476 0.3673089
8 -179.0358 -399.4243 -1.201625 0.4146477
9 -185.1622 -399.3189 -1.291105 0.4680528
10 -194.2486 -321.296 -1.416625 0.5196361
11 -195.3396 -315.1883 -1.575752 0.5840914
12 -199.4055 -318.0394 -1.745845 0.6433756
13 -206.514 -318.0043 -1.941293 0.7171309
14 -205.6148 -327.9139 -2.156987 0.7998102
15 -211.7326 -330.7706 -2.385205 0.8939472
16 -219.8118 -336.6464 -2.629708 1.003876
17 -221.9327 -340.5822 -2.893785 1.142595
18 -228.0439 -341.4896 -3.174989 1.323104
19 -232.0994 -344.367 -3.475582 1.545405
20 -238.1959 -350.2742 -3.803333 1.812252
21 -240.3148 -353.1627 -4.133821 2.137154
22 -245.4255 -355.0367 -4.497709 2.495128
23 -245.5213 -354.9587 -4.880831 2.887965
24 -250.6037 -354.8364 -5.286336 3.307408
25 -253.7272 -356.7498 -5.701433 3.745846
26 -255.7843 -362.6075 -6.125244 4.20147
27 -255.9323 -355.5541 -6.550836 4.666602
28 -257.9897 -358.376 -6.985237 5.13627
29 -259.0765 -361.3313 -7.40467 5.611639
30 -260.1917 -358.2323 -7.833534 6.070548
31 -262.3006 -357.1209 -8.235533 6.530107
32 -264.4142 -355.0615 -8.637885 6.9808
33 -266.5508 -356.9381 -9.018801 7.412949
34 -266.6395 -352.8333 -9.398157 7.840661
35 -268.7457 -352.769 -9.754617 8.254392
36 -269.7921 -353.6393 -10.09565 8.65061
37 -269.9161 -353.5675 -10.42182 9.0351
38 -270.0245 -351.4286 -10.72902 9.399063
39 -272.1782 -351.3018 -11.0202 9.739702
40 -274.2416 -350.275 -11.30719 10.0626
41 -272.3308 -350.1328 -11.54472 10.36917
42 -275.4572 -350.0529 -11.76728 10.65284
43 -276.5521 -349.9694 -11.9829 10.92238
44 -276.6069 -344.8317 -12.18403 11.16927
45 -277.729 -344.741 -12.36879 11.40506
46 -282.2547 -342.1499 -13.09422 12.42683
47 -283.3476 -339.0345 -13.15352 12.39389
48 -282.4924 -341.9301 -13.23697 12.50089
49 -283.6152 -340.8373 -13.3091 12.62907
50 -284.7325 -339.7352 -13.3705 12.69173
51 -284.8162 -337.6329 -13.42462 12.78375
52 -284.8913 -339.5695 -13.48124 12.87446
53 -285.026 -338.4478 -13.51294 12.95095
54 -285.1375 -338.3502 -13.5488 12.99605
55 -285.1679 -339.2839 -13.58325 13.05023
56 -284.327 -338.1563 -13.59422 13.09241
57 -285.4197 -338.0551 -13.61249 13.12372
58 -285.5287 -337.9568 -13.61948 13.14668
59 -285.5961 -337.8623 -13.62725 13.17955
60 -284.7123 -336.7468 -13.6306 13.2065
61 -284.7983 -337.6653 -13.64508 13.22008
62 -284.8995 -337.552 -13.63292 13.22429
63 -285.0161 -334.4043 -13.62727 13.23421
64 -284.1161 -337.346 -13.624 13.23985
65 -285.1881 -331.222 -13.62964 13.25497
66 -285.3109 -335.1319 -13.60908 13.25883
67 -285.4083 -332.0846 -13.60672 13.25663
68 -284.5086 -337.9636 -13.59109 13.24884
69 -285.5998 -331.8488 -13.58175 13.24401
70 -285.7253 -336.7325 -13.56504 13.22968
71 -284.7953 -331.6285 -13.55862 13.21902
72 -284.8978 -331.5455 -13.54176 13.20609
73 -285.0026 -337.4311 -13.52369 13.20666
74 -284.0757 -331.3416 -13.51746 13.17827
75 -285.1995 -331.2435 -13.50883 13.15761
76 -285.3075 -332.1293 -13.48158 13.1334
77 -284.3898 -331.0562 -13.46963 13.1321
78 -284.5076 -331.9402 -13.44237 13.10697
79 -284.6132 -331.8061 -13.42743 13.07125
80 -283.694 -331.7236 -13.41091 13.04967
81 -283.8106 -329.6188 -13.3858 13.03447
82 -283.8918 -331.5434 -13.37262 13.00655
83 -283.0094 -329.4615 -13.3546 12.98229
84 -284.1369 -331.3217 -13.33036 12.9565
85 -283.1922 -329.2073 -13.32041 12.92055
86 -285.282 -329.1414 -13.28733 12.8944
87 -283.3269 -331.0274 -13.26609 12.87383
88 -283.4825 -331.9142 -13.24032 12.84702
89 -284.5699 -328.8232 -13.22192 12.8151
90 -283.6684 -331.7639 -13.21148 12.78398
