-199.68 -2.040586
-199.4732 -2.026001
-198.9916 -2.004881
-198.2923 -1.978002
-197.3304 -1.945922
-196.3189 -1.923842
-195.3128 -1.902107
-194.3045 -1.882754
-193.3013 -1.86487
-192.3089 -1.846852
-191.3354 -1.83047
-190.3244 -1.812779
-189.3003 -1.795059
-188.3098 -1.779222
-187.3166 -1.763929
-186.3149 -1.74954
-185.3508 -1.735422
-184.3522 -1.720732
-183.3299 -1.703874
-182.3288 -1.688355
-181.3105 -1.673688
-180.3176 -1.65922
-179.3492 -1.646291
-178.3616 -1.632577
-177.3917 -1.618766
-176.3687 -1.604028
-175.3591 -1.589386
-174.3531 -1.575064
-173.348 -1.560474
-172.3601 -1.546986
-171.338 -1.533719
-170.3346 -1.519343
-169.3161 -1.50539
-168.3128 -1.491006
-167.3369 -1.476234
-166.3605 -1.462022
-165.3514 -1.446509
-164.3433 -1.431233
-163.3365 -1.415697
-162.3377 -1.401848
-161.3657 -1.389138
-160.3906 -1.375481
-159.3874 -1.362347
-158.3773 -1.348629
-157.3657 -1.331738
-156.3423 -1.316322
-155.3463 -1.30068
-154.3409 -1.285103
-153.3361 -1.271825
-152.3428 -1.2568
-151.3471 -1.241323
-150.3461 -1.22603
-149.3472 -1.211005
-148.3498 -1.195641
-147.3411 -1.182326
-146.3589 -1.167199
-145.3539 -1.151221
-144.3388 -1.135201
-143.3418 -1.119164
-142.3294 -1.103675
-141.3311 -1.088147
-140.3489 -1.073965
-139.3523 -1.058591
-138.352 -1.041992
-137.3665 -1.025356
-136.3882 -1.009541
-135.3934 -0.994171
-134.3791 -0.979562
-133.3755 -0.965264
-132.3504 -0.949319
-131.3292 -0.933904
-130.3539 -0.91861
-129.3444 -0.902651
-128.3582 -0.888028
-127.3695 -0.873221
-126.3654 -0.856904
-125.3562 -0.841882
-124.3481 -0.827697
-123.3728 -0.813526
-122.3772 -0.799159
-121.4084 -0.784864
-120.3935 -0.770087
-119.3662 -0.755714
-118.3503 -0.742175
-117.3309 -0.727789
-116.3469 -0.713427
-115.3518 -0.698998
-114.3675 -0.685298
-113.3704 -0.671774
-112.3439 -0.659339
-111.3479 -0.647189
-110.3239 -0.635561
-109.3173 -0.624345
-108.3285 -0.613152
-107.3198 -0.601807
-106.3207 -0.588761
-105.2959 -0.576492
-104.2958 -0.565342
-103.2879 -0.553736
-102.2981 -0.544061
-101.3186 -0.534125
-100.3353 -0.522303
-99.34602 -0.512872
-98.36303 -0.504397
-97.35856 -0.496919
-96.3606 -0.490258
-95.35155 -0.482045
-94.32813 -0.473656
-93.34013 -0.466073
-92.32398 -0.459253
-91.334 -0.452658
-90.32958 -0.446667
-89.33817 -0.44177
-88.35532 -0.435771
-87.36847 -0.430961
-86.38424 -0.427164
-85.38758 -0.423548
-84.37766 -0.421451
-83.36116 -0.418769
-82.34546 -0.416535
-81.32912 -0.414716
-80.34082 -0.412809
-79.34615 -0.411611
-78.3633 -0.411415
-77.35504 -0.410832
-76.36613 -0.410637
-75.36167 -0.410993
-74.34992 -0.411961
-73.34587 -0.414002
-72.34369 -0.41537
-71.35574 -0.417156
-70.36417 -0.419691
-69.38856 -0.420909
-68.35493 -0.422679
-67.33041 -0.424991
-66.29874 -0.427138
-65.28513 -0.429525
-64.29536 -0.431519
-63.31549 -0.434306
-62.33317 -0.437265
-61.35059 -0.439862
-60.34811 -0.443981
-59.32985 -0.447321
-58.33881 -0.449743
-57.31744 -0.452723
-56.30331 -0.453281
-55.30939 -0.454992
-54.28254 -0.456805
-53.27494 -0.45845
-52.29192 -0.461857
-51.29595 -0.464214
-50.30926 -0.465937
-49.32927 -0.468113
-48.33701 -0.470633
-47.33846 -0.473707
-46.35435 -0.476329
-45.3423 -0.47879
-44.33112 -0.480232
-43.32747 -0.480804
-42.31518 -0.482618
-41.31792 -0.48402
-40.32566 -0.486227
-39.33979 -0.488478
-38.35732 -0.489059
-37.36977 -0.490094
-36.33797 -0.491045
-35.32506 -0.491734
-34.31888 -0.493521
-33.31943 -0.495631
-32.33931 -0.49565
-31.35004 -0.49657
-30.34112 -0.496919
-29.30418 -0.496289
-28.3231 -0.497959
-27.32903 -0.498263
-26.32561 -0.498224
-25.36322 -0.499495
-24.34467 -0.499586
-23.33058 -0.499812
-22.33713 -0.500758
-21.32988 -0.501167
-20.33294 -0.501468
-19.34231 -0.501363
-18.34986 -0.500612
-17.35298 -0.499591
-16.34517 -0.49855
-15.34027 -0.497621
-14.35162 -0.497166
-13.34401 -0.495576
-12.34318 -0.495422
-11.34087 -0.495901
-10.32915 -0.494554
-9.327788 -0.495381
-8.358116 -0.494905
-7.374485 -0.492569
-6.364066 -0.491009
-5.349924 -0.488095
-4.320826 -0.485463
-3.322737 -0.484562
-2.345786 -0.48348
-1.390372 -0.481468
-0.416129 -0.479445
0.569596 -0.477625
1.553227 -0.476155
2.559841 -0.474606
3.54894 -0.474265
4.555022 -0.47163
5.559475 -0.468379
6.541112 -0.466277
7.531873 -0.462956
8.512961 -0.460179
9.520756 -0.456862
10.51341 -0.453512
11.49638 -0.450028
12.49435 -0.446561
13.46299 -0.44376
14.45226 -0.44004
15.46313 -0.435816
16.47487 -0.430866
17.48619 -0.426657
18.51677 -0.422543
19.51464 -0.418667
20.49877 -0.414709
21.50623 -0.408954
22.49919 -0.403066
23.51112 -0.397048
24.52303 -0.391416
25.4988 -0.38698
26.50123 -0.381882
27.47017 -0.377021
28.4608 -0.371312
29.46381 -0.364654
30.44032 -0.358488
31.45445 -0.351465
32.44536 -0.343649
33.45214 -0.334413
34.47577 -0.324857
35.49054 -0.315827
36.5037 -0.307106
37.51803 -0.29945
38.48739 -0.291338
39.46387 -0.282392
40.46758 -0.272793
41.44534 -0.263118
42.45856 -0.252067
43.47458 -0.241064
44.49076 -0.22962
45.5168 -0.217027
46.52267 -0.204138
47.54402 -0.190224
48.52731 -0.17755
49.5125 -0.163547
50.50199 -0.149568
51.46003 -0.137794
52.44844 -0.123816
53.44004 -0.109198
54.44725 -0.094273
55.45427 -0.076592
56.46563 -0.059104
57.48328 -0.041992
58.46795 -0.022953
59.47246 -0.004691
60.46856 0.015407
61.44531 0.036077
62.44822 0.057601
63.44907 0.079613
64.43335 0.10092
65.4387 0.123381
66.45758 0.147939
67.4615 0.171757
68.48193 0.19676
69.48425 0.223593
70.47996 0.248923
71.48738 0.278076
72.47723 0.310161
73.4846 0.341629
74.48473 0.374314
75.47624 0.40542
76.46416 0.436704
77.4613 0.468678
78.45086 0.503119
79.44644 0.541734
80.45473 0.578066
81.43098 0.617744
82.41847 0.66193
83.41867 0.703314
84.41158 0.750342
85.42238 0.799749
86.42844 0.845664
87.43122 0.893593
88.4308 0.941615
89.42699 0.988181
90.41965 1.040259
91.41466 1.095315
92.43388 1.154314
93.44386 1.215142
94.45563 1.276072
95.47509 1.34064
96.48157 1.403697
97.48349 1.470329
98.51295 1.543979
99.51012 1.612469
100.5014 1.683084
101.5083 1.755484
102.4921 1.824137
103.4929 1.901964
104.502 1.984559
105.5023 2.067303
106.4937 2.155728
107.4809 2.240518
108.4743 2.32766
109.4533 2.419086
110.4457 2.513655
111.456 2.619372
112.4436 2.722946
113.4471 2.827378
114.4621 2.937301
115.4475 3.037656
116.4579 3.14727
117.4414 3.264508
118.4186 3.375399
119.4103 3.496834
120.3832 3.620214
121.4007 3.742533
122.4236 3.879027
123.433 4.0186
124.467 4.160759
125.4823 4.301321
126.4766 4.437657
127.459 4.575124
128.444 4.710758
129.4168 4.856887
130.4021 5.017236
131.4024 5.171004
132.3875 5.335686
133.3947 5.507037
134.3791 5.668657
135.3892 5.846776
136.3953 6.027907
137.4007 6.203386
138.4169 6.384401
139.4309 6.561468
140.4458 6.739098
141.4283 6.923199
142.4277 7.117004
143.4196 7.324415
144.4005 7.527342
145.4108 7.731819
146.408 7.944398
147.4112 8.141953
148.4276 8.353746
149.4348 8.579058
150.4255 8.790045
151.4415 9.010459
152.4415 9.232552
153.4256 9.444565
154.4375 9.670443
155.4073 9.901251
156.4037 10.13363
157.4221 10.36469
158.4009 10.59196
159.4029 10.82773
160.392 11.06052
161.3822 11.30601
162.4246 11.57119
163.4441 11.82312
164.4359 12.072
165.4474 12.32292
166.4001 12.55566
167.3834 12.80053
168.3969 13.06052
169.3847 13.31478
170.3965 13.57754
171.4013 13.83853
172.3913 14.09908
173.3966 14.36546
174.3944 14.63451
175.3892 14.91291
176.3982 15.17885
177.3771 15.43666
178.3783 15.69826
179.3516 15.94282
180.3482 16.19981
181.3569 16.47145
182.3643 16.73227
183.3782 17.00363
184.377 17.27222
185.3746 17.5291
186.3768 17.79197
187.3947 18.06424
188.3944 18.33443
189.3998 18.60061
190.3959 18.85991
191.3865 19.11076
192.3999 19.3576
193.4132 19.61477
194.4395 19.88401
195.452 20.13689
196.4556 20.39042
197.4553 20.63904
198.4626 20.86784
199.4532 21.11163
200.4393 21.35641
201.4543 21.59174
202.4433 21.82807
203.4467 22.05398
204.4569 22.26909
205.444 22.48121
206.4394 22.69238
207.4521 22.90491
208.4414 23.10286
209.4196 23.29886
210.416 23.49949
211.3843 23.68124
212.3883 23.87678
213.4268 24.078
214.449 24.25841
215.4499 24.43332
216.4551 24.60062
217.4109 24.75191
218.3781 24.9021
219.3664 25.05647
220.3499 25.20389
221.363 25.34112
222.3696 25.47404
223.4136 25.60952
224.4346 25.73153
225.4531 25.85162
226.4684 25.97657
227.4528 26.06895
228.4414 26.15301
229.4296 26.23165
230.4207 26.28467
231.3979 26.35059
232.3989 26.4213
233.3987 26.48141
234.3922 26.54042
235.4185 26.58572
236.4071 26.61936
237.3885 26.64393
238.3673 26.65988
239.3775 26.68303
240.4004 26.68558
241.3993 26.68001
242.4075 26.67829
243.3863 26.6533
244.3781 26.63509
245.3907 26.61853
246.4041 26.5794
247.4049 26.53767
248.3778 26.48841
249.3745 26.42644
250.3673 26.3685
251.3726 26.30594
252.3958 26.24203
253.414 26.16782
254.42 26.07883
255.4372 25.98943
256.4349 25.88446
257.4151 25.7784
258.4017 25.67922
259.3762 25.56418
260.3597 25.45212
261.3545 25.34269
262.3651 25.22017
263.3447 25.10594
264.3614 24.98986
265.3875 24.86469
266.3938 24.73875
267.4131 24.60217
268.3934 24.46223
269.3835 24.32173
270.3834 24.18138
271.3879 24.05108
272.4005 23.91494
273.3853 23.78071
274.3804 23.64806
275.3536 23.50307
276.3406 23.36471
277.3668 23.22617
278.3737 23.07609
279.3883 22.93394
280.3783 22.78996
281.3483 22.64198
282.3154 22.50577
283.3134 22.36935
284.3515 22.23318
285.3537 22.09807
286.3643 21.95805
287.3737 21.82016
288.3491 21.68103
289.3588 21.54681
290.3747 21.41783
291.3938 21.28445
292.4087 21.15467
293.4095 21.02628
294.4031 20.89225
295.3678 20.76651
296.3693 20.64154
297.3753 20.51371
298.3715 20.39079
299.3775 20.26809
300.3775 20.14621
301.3844 20.02721
302.3918 19.90936
303.434 19.79552
304.444 19.67754
305.456 19.56147
306.448 19.44776
307.4168 19.3284
308.3877 19.21677
309.3617 19.10904
310.3659 18.99741
311.3477 18.8942
312.3626 18.79071
313.3656 18.68505
314.368 18.58321
315.3901 18.48072
316.3922 18.38072
317.3961 18.28121
318.3789 18.18238
319.3641 18.08722
320.3629 17.9912
321.3668 17.8981
322.3835 17.81046
323.3735 17.71861
324.3702 17.63022
325.3682 17.544
326.3503 17.4536
327.369 17.36937
328.3624 17.28529
329.3555 17.20256
330.376 17.12265
331.3481 17.04158
332.3411 16.9613
333.3236 16.88412
334.307 16.80627
335.3255 16.7319
336.3078 16.65755
337.3198 16.58359
338.3427 16.512
339.3337 16.43868
340.3557 16.36843
341.3318 16.29941
342.316 16.23077
343.3327 16.16445
344.3535 16.09813
345.3685 16.03245
346.3872 15.9682
347.3817 15.90431
348.3688 15.84226
349.3589 15.78047
350.347 15.71843
351.3525 15.65785
352.3477 15.59705
353.368 15.53824
354.3848 15.48143
355.3962 15.42449
356.4058 15.36768
357.4087 15.3123
358.3948 15.25639
359.3887 15.20196
360.3798 15.14982
361.3755 15.09774
362.3673 15.04587
363.3699 14.99438
364.3502 14.94271
365.3476 14.89147
366.3459 14.84293
367.3503 14.79555
368.3625 14.7474
369.3636 14.69982
370.3735 14.65244
371.3608 14.60529
372.3635 14.5602
373.3679 14.51677
374.3507 14.47224
375.3408 14.42867
376.3618 14.38461
377.3426 14.33991
378.3527 14.29805
379.3557 14.25631
380.3514 14.21554
381.3481 14.17517
382.3469 14.13543
383.3746 14.09665
384.3388 14.0583
385.3513 14.02042
386.3637 13.98273
387.3556 13.94397
388.3679 13.90515
389.3615 13.86761
390.3344 13.83051
391.3316 13.79477
392.3423 13.76078
393.3589 13.72693
394.3719 13.69313
395.3722 13.65995
396.3723 13.62624
397.3784 13.59244
398.3695 13.56114
398.9127 13.50989
398.9449 13.44926
398.4603 13.38087
397.5189 13.30517
396.5091 13.24596
395.5113 13.19136
394.5185 13.13921
393.4972 13.09019
392.4902 13.04246
391.4872 12.99508
390.4627 12.9495
389.4834 12.90491
388.4786 12.86073
387.4782 12.81884
386.5157 12.77715
385.5175 12.7352
384.5447 12.69518
383.5678 12.65439
382.5627 12.61471
381.5623 12.57517
380.5143 12.53483
379.4922 12.49599
378.4882 12.45677
377.4731 12.41961
376.5113 12.38348
375.5187 12.34611
374.5198 12.30989
373.524 12.27317
372.5295 12.23632
371.5351 12.20043
370.5512 12.16527
369.5463 12.12901
368.5279 12.09366
367.5275 12.05954
366.5125 12.02377
365.5342 11.99
364.5337 11.95491
363.5335 11.92099
362.5478 11.88704
361.5137 11.85207
360.5118 11.8191
359.5231 11.78361
358.5258 11.74958
357.5389 11.71582
356.5498 11.68069
355.516 11.64758
354.496 11.61487
353.5063 11.58119
352.4893 11.54751
351.5166 11.51358
350.5218 11.47917
349.5055 11.44569
348.503 11.41142
347.4812 11.37883
346.4848 11.34548
345.4979 11.31211
344.5091 11.27931
343.5394 11.24417
342.5208 11.20863
341.5105 11.17348
340.5023 11.13718
339.4582 11.10248
338.463 11.06964
337.4686 11.03527
336.4705 11.0016
335.4945 10.96724
334.4988 10.93132
333.4854 10.89582
332.5072 10.85938
331.5023 10.82289
330.5111 10.78529
329.5302 10.74823
328.5244 10.71155
327.536 10.67382
326.5333 10.63715
325.5467 10.59992
324.5375 10.56035
323.5244 10.52066
322.523 10.48106
321.5042 10.43875
320.4865 10.39907
319.517 10.36021
318.5045 10.31806
317.495 10.27659
316.5177 10.23307
315.4941 10.18773
314.5022 10.14328
313.5157 10.0994
312.5266 10.05704
311.5371 10.01021
310.5409 9.96395
309.5609 9.919205
308.5694 9.868675
307.5482 9.822138
306.5633 9.775824
305.5711 9.722128
304.5616 9.670193
303.5845 9.615779
302.5659 9.557192
301.549 9.503242
300.5404 9.448076
299.5347 9.39201
298.534 9.334562
297.5381 9.27705
296.5366 9.21999
295.5279 9.159597
294.5145 9.099768
293.5162 9.040316
292.512 8.971347
291.5117 8.905058
290.5135 8.838246
289.4857 8.764528
288.4936 8.696583
287.4999 8.626446
286.5146 8.551809
285.523 8.478786
284.5087 8.401435
283.5025 8.323229
282.5143 8.242746
281.5187 8.160799
280.5389 8.080826
279.5378 7.992182
278.5336 7.902989
277.5242 7.8181
276.5114 7.723272
275.5247 7.633079
274.5182 7.542916
273.5266 7.440783
272.5311 7.340125
271.5244 7.236761
270.5348 7.128957
269.5337 7.024483
268.5194 6.918358
267.5401 6.80985
266.5536 6.697007
265.5385 6.577446
264.5493 6.459173
263.5246 6.334641
262.4974 6.207859
261.5233 6.08656
260.5113 5.951325
259.5145 5.818532
258.5138 5.687586
257.5135 5.549118
256.5378 5.417892
255.5655 5.284452
254.5949 5.139432
253.6124 4.988832
252.6069 4.826176
251.5926 4.660776
250.5641 4.496338
249.5362 4.331678
248.5343 4.173197
247.534 4.007685
246.5424 3.839756
245.5561 3.674728
244.5429 3.496418
243.544 3.31997
242.5413 3.143462
241.5273 2.947558
240.5395 2.755447
239.5202 2.55749
238.5167 2.354463
237.5108 2.16569
236.4986 1.971206
235.5079 1.775283
234.5091 1.572564
233.5201 1.359493
232.55 1.14741
231.5325 0.928171
230.55 0.711687
229.5631 0.503226
228.5629 0.27619
227.5916 0.050786
226.5926 -0.175381
225.5728 -0.418414
224.5672 -0.649198
223.5489 -0.881419
222.5318 -1.127112
221.5466 -1.370257
220.5185 -1.619652
219.547 -1.870895
218.5553 -2.115399
217.5494 -2.357448
216.5937 -2.595955
215.5673 -2.850513
214.5558 -3.110363
213.5704 -3.369077
212.5544 -3.645722
211.5657 -3.910857
210.5838 -4.168688
209.5702 -4.442219
208.571 -4.703595
207.5866 -4.963419
206.6052 -5.230244
205.6174 -5.488056
204.6378 -5.747254
203.6606 -6.01207
202.6333 -6.29163
201.6359 -6.58263
200.6381 -6.869946
199.6091 -7.162995
198.6223 -7.443684
197.633 -7.703953
196.6205 -7.98311
195.6244 -8.259083
194.6196 -8.531918
193.6106 -8.820278
192.6044 -9.097383
191.594 -9.369042
190.5897 -9.650119
189.5773 -9.929456
188.5672 -10.20877
187.553 -10.48309
186.5403 -10.75045
185.5496 -11.01477
184.5573 -11.26849
183.5899 -11.53633
182.627 -11.80708
181.6194 -12.06549
180.6241 -12.33273
179.6207 -12.58708
178.6046 -12.82486
177.6167 -13.07593
176.6238 -13.32166
175.6191 -13.5705
174.5965 -13.83067
173.5926 -14.07881
172.5844 -14.32357
171.57 -14.56071
170.5912 -14.79096
169.5616 -15.0215
168.5613 -15.23828
167.5701 -15.45251
166.5613 -15.65946
165.5921 -15.85038
164.5874 -16.05704
163.578 -16.25849
162.5883 -16.45509
161.5793 -16.65775
160.5868 -16.83939
159.6082 -17.01144
158.601 -17.17927
157.5866 -17.33796
156.5574 -17.49257
155.5498 -17.64123
154.5633 -17.78121
153.5682 -17.91193
152.605 -18.03125
151.6126 -18.16154
150.6094 -18.28969
149.6223 -18.40989
148.6022 -18.53549
147.5915 -18.63591
146.5812 -18.71567
145.5829 -18.80261
144.5857 -18.87324
143.5688 -18.93941
142.5688 -19.00944
141.5719 -19.06282
140.5737 -19.10793
139.5955 -19.14738
138.5997 -19.18178
137.578 -19.20949
136.5849 -19.22262
135.5706 -19.23088
134.5581 -19.22602
133.5857 -19.20554
132.5751 -19.19847
131.5902 -19.18093
130.6006 -19.15208
129.5851 -19.12692
128.596 -19.07805
127.5913 -19.01446
126.6026 -18.95137
125.6124 -18.88384
124.6087 -18.81718
123.6119 -18.75003
122.5998 -18.67888
121.5972 -18.60187
120.6028 -18.51151
119.5883 -18.4225
118.5938 -18.32539
117.5986 -18.21118
116.5927 -18.10279
115.6026 -17.98298
114.6338 -17.85436
113.626 -17.74241
112.6396 -17.62309
111.6486 -17.50418
110.6288 -17.38624
109.644 -17.25427
108.6396 -17.11811
107.6547 -16.97609
106.6356 -16.83599
105.6214 -16.69872
104.6057 -16.55677
103.6027 -16.42009
102.6229 -16.2797
101.6468 -16.13301
100.6534 -15.9987
99.63895 -15.86159
98.63146 -15.72245
97.60764 -15.58842
96.61436 -15.4437
95.61667 -15.29962
94.61057 -15.15855
93.63348 -15.01817
92.6319 -14.88278
91.61789 -14.74657
90.61114 -14.60969
89.60424 -14.47313
88.61187 -14.33301
87.61189 -14.19954
86.60828 -14.06885
85.58713 -13.93677
84.57239 -13.81115
83.55713 -13.68136
82.56409 -13.55198
81.56242 -13.43049
80.55756 -13.30541
79.56638 -13.1833
78.58465 -13.0625
77.62392 -12.93798
76.6303 -12.81581
75.65975 -12.69601
74.66037 -12.58068
73.62317 -12.4703
72.64708 -12.36019
71.63949 -12.25241
70.61366 -12.14269
69.63622 -12.03351
68.60049 -11.92907
67.58789 -11.82549
66.61702 -11.72326
65.60674 -11.62453
64.6265 -11.52283
63.64631 -11.42331
62.61312 -11.32868
61.60173 -11.23409
60.57565 -11.14341
59.58221 -11.05292
58.59839 -10.9612
57.60535 -10.8714
56.62959 -10.77985
55.62767 -10.69229
54.64579 -10.60633
53.63113 -10.52143
52.64009 -10.44036
51.62204 -10.35663
50.61781 -10.27558
49.64928 -10.19893
48.64994 -10.12149
47.65577 -10.04669
46.66226 -9.972363
45.66495 -9.896671
44.66806 -9.823286
43.66877 -9.751328
42.65368 -9.681006
41.62585 -9.611938
40.62829 -9.542684
39.61729 -9.474537
38.61782 -9.406921
37.65117 -9.339159
36.62686 -9.274637
35.63027 -9.211347
34.63369 -9.148035
33.62714 -9.087751
32.62565 -9.026017
31.62713 -8.965103
30.61694 -8.905531
29.60225 -8.84667
28.59819 -8.790327
27.60366 -8.732973
26.62894 -8.676786
25.62909 -8.620961
24.67248 -8.56506
23.67756 -8.512632
22.67896 -8.459542
21.7004 -8.407499
20.67216 -8.357134
19.66947 -8.306524
18.67032 -8.256438
17.65345 -8.207252
16.65724 -8.158445
15.65817 -8.109385
14.65008 -8.06213
13.6517 -8.014507
12.65892 -7.967279
11.65498 -7.922389
10.6551 -7.877524
9.663022 -7.834487
8.667542 -7.790886
7.686885 -7.747437
6.687084 -7.704347
5.696258 -7.660579
4.689926 -7.619708
3.676349 -7.579269
2.67487 -7.538593
1.661659 -7.499841
0.687001 -7.459427
-0.279613 -7.419361
-1.232568 -7.379247
-2.191089 -7.339644
-3.176349 -7.301939
-4.158518 -7.265608
-5.151921 -7.231639
-6.142532 -7.197225
-7.157671 -7.162116
-8.163188 -7.127041
-9.203703 -7.091463
-10.22512 -7.056262
-11.20827 -7.022024
-12.20694 -6.987867
-13.16457 -6.954143
-14.13165 -6.921296
-15.13584 -6.889275
-16.15496 -6.857618
-17.18793 -6.826826
-18.2222 -6.79508
-19.23225 -6.763075
-20.23161 -6.731541
-21.23498 -6.700241
-22.24457 -6.670654
-23.22776 -6.641716
-24.21668 -6.613756
-25.20169 -6.585363
-26.16276 -6.55704
-27.16929 -6.529212
-28.17404 -6.501708
-29.18039 -6.475138
-30.22001 -6.448527
-31.22599 -6.421711
-32.2118 -6.394722
-33.18708 -6.368382
-34.16251 -6.342046
-35.15139 -6.315243
-36.16537 -6.289706
-37.16347 -6.264847
-38.16645 -6.239628
-39.17163 -6.214532
-40.17153 -6.190052
-41.19599 -6.166903
-42.19698 -6.144035
-43.21396 -6.123004
-44.20549 -6.099944
-45.20036 -6.076149
-46.19402 -6.054107
-47.17663 -6.031214
-48.16786 -6.009482
-49.17515 -5.988172
-50.17745 -5.966873
-51.16262 -5.945613
-52.15961 -5.924604
-53.15298 -5.90313
-54.16365 -5.882385
-55.17595 -5.861407
-56.20984 -5.84132
-57.22482 -5.8219
-58.22512 -5.800591
-59.23903 -5.781993
-60.22102 -5.76373
-61.20385 -5.745783
-62.21582 -5.729191
-63.19952 -5.710431
-64.20465 -5.691217
-65.21616 -5.672744
-66.21058 -5.653965
-67.24559 -5.636462
-68.25535 -5.61939
-69.26353 -5.601562
-70.28214 -5.584897
-71.24435 -5.568108
-72.2382 -5.551201
-73.22084 -5.535005
-74.19321 -5.518001
-75.20513 -5.50129
-76.19524 -5.485188
-77.18349 -5.468114
-78.16525 -5.45275
-79.16706 -5.437233
-80.17693 -5.422605
-81.18047 -5.408816
-82.19337 -5.394012
-83.18588 -5.380366
-84.1775 -5.365832
-85.18259 -5.350956
-86.18665 -5.337084
-87.19926 -5.322761
-88.20229 -5.308751
-89.20216 -5.295548
-90.20511 -5.281511
-91.20928 -5.268587
-92.20966 -5.256564
-93.20824 -5.243756
-94.20269 -5.231577
-95.1941 -5.219902
-96.17962 -5.206684
-97.20048 -5.195183
-98.20856 -5.184196
-99.19898 -5.172492
-100.2002 -5.161458
-101.1703 -5.150373
-102.1492 -5.139021
-103.1376 -5.12767
-104.1413 -5.117169
-105.1584 -5.10662
-106.1658 -5.096557
-107.1767 -5.088199
-108.1858 -5.078922
-109.1775 -5.069761
-110.1912 -5.061343
-111.1999 -5.052162
-112.2086 -5.042554
-113.2081 -5.033806
-114.1884 -5.025034
-115.175 -5.016938
-116.1453 -5.010656
-117.1458 -5.00456
-118.1616 -4.999603
-119.1837 -4.993816
-120.2062 -4.988083
-121.2228 -4.982059
-122.2112 -4.974938
-123.2308 -4.968634
-124.2192 -4.961721
-125.2073 -4.955266
-126.2164 -4.950679
-127.1908 -4.9469
-128.1749 -4.944124
-129.1873 -4.942308
-130.1836 -4.940749
-131.1866 -4.938998
-132.23 -4.938155
-133.2204 -4.938759
-134.238 -4.937992
-135.2177 -4.93827
-136.1997 -4.9395
-137.2126 -4.941054
-138.1952 -4.943784
-139.2134 -4.947944
-140.2043 -4.952224
-141.1865 -4.955366
-142.2027 -4.963033
-143.192 -4.969937
-144.1947 -4.978663
-145.2078 -4.988641
-146.2067 -4.997193
-147.2053 -5.006193
-148.2009 -5.015646
-149.2109 -5.027388
-150.2048 -5.038779
-151.1956 -5.050387
-152.2128 -5.063302
-153.1899 -5.076813
-154.1589 -5.089687
-155.1692 -5.107264
-156.1555 -5.124504
-157.1521 -5.139779
-158.1896 -5.157443
-159.1852 -5.171267
-160.1949 -5.184684
-161.2022 -5.199702
-162.1896 -5.213826
-163.191 -5.229261
-164.1763 -5.242918
-165.1649 -5.256371
-166.1686 -5.268795
-167.1657 -5.279816
-168.1917 -5.292287
-169.1969 -5.303555
-170.1825 -5.313511
-171.204 -5.323912
-172.19 -5.331898
-173.1901 -5.338748
-174.2017 -5.345618
-175.1824 -5.350371
-176.1562 -5.354211
-177.1605 -5.357241
-178.1428 -5.358146
-179.1448 -5.358261
-180.1617 -5.35789
-181.145 -5.357738
-182.1703 -5.358161
-183.1674 -5.357175
-184.1684 -5.355886
-185.1941 -5.352697
-186.1529 -5.346517
-187.1739 -5.340606
-188.1784 -5.334879
-189.1525 -5.329422
-190.1795 -5.325081
-191.1649 -5.319577
-192.1639 -5.312888
-193.1726 -5.306629
-194.1713 -5.298996
-195.1639 -5.291481
-196.1698 -5.283898
-197.1662 -5.274252
