Potencial	Intensidad
mv	uA
-199.556700	-0.214969
-199.336700	-0.208945
-198.878700	-0.199726
-198.152300	-0.188905
-197.167600	-0.176670
-196.176100	-0.169473
-195.160100	-0.164088
-194.178800	-0.160079
-193.172300	-0.155907
-192.158200	-0.151248
-191.163400	-0.146555
-190.144500	-0.141221
-189.159400	-0.135908
-188.167700	-0.132274
-187.163700	-0.128554
-186.174100	-0.124285
-185.186500	-0.120542
-184.170000	-0.116975
-183.152400	-0.114701
-182.155800	-0.113143
-181.123800	-0.112095
-180.142500	-0.110504
-179.165100	-0.107642
-178.159700	-0.105152
-177.189600	-0.102323
-176.195800	-0.098842
-175.212600	-0.095998
-174.227400	-0.092634
-173.216600	-0.088439
-172.218900	-0.086116
-171.225400	-0.084368
-170.212700	-0.083007
-169.207700	-0.083170
-168.196500	-0.081993
-167.169300	-0.080404
-166.180700	-0.078813
-165.219600	-0.076180
-164.213500	-0.073395
-163.243300	-0.070817
-162.235200	-0.067840
-161.207100	-0.065762
-160.207400	-0.063615
-159.171000	-0.062275
-158.152700	-0.061564
-157.126100	-0.060600
-156.133900	-0.060299
-155.143200	-0.058668
-154.146800	-0.056723
-153.181600	-0.055042
-152.179800	-0.052289
-151.178600	-0.050074
-150.195500	-0.048786
-149.183800	-0.047265
-148.205900	-0.046428
-147.226400	-0.045651
-146.215300	-0.044200
-145.223800	-0.043369
-144.198000	-0.042587
-143.196300	-0.042271
-142.223000	-0.041048
-141.213900	-0.039071
-140.228300	-0.037265
-139.232700	-0.034572
-138.220600	-0.032853
-137.218800	-0.031655
-136.223100	-0.029867
-135.203600	-0.028421
-134.232200	-0.027594
-133.245400	-0.027324
-132.230600	-0.027288
-131.241200	-0.027427
-130.213800	-0.026522
-129.212400	-0.024832
-128.213400	-0.022937
-127.236200	-0.021725
-126.250700	-0.020700
-125.252700	-0.019779
-124.278700	-0.019373
-123.252500	-0.017490
-122.243900	-0.016396
-121.246700	-0.016214
-120.227300	-0.015740
-119.236600	-0.015988
-118.236200	-0.015752
-117.242100	-0.014440
-116.269100	-0.013276
-115.268400	-0.012346
-114.277600	-0.010657
-113.287700	-0.009634
-112.275800	-0.008979
-111.280800	-0.007689
-110.274000	-0.007745
-109.257700	-0.007206
-108.249500	-0.007107
-107.242300	-0.006475
-106.229600	-0.005292
-105.210900	-0.004647
-104.210900	-0.003057
-103.196500	-0.002043
-102.204100	-0.001422
-101.223500	-0.000225
-100.198300	0.002240
-99.222670	0.002019
-98.231090	0.002717
-97.246190	0.003540
-96.280780	0.002444
-95.289560	0.003829
-94.280530	0.004474
-93.262780	0.005036
-92.266960	0.006666
-91.245760	0.007639
-90.241930	0.008799
-89.240540	0.009793
-88.233080	0.009537
-87.238870	0.009950
-86.236110	0.011331
-85.239580	0.013339
-84.240500	0.014853
-83.236160	0.016324
-82.243540	0.016292
-81.233580	0.015676
-80.223420	0.016435
-79.217120	0.017139
-78.222580	0.018321
-77.237170	0.019223
-76.257400	0.019636
-75.278680	0.019919
-74.277870	0.020713
-73.289990	0.022229
-72.287960	0.023663
-71.275890	0.023481
-70.302280	0.023437
-69.306350	0.023431
-68.317470	0.023908
-67.313450	0.025928
-66.292040	0.026972
-65.291940	0.027874
-64.265950	0.028635
-63.289820	0.028805
-62.302490	0.030161
-61.273530	0.031648
-60.274570	0.032491
-59.270210	0.033252
-58.267570	0.034228
-57.285300	0.034401
-56.292280	0.034595
-55.272600	0.035745
-54.235540	0.036203
-53.238190	0.036706
-52.233280	0.038138
-51.247260	0.039724
-50.272070	0.040640
-49.273080	0.042453
-48.258350	0.043815
-47.257800	0.044511
-46.254510	0.046266
-45.249370	0.046623
-44.263850	0.046663
-43.260450	0.046735
-42.258220	0.047037
-41.240510	0.047821
-40.251850	0.049075
-39.268360	0.050426
-38.283020	0.050962
-37.299050	0.051991
-36.282360	0.054065
-35.263970	0.056687
-34.254540	0.058591
-33.253550	0.059492
-32.262980	0.059174
-31.258520	0.058379
-30.273610	0.058793
-29.241840	0.060754
-28.243350	0.062146
-27.254140	0.063138
-26.236740	0.063950
-25.294890	0.063917
-24.294430	0.065434
-23.290290	0.068485
-22.291620	0.070805
-21.268610	0.072141
-20.265320	0.072390
-19.251770	0.071854
-18.240710	0.071982
-17.223320	0.073125
-16.225220	0.074897
-15.230320	0.075974
-14.250660	0.077120
-13.268820	0.078922
-12.274200	0.080439
-11.286640	0.082449
-10.263130	0.084336
-9.238410	0.085500
-8.231047	0.086483
-7.212703	0.087419
-6.230452	0.088018
-5.248085	0.089370
-4.237485	0.090868
-3.267649	0.091517
-2.290483	0.093078
-1.335193	0.094769
-0.375149	0.096558
0.623448	0.099655
1.620493	0.101563
2.648164	0.103473
3.631720	0.104740
4.617240	0.105543
5.620807	0.106751
6.577004	0.106956
7.573504	0.108928
8.568155	0.111434
9.561468	0.113889
10.578570	0.116788
11.589110	0.118352
12.580800	0.119928
13.566920	0.122762
14.543900	0.126343
15.542530	0.129700
16.540810	0.131771
17.532630	0.132672
18.560100	0.133313
19.556370	0.134040
20.558350	0.136625
21.567030	0.139668
22.548920	0.141541
23.535610	0.144357
24.526500	0.146621
25.512180	0.149155
26.499340	0.153749
27.502240	0.157225
28.514760	0.160125
29.526430	0.162264
30.519270	0.163604
31.516200	0.165724
32.502510	0.167861
33.482580	0.170944
34.507760	0.174273
35.500200	0.177592
36.504280	0.181999
37.524290	0.185989
38.509790	0.189919
39.504200	0.193072
40.502160	0.198205
41.490360	0.201289
42.488060	0.205233
43.484630	0.209021
44.468050	0.211623
45.474390	0.217195
46.474060	0.222669
47.490380	0.227889
48.520590	0.233277
49.506690	0.237362
50.527950	0.242079
51.522090	0.246546
52.505170	0.250936
53.519050	0.257359
54.494500	0.261610
55.485670	0.268830
56.481860	0.275398
57.459200	0.281156
58.464900	0.289097
59.471120	0.295735
60.474920	0.303378
61.498480	0.310703
62.501090	0.317554
63.514660	0.325423
64.494700	0.333537
65.473920	0.342267
66.481690	0.351594
67.478680	0.359628
68.507770	0.367978
69.520310	0.376908
70.505040	0.385397
71.490590	0.395931
72.479690	0.406224
73.481900	0.415619
74.486370	0.426783
75.496400	0.437950
76.489150	0.450721
77.476770	0.464571
78.448090	0.477634
79.442090	0.490427
80.430430	0.501340
81.437590	0.513079
82.453820	0.526392
83.433300	0.538718
84.443150	0.553726
85.439310	0.570224
86.443700	0.585754
87.459340	0.604283
88.461720	0.623275
89.465150	0.641489
90.480730	0.662488
91.486760	0.681716
92.497690	0.700612
93.492810	0.719277
94.470000	0.737835
95.459660	0.759498
96.446430	0.781939
97.447890	0.808337
98.474570	0.837950
99.498860	0.863325
100.503500	0.890500
101.502200	0.917257
102.488500	0.940552
103.457700	0.969155
104.457700	0.999178
105.450000	1.027164
106.441500	1.059018
107.453100	1.091464
108.468000	1.125660
109.494900	1.162533
110.503200	1.200667
111.521700	1.240942
112.504800	1.276027
113.479600	1.313136
114.480800	1.354880
115.461800	1.392885
116.451200	1.438654
117.462500	1.488739
118.453800	1.533975
119.440500	1.583643
120.442200	1.634306
121.447400	1.682214
122.446500	1.734307
123.440300	1.786281
124.444300	1.841366
125.417000	1.896043
126.412800	1.954149
127.428900	2.018297
128.433700	2.080244
129.443300	2.146940
130.431500	2.217910
131.420100	2.281587
132.413600	2.346655
133.417000	2.415805
134.422500	2.481704
135.435200	2.557767
136.414300	2.640940
137.414700	2.726677
138.429400	2.817616
139.420000	2.903462
140.426700	2.989924
141.407500	3.074190
142.398900	3.157074
143.404000	3.249052
144.416500	3.338632
145.427300	3.431869
146.429500	3.536424
147.426100	3.638728
148.439700	3.751991
149.475100	3.871038
150.475800	3.979636
151.469100	4.089758
152.458700	4.192863
153.418500	4.291018
154.417800	4.401645
155.423000	4.513359
156.418400	4.633681
157.429800	4.762292
158.424400	4.889220
159.435000	5.021139
160.415100	5.151639
161.398800	5.279443
162.414900	5.414345
163.401900	5.539544
164.418200	5.669690
165.435200	5.806006
166.414200	5.933778
167.421900	6.081711
168.415200	6.232634
169.404300	6.377769
170.425900	6.531852
171.420800	6.674664
172.433400	6.810157
173.425600	6.949095
174.397000	7.091462
175.386700	7.246062
176.385500	7.398558
177.398700	7.557354
178.405500	7.718553
179.426900	7.860981
180.423300	8.013238
181.420400	8.165446
182.423900	8.299008
183.393800	8.443232
184.388900	8.589057
185.371200	8.727492
186.362800	8.886698
187.376900	9.053073
188.372000	9.213270
189.382600	9.366108
190.378300	9.510075
191.381200	9.646631
192.385200	9.779173
193.383600	9.921908
194.396100	10.075280
195.369600	10.212430
196.383500	10.354020
197.397900	10.501070
198.382900	10.628680
199.414300	10.774010
200.404900	10.919570
201.388000	11.050870
202.405000	11.180760
203.388400	11.291790
204.380300	11.397730
205.387700	11.502470
206.393000	11.609890
207.392900	11.728940
208.392200	11.833920
209.385800	11.940280
210.373100	12.054880
211.383400	12.146680
212.376300	12.245530
213.382300	12.337700
214.373700	12.409480
215.369700	12.489660
216.363500	12.564600
217.340100	12.632250
218.347800	12.707240
219.336400	12.777100
220.347000	12.845000
221.357900	12.906080
222.356600	12.949310
223.356600	12.989480
224.333800	13.022240
225.334200	13.060060
226.328900	13.111030
227.330800	13.147420
228.358700	13.180810
229.351800	13.206930
230.340100	13.208650
231.317300	13.221020
232.301200	13.228520
233.305000	13.222420
234.304400	13.223520
235.315400	13.215630
236.300800	13.206930
237.299900	13.207240
238.289300	13.206070
239.312400	13.208680
240.334400	13.194620
241.338700	13.170570
242.357000	13.138580
243.325900	13.088100
244.324600	13.049870
245.308500	13.016940
246.298700	12.974270
247.310300	12.945230
248.311900	12.912580
249.318300	12.867970
250.340500	12.829380
251.355200	12.782560
252.355700	12.728340
253.359300	12.668200
254.349700	12.602230
255.336600	12.537460
256.318500	12.469480
257.309800	12.412220
258.310900	12.361490
259.323500	12.299770
260.333300	12.239820
261.362900	12.176390
262.361500	12.097560
263.334200	12.028890
264.321300	11.963140
265.303000	11.893500
266.284400	11.827950
267.303100	11.761200
268.309900	11.690570
269.297300	11.619670
270.309000	11.550320
271.299600	11.482960
272.295200	11.407790
273.271900	11.333670
274.264700	11.264370
275.245900	11.189080
276.254200	11.124890
277.284300	11.064780
278.282600	10.994070
279.306200	10.925780
280.302300	10.854030
281.313400	10.777750
282.307500	10.706420
283.292800	10.637020
284.299600	10.569990
285.272600	10.503830
286.253000	10.438980
287.274000	10.379820
288.275800	10.317490
289.288400	10.257220
290.314100	10.199190
291.306400	10.133350
292.297600	10.067680
293.280700	10.004000
294.264100	9.937503
295.250900	9.877552
296.244300	9.820704
297.270300	9.764609
298.302300	9.711049
299.326800	9.655662
300.347300	9.600845
301.339900	9.545299
302.346600	9.488431
303.360500	9.436275
304.353300	9.380259
305.373800	9.324919
306.362400	9.272250
307.335500	9.217631
308.311600	9.168391
309.298900	9.121139
310.287800	9.070933
311.300900	9.022841
312.328600	8.974024
313.305700	8.925163
314.312100	8.880655
315.307500	8.835013
316.307700	8.790672
317.320800	8.746298
318.300500	8.700545
319.304200	8.657231
320.295100	8.613773
321.290700	8.571802
322.317900	8.531046
323.277800	8.488738
324.250800	8.448488
325.245100	8.410442
326.222100	8.371868
327.257000	8.336701
328.295700	8.300397
329.314200	8.261930
330.337200	8.224651
331.320500	8.186247
332.309800	8.148266
333.276100	8.112288
334.261700	8.077950
335.272500	8.045801
336.234600	8.013794
337.256700	7.983325
338.255300	7.952419
339.239200	7.920266
340.272600	7.890144
341.290200	7.859517
342.289900	7.828295
343.290300	7.798773
344.272200	7.770043
345.243700	7.740922
346.222000	7.714080
347.217700	7.687309
348.224800	7.661407
349.239200	7.636050
350.249000	7.610244
351.259700	7.584498
352.258300	7.558204
353.244400	7.532444
354.280700	7.508469
355.286300	7.483998
356.283600	7.459467
357.278400	7.436169
358.244700	7.411949
359.213000	7.389798
360.202900	7.367479
361.207700	7.345721
362.205000	7.322822
363.230700	7.301213
364.237500	7.279860
365.241700	7.257273
366.238800	7.236172
367.240100	7.214524
368.231900	7.192340
369.218900	7.171312
370.226200	7.151357
371.213000	7.130382
372.214200	7.111814
373.228400	7.093334
374.217900	7.074124
375.223200	7.056210
376.249700	7.037866
377.253200	7.018569
378.270400	6.999549
379.269300	6.980689
380.243300	6.961386
381.241000	6.943067
382.226600	6.925711
383.228900	6.908519
384.226200	6.891451
385.222200	6.874895
386.245500	6.858187
387.244000	6.840986
388.265400	6.825922
389.259000	6.810518
390.240300	6.794466
391.232800	6.779071
392.228400	6.762669
393.255800	6.746470
394.249100	6.730937
395.250500	6.715625
396.262100	6.700237
397.223000	6.684993
398.220600	6.670184
399.236900	6.656005
400.217700	6.642282
401.239900	6.628575
402.261400	6.614697
403.252800	6.599975
404.274500	6.584785
405.285600	6.570367
406.304700	6.556018
407.322100	6.541869
408.310700	6.527807
409.291400	6.513535
410.250700	6.499378
411.233100	6.486045
412.229900	6.473809
413.236500	6.461210
414.240100	6.447884
415.242300	6.434698
416.239100	6.420929
417.211500	6.407711
418.232100	6.396073
419.208400	6.384018
420.207100	6.371723
421.226200	6.360046
422.201400	6.348125
423.230800	6.337162
424.250700	6.326409
425.254500	6.315102
426.263900	6.303499
427.253700	6.291052
428.234300	6.279472
429.225400	6.267820
430.230300	6.256619
431.228000	6.246712
432.228200	6.236687
433.224200	6.226902
434.209400	6.217430
435.211100	6.206766
436.215900	6.196356
437.231700	6.186564
438.242100	6.176671
439.223000	6.167126
440.212800	6.157139
441.193200	6.146467
442.178200	6.136581
443.187300	6.127448
444.182200	6.118518
445.194600	6.109972
446.210300	6.100698
447.218700	6.090992
448.204000	6.081226
449.199600	6.072769
450.198900	6.065281
451.188300	6.057238
452.193100	6.049253
453.189900	6.040597
454.169800	6.031006
455.194000	6.022853
456.222000	6.015335
457.237400	6.006949
458.236900	5.999218
459.206200	5.991177
460.174200	5.983372
461.151400	5.976015
462.164200	5.969120
463.182900	5.962142
464.187900	5.954413
465.193400	5.947077
466.184200	5.940007
467.148100	5.932197
468.146400	5.925646
469.151600	5.919831
470.147500	5.913325
471.161000	5.907813
472.166600	5.902315
473.148600	5.896328
474.151900	5.890825
475.160600	5.884751
476.163500	5.878493
477.181200	5.871725
478.181800	5.864841
479.177200	5.858849
480.154200	5.852704
481.133200	5.847602
482.145400	5.843424
483.156100	5.839151
484.163300	5.834899
485.156100	5.830487
486.127300	5.825108
487.111000	5.820185
488.117600	5.816113
489.135000	5.811220
490.131200	5.806147
491.115600	5.800247
492.107200	5.793779
493.096400	5.787974
494.132200	5.783222
495.156700	5.778354
496.164600	5.773913
497.178500	5.769324
498.158200	5.764717
499.130900	5.761017
500.118500	5.757672
501.100200	5.754019
502.096900	5.750001
503.100600	5.744720
504.112100	5.739020
505.123700	5.734709
506.135700	5.730958
507.152200	5.727287
508.161600	5.723719
509.177600	5.719012
510.175200	5.714198
511.166400	5.710912
512.144200	5.707646
513.128800	5.705134
514.141400	5.702275
515.144000	5.698422
516.144000	5.695573
517.148600	5.691094
518.103500	5.686074
519.098800	5.682021
520.115000	5.677114
521.100500	5.673677
522.108800	5.670841
523.119000	5.667487
524.099200	5.664068
525.103200	5.660733
526.120500	5.657297
527.122100	5.654395
528.116900	5.650620
529.113900	5.646837
530.112900	5.643970
531.098300	5.640401
532.121500	5.638098
533.156700	5.636469
534.179100	5.633595
535.199000	5.630769
536.191900	5.627663
537.147900	5.623897
538.128400	5.621312
539.095900	5.618544
540.098300	5.615476
541.080000	5.612248
542.057600	5.608972
543.063700	5.606669
544.054100	5.604480
545.061900	5.603006
546.083900	5.600910
547.100900	5.598120
548.088000	5.595387
549.090900	5.593164
550.073400	5.590983
551.055700	5.589276
552.082200	5.587297
553.092500	5.583754
554.083900	5.580650
555.086000	5.577967
556.060800	5.575828
557.039300	5.574248
558.068400	5.572387
559.084500	5.570928
560.101300	5.568483
561.126900	5.566901
562.123300	5.566524
563.116100	5.564501
564.108600	5.563130
565.127700	5.561378
566.108100	5.557850
567.093300	5.555202
568.091100	5.552796
569.059100	5.550706
570.060600	5.549778
571.079600	5.549278
572.076500	5.549340
573.088000	5.549074
574.088300	5.548285
575.078700	5.547736
576.074600	5.546031
577.080400	5.544090
578.083800	5.542172
579.075900	5.539728
580.069000	5.537669
581.056800	5.536821
582.049900	5.536277
583.054400	5.535989
584.082300	5.536520
585.106100	5.535534
586.115800	5.534259
587.124400	5.533924
588.109100	5.533310
589.059400	5.532744
590.055200	5.531674
591.061500	5.529866
592.050200	5.528306
593.084500	5.527954
594.095800	5.528184
595.067100	5.527913
596.083100	5.527541
597.076700	5.526362
598.068100	5.525039
598.607200	5.508635
598.644200	5.484764
598.184200	5.455770
597.229000	5.421405
596.232000	5.396338
595.230700	5.373915
594.231100	5.352824
593.227400	5.332110
592.238600	5.313527
591.212600	5.295262
590.190200	5.277979
589.196400	5.262019
588.201400	5.246394
587.225700	5.232172
586.252600	5.216966
585.246900	5.202373
584.239600	5.188158
583.234000	5.173297
582.222300	5.159004
581.222900	5.146135
580.234000	5.133144
579.222400	5.120507
578.220900	5.108105
577.192100	5.093897
576.186800	5.080429
575.214600	5.066879
574.233800	5.053445
573.253800	5.041412
572.254800	5.028649
571.228300	5.016548
570.210900	5.005491
569.209700	4.994175
568.213400	4.983923
567.227500	4.973902
566.226500	4.963338
565.236200	4.952979
564.240000	4.942900
563.257900	4.932535
562.285600	4.922916
561.277400	4.913631
560.267000	4.904133
559.250900	4.894107
558.238800	4.883553
557.272300	4.872479
556.262000	4.861333
555.266700	4.850836
554.265500	4.841159
553.244300	4.831331
552.255600	4.821966
551.237500	4.812452
550.233200	4.802608
549.229700	4.793456
548.204800	4.784362
547.227400	4.776397
546.205200	4.768075
545.191100	4.760092
544.211800	4.750777
543.210500	4.742813
542.215700	4.734663
541.219400	4.726747
540.204500	4.719772
539.185800	4.710978
538.205100	4.703438
537.206200	4.695800
536.237000	4.686771
535.253400	4.678731
534.245800	4.671479
533.252800	4.662838
532.223000	4.655730
531.233700	4.647753
530.244600	4.639180
529.242600	4.630810
528.262100	4.622972
527.256900	4.615216
526.249500	4.606733
525.282300	4.599270
524.301100	4.591999
523.319000	4.584538
522.324200	4.576977
521.272600	4.569603
520.268100	4.562154
519.243700	4.554594
518.237700	4.547714
517.267500	4.541708
516.255500	4.535128
515.278300	4.529257
514.296400	4.523634
513.311300	4.516749
512.329500	4.510084
511.348300	4.502757
510.342000	4.494563
509.313700	4.486598
508.313200	4.479392
507.285700	4.473205
506.285700	4.466350
505.300300	4.459807
504.310400	4.452961
503.292200	4.445173
502.297500	4.438093
501.305000	4.431511
500.287800	4.424280
499.315200	4.418196
498.308300	4.412971
497.287700	4.407214
496.288100	4.401787
495.275100	4.395989
494.277100	4.389653
493.291400	4.383711
492.282700	4.377878
491.291300	4.371817
490.288100	4.366006
489.282600	4.361112
488.288200	4.356663
487.296100	4.351072
486.296700	4.345158
485.312700	4.337735
484.317200	4.329899
483.314800	4.323241
482.313000	4.316547
481.301500	4.309885
480.294100	4.303926
479.277600	4.298346
478.297500	4.293239
477.295400	4.288780
476.291700	4.283761
475.296500	4.278302
474.289700	4.273020
473.283000	4.267462
472.300600	4.262076
471.304100	4.257370
470.313500	4.253143
469.334600	4.249056
468.327200	4.243911
467.322100	4.238622
466.326800	4.232203
465.313800	4.225542
464.322800	4.220123
463.344100	4.214788
462.320100	4.209144
461.341500	4.204216
460.338000	4.199263
459.334000	4.194175
458.352400	4.189631
457.333600	4.184861
456.354900	4.180025
455.348100	4.174742
454.361000	4.169959
453.382700	4.165118
452.365000	4.160306
451.347400	4.156347
450.326400	4.151937
449.296100	4.146787
448.307300	4.141388
447.331200	4.135882
446.344500	4.129966
445.352700	4.124612
444.327900	4.119940
443.336900	4.114846
442.315200	4.109929
441.313000	4.105063
440.324400	4.100698
439.317300	4.096077
438.321800	4.092123
437.349200	4.088815
436.337800	4.084200
435.347200	4.080085
434.378800	4.076196
433.395700	4.070972
432.415800	4.066656
431.411400	4.061775
430.385400	4.056594
429.344200	4.051461
428.352200	4.046132
427.354100	4.041449
426.358300	4.036197
425.372500	4.031637
424.375500	4.027324
423.377700	4.022862
422.386400	4.018698
421.384500	4.014575
420.362200	4.009486
419.349500	4.004776
418.359400	4.000411
417.366100	3.996663
416.380000	3.993080
415.408300	3.989583
414.394400	3.985167
413.405900	3.980226
412.418200	3.975319
411.414500	3.970183
410.421700	3.965488
409.431800	3.960732
408.449600	3.956469
407.467800	3.952079
406.474400	3.948035
405.466300	3.944002
404.454700	3.939561
403.424400	3.934812
402.432800	3.929793
401.415600	3.924466
400.385500	3.919660
399.371000	3.914815
398.360900	3.910379
397.356700	3.906271
396.375500	3.901745
395.397200	3.896596
394.407000	3.891531
393.408300	3.886623
392.401800	3.881964
391.392800	3.876748
390.362600	3.871923
389.372500	3.867850
388.371200	3.862832
387.354600	3.859306
386.387400	3.855214
385.383800	3.849050
384.392200	3.845192
383.416400	3.840357
382.392900	3.835522
381.389000	3.831129
380.378100	3.825010
379.364400	3.820401
378.368800	3.815344
377.360800	3.809690
376.379800	3.805040
375.386000	3.798238
374.366400	3.791578
373.378000	3.786493
372.343500	3.779242
371.355100	3.773995
370.391000	3.768946
369.383600	3.762914
368.395900	3.758282
367.376900	3.753438
366.366800	3.747886
365.384100	3.743304
364.401100	3.738291
363.415000	3.732596
362.421100	3.726565
361.421200	3.720414
360.403700	3.715364
359.407300	3.709862
358.405300	3.704619
357.415900	3.698694
356.443400	3.690241
355.436800	3.681985
354.459300	3.674551
353.445300	3.666736
352.436900	3.659712
351.419900	3.652664
350.378700	3.645039
349.385100	3.637211
348.396100	3.629346
347.420200	3.622536
346.419400	3.615554
345.406900	3.608401
344.381800	3.602187
343.371600	3.593967
342.400800	3.585323
341.411300	3.578136
340.434400	3.568788
339.439200	3.560673
338.440200	3.552416
337.431200	3.542300
336.403400	3.533332
335.416100	3.523616
334.402500	3.513708
333.414600	3.504906
332.428900	3.494673
331.420000	3.484403
330.419200	3.473502
329.409700	3.462068
328.402800	3.451773
327.398600	3.441752
326.401200	3.432027
325.429900	3.421990
324.448900	3.410366
323.464400	3.397644
322.487700	3.385249
321.466800	3.372345
320.489800	3.360250
319.489200	3.348077
318.468400	3.333471
317.480900	3.319857
316.461600	3.304713
315.463700	3.289883
314.476700	3.276020
313.471900	3.261183
312.488300	3.245928
311.483800	3.229144
310.483700	3.212594
309.487900	3.196568
308.458300	3.179617
307.455700	3.164843
306.480500	3.150292
305.495300	3.131236
304.502100	3.113575
303.522300	3.092566
302.498600	3.069242
301.478700	3.049191
300.464000	3.027157
299.448200	3.006059
298.451900	2.983508
297.448400	2.961090
296.476100	2.939498
295.473500	2.915858
294.461200	2.893544
293.463100	2.870600
292.439600	2.840287
291.414700	2.811615
290.411700	2.782702
289.405200	2.750931
288.407700	2.724959
287.423500	2.699813
286.418800	2.671619
285.423300	2.643433
284.436400	2.611933
283.447900	2.577786
282.466300	2.541262
281.479400	2.505425
280.485500	2.470412
279.496000	2.430240
278.477800	2.391274
277.474900	2.355675
276.479800	2.313615
275.475400	2.274198
274.472300	2.235808
273.466400	2.187407
272.438500	2.140131
271.424400	2.090803
270.442600	2.039617
269.439300	1.991940
268.452900	1.945971
267.460500	1.900814
266.452200	1.849619
265.452900	1.794367
264.457700	1.738052
263.448200	1.676072
262.445300	1.612756
261.449200	1.554471
260.440300	1.486641
259.457500	1.421439
258.467600	1.359593
257.484300	1.293851
256.495400	1.233980
255.509000	1.171129
254.520000	1.100977
253.508400	1.025394
252.503100	0.939576
251.473200	0.853780
250.459700	0.770799
249.472400	0.688076
248.484600	0.612569
247.487600	0.532532
246.486500	0.447473
245.468100	0.365706
244.452700	0.267885
243.471400	0.172443
242.477400	0.080301
241.490300	-0.025703
240.501500	-0.124048
239.480600	-0.226680
238.463000	-0.333989
237.448900	-0.429504
236.448000	-0.526821
235.448300	-0.628280
234.454600	-0.731156
233.460800	-0.844435
232.466000	-0.956270
231.474600	-1.072659
230.476800	-1.187729
229.484500	-1.293951
228.493500	-1.415466
227.487800	-1.531293
226.485300	-1.652259
225.495200	-1.783902
224.474300	-1.904780
223.492400	-2.026487
222.514600	-2.147667
221.501400	-2.275496
220.509900	-2.406320
219.496900	-2.537834
218.489700	-2.671996
217.501400	-2.795283
216.524300	-2.910531
215.540500	-3.039632
214.540400	-3.171303
213.546400	-3.300120
212.537600	-3.449410
211.534600	-3.589697
210.546300	-3.722075
209.546100	-3.867178
208.538500	-4.001037
207.549400	-4.129499
206.559500	-4.258724
205.564400	-4.381765
204.596200	-4.504555
203.608400	-4.632240
202.614200	-4.774816
201.604800	-4.927109
200.585400	-5.072176
199.572700	-5.219408
198.542400	-5.355136
197.522100	-5.467055
196.529100	-5.589813
195.524000	-5.708797
194.521200	-5.824001
193.564800	-5.952958
192.546200	-6.075451
191.553100	-6.194842
190.567700	-6.320760
189.543000	-6.441245
188.540300	-6.561036
187.534900	-6.672191
186.535300	-6.770426
185.557800	-6.868902
184.579500	-6.957259
183.580000	-7.056263
182.576400	-7.161507
181.534600	-7.258501
180.501800	-7.361614
179.491300	-7.450413
178.511300	-7.524342
177.530500	-7.602243
176.535100	-7.669857
175.555100	-7.740397
174.543500	-7.817528
173.557400	-7.885305
172.572000	-7.957339
171.563800	-8.025190
170.570600	-8.088427
169.549200	-8.150803
168.562800	-8.197472
167.581900	-8.238770
166.570100	-8.269169
165.598500	-8.291238
164.597800	-8.327002
163.569700	-8.359478
162.559500	-8.395882
161.537500	-8.439013
160.537800	-8.463847
159.566200	-8.480910
158.587000	-8.493675
157.604200	-8.492778
156.589400	-8.492176
155.580700	-8.492402
154.579000	-8.489399
153.561900	-8.488401
152.582300	-8.484712
151.576800	-8.488555
150.571900	-8.488237
149.590900	-8.479924
148.601900	-8.473923
147.609300	-8.449569
146.616900	-8.417534
145.613800	-8.395403
144.598400	-8.364937
143.588100	-8.336354
142.585400	-8.314772
141.585800	-8.283419
140.586100	-8.248819
139.587000	-8.213303
138.572800	-8.173535
137.554700	-8.132643
136.548100	-8.087488
135.538700	-8.045808
134.552500	-8.000430
133.577800	-7.951122
132.576900	-7.912123
131.589600	-7.867710
130.592800	-7.819808
129.568800	-7.775890
128.562000	-7.720184
127.562300	-7.659557
126.580000	-7.603756
125.619600	-7.547710
124.627600	-7.494791
123.632400	-7.445368
122.595700	-7.395460
121.565600	-7.343996
120.573400	-7.287241
119.573500	-7.233406
118.592700	-7.177369
117.617600	-7.117739
116.626600	-7.064255
115.636600	-7.008562
114.643800	-6.950226
113.637100	-6.899940
112.619400	-6.848352
111.607300	-6.796509
110.602200	-6.747104
109.607700	-6.693708
108.608300	-6.638233
107.625500	-6.581696
106.641900	-6.526143
105.643000	-6.473037
104.668700	-6.418580
103.670400	-6.368132
102.672100	-6.317273
101.669000	-6.264453
100.680200	-6.216907
99.685890	-6.168194
98.678510	-6.120253
97.677060	-6.074215
96.668010	-6.024992
95.634540	-5.976399
94.627210	-5.928797
93.620960	-5.881499
92.613720	-5.837091
91.631360	-5.792415
90.632030	-5.748451
89.622970	-5.705143
88.622360	-5.659068
87.621840	-5.615084
86.610500	-5.571424
85.630890	-5.526040
84.614790	-5.484236
83.631290	-5.442054
82.652470	-5.399760
81.631940	-5.361238
80.628020	-5.321485
79.608090	-5.281813
78.596700	-5.242970
77.595940	-5.202446
76.606970	-5.163304
75.610170	-5.125257
74.616820	-5.085499
73.616230	-5.049950
72.631200	-5.013804
71.626300	-4.978028
70.607340	-4.945536
69.619180	-4.910051
68.591730	-4.875833
67.604840	-4.840970
66.628050	-4.805632
65.633600	-4.773152
64.646190	-4.739866
63.660730	-4.708372
62.677780	-4.678011
61.670020	-4.648106
60.677240	-4.618405
59.678460	-4.589261
58.660910	-4.559564
57.664100	-4.529264
56.690810	-4.498124
55.681650	-4.468141
54.661570	-4.438649
53.680110	-4.409424
52.673890	-4.382789
51.679880	-4.356256
50.731860	-4.329215
49.712420	-4.303539
48.702810	-4.276436
47.693650	-4.248953
46.676430	-4.223369
45.685940	-4.198217
44.682470	-4.173795
43.677700	-4.150058
42.665940	-4.126446
41.661610	-4.103201
40.647930	-4.079477
39.644130	-4.056568
38.647510	-4.032868
37.663510	-4.008451
36.683890	-3.985243
35.690700	-3.962197
34.699130	-3.939578
33.683710	-3.918324
32.677360	-3.897667
31.679930	-3.876719
30.679400	-3.855735
29.711320	-3.833747
28.708340	-3.812257
27.722360	-3.790488
26.715250	-3.770928
25.706500	-3.752365
24.728450	-3.733313
23.743710	-3.715766
22.735950	-3.696892
21.734780	-3.677935
20.702570	-3.659546
19.692940	-3.640388
18.705400	-3.621493
17.692690	-3.602967
16.720630	-3.584084
15.743130	-3.565803
14.766870	-3.548080
13.779870	-3.530699
12.801460	-3.514331
11.779170	-3.497028
10.765690	-3.479784
9.775823	-3.463242
8.764332	-3.446534
7.783797	-3.431630
6.775476	-3.416794
5.776400	-3.401492
4.773032	-3.386669
3.758618	-3.370887
2.779372	-3.355176
1.754738	-3.340349
0.753864	-3.324818
-0.235735	-3.309961
-1.209863	-3.295024
-2.161158	-3.279865
-3.116497	-3.265380
-4.094720	-3.250753
-5.082486	-3.236827
-6.080620	-3.222853
-7.052305	-3.208871
-8.066537	-3.195463
-9.081396	-3.181838
-10.066930	-3.168698
-11.117550	-3.156145
-12.106190	-3.143800
-13.102450	-3.131083
-14.127660	-3.118224
-15.115870	-3.105232
-16.120430	-3.092131
-17.125100	-3.079971
-18.135100	-3.067981
-19.152140	-3.056065
-20.155870	-3.043740
-21.164260	-3.031729
-22.154800	-3.018888
-23.127110	-3.006124
-24.120640	-2.994627
-25.120970	-2.982607
-26.089070	-2.971731
-27.111120	-2.961215
-28.112470	-2.949898
-29.111280	-2.939162
-30.113920	-2.928453
-31.095250	-2.917612
-32.089600	-2.906848
-33.086830	-2.896235
-34.104730	-2.885453
-35.114550	-2.874392
-36.111530	-2.863615
-37.123790	-2.852961
-38.131850	-2.842731
-39.120360	-2.832790
-40.151760	-2.822960
-41.144050	-2.812781
-42.134110	-2.801754
-43.147440	-2.791503
-44.112220	-2.781957
-45.091550	-2.772191
-46.083050	-2.763738
-47.094490	-2.754505
-48.099580	-2.745081
-49.104560	-2.736264
-50.108090	-2.726980
-51.089090	-2.718087
-52.059290	-2.708600
-53.051230	-2.699544
-54.057130	-2.690333
-55.043510	-2.681222
-56.072790	-2.672718
-57.084920	-2.664446
-58.100250	-2.655893
-59.120950	-2.647530
-60.142070	-2.638696
-61.151320	-2.628936
-62.129670	-2.620186
-63.132110	-2.611211
-64.126590	-2.602556
-65.110980	-2.596674
-66.124900	-2.588846
-67.119870	-2.581809
-68.110500	-2.575033
-69.132250	-2.566701
-70.132870	-2.559658
-71.137250	-2.552284
-72.154570	-2.544667
-73.151750	-2.536024
-74.138440	-2.528607
-75.147440	-2.520916
-76.135880	-2.513405
-77.105510	-2.505574
-78.109100	-2.499169
-79.088130	-2.491808
-80.091750	-2.485639
-81.105680	-2.480647
-82.106970	-2.473468
-83.124480	-2.466266
-84.106510	-2.459008
-85.103940	-2.451841
-86.098250	-2.445199
-87.084980	-2.439201
-88.072460	-2.432147
-89.082080	-2.425009
-90.057160	-2.417587
-91.068090	-2.411170
-92.085010	-2.405388
-93.076160	-2.399577
-94.121800	-2.393922
-95.105090	-2.387840
-96.105340	-2.381540
-97.100220	-2.375072
-98.078590	-2.368777
-99.076830	-2.362682
-100.051900	-2.357226
-101.042300	-2.352529
-102.027400	-2.347216
-103.015600	-2.342538
-104.015600	-2.337608
-105.044000	-2.332664
-106.062400	-2.327588
-107.070100	-2.322257
-108.080900	-2.315793
-109.064000	-2.308475
-110.046000	-2.302637
-111.051600	-2.295838
-112.070800	-2.290200
-113.075300	-2.285609
-114.091400	-2.279696
-115.075200	-2.274963
-116.068100	-2.269402
-117.040200	-2.263134
-118.047700	-2.258464
-119.069200	-2.253980
-120.056900	-2.250735
-121.091000	-2.247609
-122.065500	-2.243353
-123.073100	-2.239529
-124.093100	-2.235295
-125.088500	-2.230783
-126.104100	-2.226639
-127.097500	-2.221384
-128.070500	-2.215612
-129.053800	-2.210186
-130.045500	-2.205084
-131.038500	-2.200410
-132.064800	-2.196021
-133.089600	-2.192730
-134.121300	-2.188430
-135.118700	-2.183155
-136.108500	-2.178710
-137.095800	-2.173545
-138.064700	-2.169554
-139.062300	-2.167340
-140.046400	-2.164702
-141.036200	-2.162207
-142.036200	-2.159668
-143.056900	-2.156681
-144.079400	-2.153502
-145.084500	-2.150071
-146.104700	-2.145987
-147.102900	-2.142079
-148.077600	-2.137536
-149.080200	-2.133505
-150.045500	-2.129109
-151.013400	-2.124653
-152.014800	-2.121616
-153.004600	-2.117950
-154.001600	-2.114112
-155.008700	-2.110436
-155.994000	-2.106739
-156.979800	-2.103646
-158.002200	-2.102911
-159.010600	-2.101656
-160.025500	-2.100650
-161.048200	-2.098279
-162.054900	-2.095076
-163.061400	-2.092645
-164.076200	-2.091447
-165.091900	-2.093456
-166.090700	-2.097010
-167.063800	-2.102425
-168.047100	-2.107135
-169.021200	-2.113521
-169.998200	-2.121010
-171.019700	-2.130111
-172.027100	-2.140996
-173.033400	-2.150345
-174.047300	-2.158910
-175.049200	-2.164674
-176.051800	-2.167725
-177.053100	-2.164485
-178.036800	-2.150057
-179.034600	-2.125691
-180.005200	-2.096588
-180.990400	-2.070010
-181.990200	-2.052436
-182.986100	-2.043754
-184.018500	-2.040044
-185.028700	-2.037367
-186.048200	-2.034384
-187.052300	-2.031517
-188.048800	-2.027199
-189.047900	-2.023760
-190.035800	-2.020885
-191.011700	-2.017612
-191.998900	-2.015984
-192.993500	-2.014203
-193.987400	-2.012526
-195.010100	-2.011380
-196.022700	-2.010220
-197.023300	-2.009294
