-195.2438 -5.830523
-196.2508 -4.680254
-196.9974 -3.455004
-197.4948 -2.194344
-197.7536 -.9107949
-196.7393 -.7633756
-195.7552 -.6775035
-194.762 -.6182282
-193.7738 -.5730418
-192.7698 -.5334899
-191.7545 -.5033928
-190.7574 -.476452
-189.7452 -.4522114
-188.7654 -.4342207
-187.7805 -.4155548
-186.7811 -.3991366
-185.801 -.3841089
-184.7878 -.3687552
-183.7735 -.3538427
-182.7728 -.3407152
-181.7584 -.3286269
-180.7846 -.317201
-179.792 -.3078632
-178.785 -.2983478
-177.777 -.2901421
-176.764 -.2825269
-175.7746 -.2748942
-174.7943 -.2674324
-173.7945 -.2587231
-172.7995 -.251432
-171.8064 -.242409
-170.7992 -.2340803
-169.7981 -.2277774
-168.8054 -.2202514
-167.7898 -.2151326
-166.7839 -.2096827
-165.773 -.2038766
-164.7706 -.1990655
-163.7706 -.1940126
-162.7749 -.1890361
-161.7795 -.1846455
-160.7837 -.1793525
-159.7994 -.17444
-158.795 -.169043
-157.7702 -.1634535
-156.7478 -.1603831
-155.7411 -.1552115
-154.7301 -.1501725
-153.7712 -.1471723
-152.7695 -.1423682
-151.7774 -.1397816
-150.7876 -.1385255
-149.7879 -.1353702
-148.7876 -.1324367
-147.7677 -.1292493
-146.7656 -.1253649
-145.7682 -.1219114
-144.7751 -.1181068
-143.7797 -.1147607
-142.8082 -.1106354
-141.8046 -.1073561
-140.802 -.1053944
-139.8085 -.1029958
-138.7837 -.1012864
-137.7601 -9.930132E-02
-136.7807 -9.700676E-02
-135.7813 -9.469573E-02
-134.7946 -9.320302E-02
-133.8058 -9.064494E-02
-132.8104 -8.788748E-02
-131.7799 -8.523838E-02
-130.7758 -8.242111E-02
-129.7652 -8.054005E-02
-128.7664 -7.810853E-02
-127.8063 -7.714373E-02
-126.805 -7.567094E-02
-125.8299 -7.385749E-02
-124.8006 -7.249653E-02
-123.7807 -7.042822E-02
-122.7641 -6.824289E-02
-121.7599 -6.582351E-02
-120.7758 -.0629421
-119.7726 -5.946515E-02
-118.7839 -5.710211E-02
-117.7544 -5.564667E-02
-116.7591 -5.397625E-02
-115.7654 -5.319782E-02
-114.7816 -.0524948
-113.8052 -5.133495E-02
-112.782 -5.038054E-02
-111.7845 -4.880287E-02
-110.7652 -.0470501
-109.761 -4.470007E-02
-108.7758 -4.312413E-02
-107.7689 -4.171029E-02
-106.7598 -3.982923E-02
-105.7618 -3.811286E-02
-104.7517 -3.497226E-02
-103.7394 -3.321862E-02
-102.7454 -3.221134E-02
-101.7457 -3.192614E-02
-100.7349 -3.279126E-02
-99.75621 -.0318828
-98.7618 -3.054438E-02
-97.77263 -2.957611E-02
-96.7831 -2.850468E-02
-95.79266 -2.709951E-02
-94.7846 -2.586772E-02
-93.76302 -2.336339E-02
-92.76067 -2.088332E-02
-91.74432 -2.002687E-02
-90.75478 -1.867112E-02
-89.76141 -1.824549E-02
-88.76984 -1.807472E-02
-87.7597 -1.708305E-02
-86.74661 -1.698336E-02
-85.74353 -1.620406E-02
-84.75343 -1.569608E-02
-83.76218 -1.453623E-02
-82.76904 -1.249393E-02
-81.77048 -1.032594E-02
-80.75078 -7.351769E-03
-79.73943 -6.50052E-03
-78.75334 -6.040222E-03
-77.75728 -6.011616E-03
-76.76855 -6.750173E-03
-75.79454 -5.244452E-03
-74.7746 -3.990985E-03
-73.78264 -3.164008E-03
-72.77625 -1.88887E-03
-71.75562 -1.218793E-03
-70.75719 -2.990639E-04
-69.75749 8.434466E-04
-68.74467 1.98509E-03
-67.74134 3.985784E-03
-66.7452 4.890777E-03
-65.75352 5.598995E-03
-64.76717 6.757975E-03
-63.78797 6.15638E-03
-62.79199 8.565361E-03
-61.76348 9.441747E-03
-60.76125 9.738211E-03
-59.7457 1.136702E-02
-58.74621 1.209345E-02
-57.75638 1.380981E-02
-56.76152 1.536234E-02
-55.76484 1.634535E-02
-54.74697 1.646498E-02
-53.73632 1.755548E-02
-52.74732 .0176725
-51.75 1.909414E-02
-50.77645 1.861304E-02
-49.80007 .0193672
-48.78553 2.141037E-02
-47.77785 2.231189E-02
-46.77019 2.426578E-02
-45.75241 .025625
-44.76089 .0261113
-43.77234 2.635576E-02
-42.7682 2.884796E-02
-41.76663 2.942094E-02
-40.76213 2.964806E-02
-39.75027 2.967233E-02
-38.75595 2.832177E-02
-37.76364 2.775572E-02
-36.76756 2.827843E-02
-35.77264 2.926664E-02
-34.75103 3.076803E-02
-33.74084 3.211078E-02
-32.72144 3.370232E-02
-31.70242 3.552965E-02
-30.70927 3.646931E-02
-29.70881 3.828624E-02
-28.72305 3.900139E-02
-27.72163 3.927445E-02
-26.73077 3.966106E-02
-25.72855 3.902046E-02
-24.72943 4.009189E-02
-23.73764 4.151352E-02
-22.7392 .0424844
-21.7564 4.458825E-02
-20.74668 4.632455E-02
-19.7513 4.739424E-02
-18.76223 4.902219E-02
-17.74114 5.073769E-02
-16.72303 5.193568E-02
-15.70959 5.303745E-02
-14.70344 5.347261E-02
-13.70384 5.349341E-02
-12.72153 .0532897
-11.73416 5.398491E-02
-10.7039 5.620926E-02
-9.706029 5.728155E-02
-8.699897 5.883322E-02
-7.691056 6.057472E-02
-6.70239 6.058339E-02
-5.692884 6.292649E-02
-4.693831 6.587031E-02
-3.698219 6.500693E-02
-2.727832 6.562847E-02
-1.77727 6.525659E-02
-.8076143 6.419816E-02
.1599309 6.608357E-02
1.170799 .0678034
2.179623 6.967753E-02
3.193 7.034847E-02
4.196889 7.151005E-02
5.166512 7.277133E-02
6.156208 7.398839E-02
7.12171 7.707957E-02
8.121128 8.014129E-02
9.145224 8.104716E-02
10.16063 8.194695E-02
11.1701 8.097868E-02
12.142 8.079057E-02
13.14024 8.201196E-02
14.12666 8.287014E-02
15.14142 8.569521E-02
16.15721 8.706484E-02
17.13927 8.811893E-02
18.14506 9.217753E-02
19.11967 9.254421E-02
20.11804 9.464198E-02
21.12904 9.732229E-02
22.11558 9.604196E-02
23.13095 9.787014E-02
24.12985 9.790915E-02
25.11907 9.894678E-02
26.13585 .101042
27.10825 .1032481
28.1083 .106914
29.10281 .1090881
30.08312 .1118056
31.11463 .1143447
32.11451 .1165248
33.13599 .1193646
34.14175 .1218395
35.13795 .1226205
36.13195 .1234466
37.11615 .1249489
38.09496 .1264979
39.09472 .1300468
40.11837 .1335168
41.12183 .1365343
42.14679 .1388358
43.15255 .1418143
44.1265 .1449324
45.12851 .1493845
46.121 .1532386
47.13377 .1564676
48.13544 .1586044
49.14051 .158932
50.15671 .1621715
51.14582 .1632074
52.14659 .1669296
53.13474 .1710801
54.11333 .1731129
55.09535 .1775017
56.08944 .180859
57.0781 .1865404
58.07169 .1922087
59.08067 .1973578
60.11011 .2012717
61.12312 .2031016
62.12847 .2062491
63.11957 .210163
64.10665 .2138393
65.08571 .2187327
66.09871 .2245926
67.09583 .2288566
68.08447 .2365907
69.09227 .2436191
70.0712 .2491132
71.0806 .2563193
72.10488 .2618923
73.11743 .2657117
74.12239 .271035
75.13208 .2762899
76.10479 .2822009
77.10868 .2903277
78.09971 .2987119
79.09695 .3081085
80.09427 .316107
81.11029 .3235706
82.13348 .3324818
83.12221 .3393083
84.12174 .3479976
85.11006 .3583885
86.11152 .3666609
87.10277 .3770518
88.12174 .3883192
89.10411 .3976699
90.09669 .4080591
91.10843 .4191427
92.108 .4298726
93.12232 .4410853
94.1125 .4524098
95.10188 .4653268
96.09657 .4771879
97.09256 .4913974
98.11563 .5074159
99.13369 .5194401
100.1184 .5333981
101.1325 .5473865
102.1398 .5597391
103.1383 .5759084
104.1612 .5924974
105.1454 .6089624
106.1402 .6280721
107.128 .6447452
108.127 .6641748
109.1496 .6830652
110.1537 .7015074
111.1816 .7235966
112.174 .7412448
113.1582 .7618941
114.1646 .7843178
115.1342 .8026049
116.1598 .825931
117.1753 .850358
118.148 .8713384
119.1469 .8982655
120.1175 .9248873
121.1167 .9483859
122.1199 .9767727
123.141 1.004285
124.1582 1.031229
125.1373 1.058882
126.1282 1.086096
127.1194 1.11354
128.0914 1.139248
129.0997 1.169011
130.1154 1.202583
131.1256 1.232467
132.1213 1.267572
133.124 1.303953
134.1128 1.33537
135.0966 1.37184
136.1195 1.408343
137.1221 1.441915
138.1307 1.477197
139.1273 1.510554
140.1246 1.544834
141.0999 1.580523
142.0969 1.620086
143.1205 1.664638
144.1305 1.704191
145.1311 1.744856
146.1297 1.787065
147.126 1.821825
148.1125 1.861439
149.1406 1.904954
150.1707 1.942591
151.1613 1.983341
152.176 2.024924
153.1571 2.062702
154.1322 2.105634
155.1324 2.148394
156.1265 2.190957
157.14 2.231289
158.1408 2.268379
159.1305 2.309317
160.1077 2.346325
161.0881 2.387065
162.1133 2.433902
163.1317 2.474621
164.1564 2.516879
165.1942 2.558043
166.1724 2.59147
167.1664 2.627999
168.1637 2.664515
169.136 2.699739
170.131 2.738879
171.1217 2.774601
172.0981 2.81177
173.0779 2.847942
174.0696 2.881684
175.0794 2.919423
176.1051 2.949587
177.1419 2.976659
178.1348 3.005535
179.1283 3.025916
180.1277 3.052765
181.1035 3.083707
182.1023 3.109025
183.1064 3.138663
184.1081 3.164235
185.1078 3.184652
186.1236 3.207183
187.1381 3.226523
188.1339 3.245909
189.1192 3.262943
190.1236 3.276594
191.1173 3.292126
192.1221 3.304547
193.1318 3.319717
194.1474 3.338219
195.1345 3.348232
196.1525 3.358806
197.1816 3.367948
198.177 3.368768
199.1921 3.376409
200.1793 3.384416
201.1655 3.386962
202.1691 3.391931
203.1427 3.392844
204.151 3.39007
205.1613 3.388954
206.1623 3.386783
207.1792 3.385944
208.1564 3.381306
209.1573 3.376104
210.1367 3.372418
211.1274 3.362473
212.1199 3.357932
213.1001 3.355164
214.1259 3.345509
215.1329 3.339698
216.146 3.329874
217.1475 3.315264
218.1252 3.303659
219.1331 3.292979
220.1223 3.282753
221.1257 3.271565
222.1383 3.260023
223.1142 3.247505
224.1104 3.232954
225.1298 3.220445
226.1307 3.208942
227.1622 3.191991
228.1687 3.175125
229.1451 3.158863
230.1409 3.137715
231.1007 3.12433
232.1024 3.112343
233.1028 3.096377
234.0752 3.082223
235.0944 3.064281
236.0929 3.045974
237.1 3.029145
238.1233 3.012508
239.1265 2.998358
240.1142 2.980499
241.0885 2.963691
242.0829 2.947687
243.0734 2.92886
244.0784 2.913807
245.0912 2.898463
246.0679 2.881947
247.0827 2.866432
248.0814 2.849821
249.0956 2.832782
250.1245 2.816835
251.1191 2.801293
252.1435 2.78469
253.1238 2.76838
254.1066 2.750872
255.1062 2.733988
256.0737 2.717575
257.0925 2.703021
258.1185 2.689057
259.1021 2.672643
260.12 2.657466
261.1143 2.642705
262.094 2.625989
263.119 2.612803
264.1322 2.598987
265.133 2.583691
266.1443 2.569828
267.145 2.55526
268.1408 2.541723
269.1435 2.528324
270.1428 2.515296
271.1457 2.502461
272.1322 2.487812
273.1378 2.473013
274.1447 2.459973
275.1326 2.44612
276.141 2.434356
277.1532 2.423863
278.1502 2.411384
279.1523 2.399633
280.1509 2.387588
281.1346 2.374834
282.1311 2.363048
283.1299 2.351559
284.1339 2.339854
285.1243 2.327683
286.1079 2.315543
287.1153 2.304346
288.1155 2.294001
289.1202 2.283871
290.14 2.275558
291.1319 2.264966
292.1337 2.254117
293.1481 2.244753
294.1249 2.234301
295.1175 2.226059
296.0959 2.216328
297.0822 2.206755
298.1158 2.196101
299.1412 2.184982
300.1461 2.176075
301.1549 2.16689
302.1615 2.158073
303.1741 2.150362
304.2038 2.140511
305.2249 2.131042
306.219 2.123754
307.2017 2.1157
308.1915 2.107624
309.1682 2.099645
310.157 2.08915
311.148 2.079835
312.1456 2.072015
313.1523 2.06328
314.1519 2.056499
315.1615 2.048748
316.16 2.041664
317.1661 2.034872
318.1592 2.02752
319.1598 2.020703
320.1655 2.01245
321.1459 2.005728
322.1611 1.999544
323.1557 1.991573
324.148 1.985818
325.1412 1.978611
326.128 1.971163
327.1302 1.965491
328.1336 1.959546
329.1613 1.953583
330.1661 1.947374
331.178 1.941716
332.1779 1.935476
333.1531 1.930157
334.1308 1.923734
335.1071 1.917327
336.0953 1.910512
337.1008 1.904175
338.096 1.899436
339.0863 1.89355
340.1064 1.888908
341.111 1.884787
342.132 1.878473
343.1499 1.874632
344.1415 1.871341
345.1496 1.865383
346.1607 1.861222
347.1659 1.855117
348.1712 1.848066
349.1528 1.843261
350.1449 1.838195
351.1309 1.833654
352.1327 1.828676
353.1441 1.823646
354.1687 1.819627
355.1854 1.8146
356.1895 1.811407
357.1917 1.808034
358.1872 1.802458
359.1692 1.798212
360.158 1.792282
361.1598 1.787079
362.134 1.783432
363.1464 1.779052
364.1546 1.775572
365.1623 1.771137
366.1528 1.766992
367.1441 1.764718
368.1422 1.760939
369.1398 1.757995
370.1735 1.753859
371.1685 1.748566
372.1683 1.744057
373.1599 1.739355
374.1457 1.736136
375.1456 1.732503
376.1402 1.729878
377.1495 1.727431
378.163 1.725036
379.1787 1.723218
380.1697 1.721007
381.1754 1.717412
382.1422 1.713621
383.1401 1.709724
384.1413 1.705575
385.1377 1.702357
386.1883 1.699697
387.2085 1.696715
388.2296 1.693986
389.2344 1.691229
390.2165 1.687682
391.2098 1.685738
392.2027 1.683319
393.202 1.68113
394.2043 1.680385
395.2035 1.678232
396.1983 1.675464
397.2118 1.673148
398.1941 1.66852
399.1917 1.666119
400.1769 1.66355
401.1594 1.660279
402.1835 1.65931
403.1627 1.655799
404.2062 1.653841
405.2119 1.652331
406.22 1.649503
407.2452 1.647502
408.2391 1.645015
409.2518 1.641253
410.2311 1.639643
411.2351 1.636839
412.2321 1.635476
413.2009 1.635029
414.2096 1.633748
415.1882 1.632947
416.188 1.630214
417.2178 1.628284
418.2133 1.626684
419.2385 1.625873
420.2227 1.625186
421.2212 1.624207
422.2123 1.620461
423.1947 1.618053
424.2112 1.616455
425.1877 1.614234
426.2071 1.614256
427.2177 1.612522
428.2028 1.610486
429.2153 1.60952
430.2096 1.607937
431.192 1.608369
432.2039 1.608522
433.1966 1.606862
434.2014 1.605241
435.1893 1.602455
436.1696 1.600212
437.1732 1.599164
438.1502 1.597858
439.1496 1.596219
440.154 1.595286
441.1544 1.594795
442.1534 1.594867
443.1706 1.595817
444.1794 1.596465
445.1859 1.595348
446.1789 1.594195
447.1726 1.592305
448.1662 1.589462
449.1554 1.588849
450.1776 1.588722
451.1774 1.58794
452.1745 1.588044
453.1866 1.588265
454.1822 1.587437
455.19 1.587865
456.1954 1.58792
457.2003 1.58703
458.2091 1.586305
459.2209 1.584636
460.21 1.583144
461.1863 1.581426
462.1653 1.580391
463.1585 1.580654
464.1547 1.580177
465.1616 1.58024
466.1705 1.580285
467.1694 1.578328
468.1822 1.578126
469.176 1.57894
470.1873 1.577806
471.1818 1.577137
472.1918 1.575756
473.1627 1.573175
474.1444 1.572865
475.1251 1.57325
476.1203 1.573148
477.1523 1.572523
478.1411 1.571395
479.1655 1.569847
480.1656 1.56961
481.166 1.570928
482.1896 1.572508
483.1874 1.571929
484.1598 1.569947
485.1646 1.567625
486.145 1.564867
487.1259 1.564688
488.1516 1.564371
489.1426 1.563685
490.1419 1.563297
491.1343 1.562722
492.1509 1.56303
493.1456 1.563457
494.1564 1.56316
495.2086 1.563431
496.1918 1.561994
497.2026 1.560816
498.2158 1.561039
499.1774 1.559968
500.181 1.560057
501.1761 1.560851
502.1629 1.559978
503.186 1.561292
504.2043 1.561878
505.2321 1.561162
506.2469 1.561879
507.2599 1.56112
508.2384 1.561601
509.2137 1.561066
510.2139 1.560519
511.1873 1.559769
512.1913 1.559594
513.1993 1.560418
514.2044 1.561385
515.2047 1.561733
516.2152 1.561801
517.2278 1.561811
518.2017 1.561938
519.2203 1.564116
520.2069 1.56455
521.1949 1.565466
522.2069 1.565323
523.1951 1.563194
524.1841 1.562381
525.1819 1.561853
526.1759 1.562249
527.1878 1.564385
528.1845 1.565767
529.1839 1.566519
530.1962 1.567859
531.1669 1.569356
532.1835 1.571282
533.1963 1.572771
534.1959 1.572035
535.2055 1.570682
536.2103 1.570358
537.1917 1.57057
538.1787 1.571199
539.183 1.572406
540.1871 1.573172
541.184 1.57339
542.1709 1.574926
543.1616 1.576618
544.1478 1.577546
545.1432 1.57932
546.2031 1.580788
547.2079 1.579767
548.2064 1.5807
549.2242 1.582033
550.1807 1.581957
551.1682 1.583519
552.1913 1.584904
553.1773 1.585415
554.1809 1.587845
555.2118 1.588187
556.1977 1.588827
557.2073 1.590015
558.2056 1.591475
559.2025 1.59437
560.2246 1.594848
561.2428 1.594822
562.2476 1.596462
563.2515 1.597102
564.2495 1.599497
565.2537 1.601616
566.2527 1.599929
567.2168 1.600668
568.2003 1.602434
569.1788 1.604851
570.1566 1.608038
571.1782 1.609593
572.194 1.610071
573.2244 1.61036
574.2405 1.611252
575.2329 1.61324
576.2058 1.61455
577.1726 1.615633
578.1825 1.617428
579.2003 1.618471
580.1975 1.620824
581.1997 1.624879
582.191 1.626536
583.1824 1.628232
584.1925 1.628695
585.1935 1.627529
586.2151 1.628682
587.2368 1.629893
588.2357 1.630799
589.2399 1.632398
590.2295 1.633489
591.1974 1.635804
592.163 1.637867
593.1405 1.640892
594.1423 1.643222
595.1425 1.64445
596.2051 1.646097
597.2096 1.647498
598.2003 1.64794
598.7764 1.620735
598.7903 1.585551
598.3538 1.543038
597.388 1.497906
596.3627 1.475047
595.3627 1.456893
594.3589 1.441064
593.3676 1.424863
592.3672 1.410612
591.3452 1.396435
590.3246 1.384147
589.3068 1.374081
588.3209 1.36466
587.3166 1.354017
586.3264 1.341578
585.3281 1.329528
584.3043 1.318067
583.3102 1.3083
582.3176 1.299951
581.3264 1.290598
580.3361 1.280998
579.3427 1.272838
578.339 1.264629
577.3303 1.257464
576.3187 1.25187
575.3348 1.244931
574.3414 1.237558
573.3698 1.230518
572.385 1.222384
571.3662 1.216848
570.3514 1.212332
569.3297 1.207159
568.3157 1.201565
567.3262 1.194146
566.3274 1.186618
565.3348 1.180219
564.3592 1.174073
563.3641 1.16861
562.3928 1.164159
561.397 1.157692
560.3856 1.152348
559.3717 1.146051
558.3434 1.140326
557.3141 1.136174
556.2983 1.132517
555.3054 1.128602
554.326 1.12366
553.3521 1.118365
552.3542 1.112913
551.3569 1.108319
550.3422 1.104248
549.3412 1.100603
548.3292 1.09577
547.3382 1.090522
546.333 1.08543
545.3364 1.080872
544.3411 1.077645
543.329 1.07526
542.3352 1.070987
541.33 1.066662
540.3479 1.062249
539.348 1.057549
538.3505 1.054672
537.3337 1.051371
536.3295 1.048545
535.3533 1.044109
534.3676 1.039681
533.3882 1.036077
532.3674 1.031011
531.3547 1.028415
530.3328 1.025384
529.3157 1.020768
528.3168 1.017528
527.3055 1.013845
526.3167 1.010632
525.3487 1.00861
524.378 1.005573
523.3928 1.0025
522.3745 .9987223
521.3566 .9945467
520.3409 .9918143
519.3136 .9882481
518.3074 .9855019
517.3221 .9841488
516.3284 .9807065
515.3409 .978555
514.355 .9753658
513.3367 .9709483
512.3436 .9676058
511.3593 .9641635
510.3633 .960677
509.3584 .9575824
508.3657 .9547434
507.3319 .9521723
506.3261 .9510281
505.3344 .9493178
504.3395 .9480045
503.3656 .9449957
502.3726 .9417312
501.3622 .9390248
500.3356 .9352098
499.3348 .9324332
498.3314 .9307386
497.3286 .9283114
496.3258 .9252532
495.3102 .9230132
494.296 .9193057
493.3081 .9153901
492.3196 .9131363
491.2908 .9107932
490.2756 .9078588
489.2635 .9056067
488.2359 .9048214
487.287 .9017953
486.2987 .9002696
485.3318 .9000442
484.3683 .8957291
483.3477 .8933755
482.3415 .891504
481.3051 .8863332
480.2959 .8855495
479.2851 .8842372
478.2968 .880664
477.3048 .87987
476.3087 .8762405
475.3311 .8733356
474.325 .8706042
473.3431 .8676093
472.3308 .8652393
471.3263 .8615439
470.3365 .8593065
469.3054 .8565993
468.3137 .8545501
467.3 .853672
466.3204 .8527444
465.3199 .8507862
464.3114 .8497113
463.3298 .8484952
462.3164 .8460237
461.3406 .8456129
460.3503 .8434951
459.3596 .8411685
458.3663 .8377783
457.3632 .8340907
456.3639 .8308868
455.3217 .8275633
454.3286 .8258755
453.318 .8241089
452.2781 .8211651
451.2996 .818483
450.2732 .8168958
449.2724 .8140153
448.3206 .8132567
447.3289 .8122087
446.3416 .8101664
445.3401 .8093828
444.3108 .8067918
443.2784 .8049697
442.2868 .8027289
441.2944 .801282
440.3044 .8003468
439.3193 .7981484
438.3128 .7964017
437.3376 .793737
436.3511 .79097
435.3716 .7896637
434.3748 .788802
433.354 .7863965
432.3589 .7841305
431.3557 .7818602
430.3519 .7794244
429.3505 .7778805
428.3472 .7768282
427.3527 .7754958
426.3643 .7740534
425.351 .7728962
424.352 .7712699
423.348 .7690092
422.3421 .7661781
421.3886 .7646108
420.3858 .7624272
419.3937 .7607541
418.4034 .7594304
417.3484 .7565041
416.3283 .7557498
415.3388 .7545744
414.3195 .7539693
413.3443 .7528034
412.38 .7498301
411.3755 .7472313
410.3981 .7451613
409.3903 .7442363
408.3884 .7433088
407.399 .7420492
406.389 .7404959
405.4138 .7387197
404.4064 .7369313
403.3964 .7355366
402.386 .732793
401.3751 .7295501
400.3619 .72791
399.3388 .7258842
398.3329 .7246047
397.3148 .724251
396.3199 .722513
395.3171 .7213879
394.3301 .7206874
393.3425 .7184856
392.3281 .7166704
391.3398 .7146645
390.3393 .7125434
389.3613 .7124306
388.3596 .7112413
387.3307 .7105141
386.3115 .7090248
385.274 .7064624
384.2808 .7055643
383.3087 .7033226
382.3208 .7008131
381.3243 .6987092
380.3225 .6959059
379.3099 .6938124
378.2998 .692018
377.2822 .6908365
376.3063 .6900745
375.2924 .6880452
374.297 .6877019
373.3092 .6870432
372.2653 .6850008
371.3191 .6836243
370.3253 .6827583
369.3264 .6810125
368.3494 .6807343
367.2971 .6806848
366.2994 .6774341
365.3069 .6750867
364.3063 .6720093
363.3101 .6694053
362.2961 .667702
361.2773 .6653849
360.259 .6634371
359.2794 .662064
358.2929 .6608139
357.3292 .6604551
356.3514 .658724
355.3513 .6568022
354.3229 .6561235
353.2759 .6539667
352.2597 .6537188
351.2293 .6531796
350.2414 .6519903
349.2563 .650547
348.2703 .6484449
347.2997 .6458738
346.299 .6420943
345.3089 .6399332
344.3132 .6386598
343.2999 .6363098
342.2974 .6353155
341.3146 .6340924
340.2741 .6314416
339.2829 .6289216
338.2904 .6282013
337.2814 .6256979
336.314 .6235558
335.3235 .6216739
334.3346 .6174679
333.3152 .6152488
332.3047 .6139719
331.2753 .6135437
330.2782 .610736
329.2886 .6080427
328.3124 .604492
327.3246 .6008461
326.3011 .5998934
325.3032 .5985723
324.2841 .5959171
323.2573 .5937569
322.274 .5911911
321.2676 .5883452
320.2662 .5876352
319.2981 .5857412
318.2985 .583333
317.2889 .5810003
316.2883 .5765057
315.2898 .5746567
314.2859 .5729256
313.2867 .5712855
312.2937 .5703442
311.3145 .5665387
310.3025 .5630747
309.3202 .5592667
308.3195 .5552548
307.3036 .5531216
306.3412 .5507308
305.3448 .5462093
304.3532 .5430782
303.3429 .5383556
302.3134 .5337847
301.3112 .5321992
300.3134 .5296611
299.316 .5269322
298.3161 .5240334
297.2946 .5193724
296.2691 .5157481
295.2501 .5133538
294.2468 .5102202
293.2791 .5075632
292.2906 .5014268
291.3185 .4948934
290.3367 .4897954
289.315 .4838063
288.3063 .480996
287.2988 .4767814
286.2802 .4709128
285.2796 .4659969
284.286 .4598483
283.2807 .4548145
282.285 .4501318
281.299 .4459691
280.3182 .4413549
279.304 .4359666
278.2983 .4302106
277.3046 .4242415
276.2759 .4169903
275.2844 .4104386
274.2946 .4045536
273.2896 .3960004
272.2866 .3886538
271.2821 .3811105
270.2889 .3729291
269.2852 .3666496
268.2946 .3601708
267.3235 .3526222
266.3038 .3431189
265.291 .3333469
264.2758 .3239416
263.2452 .3139208
262.2477 .3049766
261.276 .2978034
260.298 .2867762
259.3163 .2772555
258.3239 .2683278
257.2877 .2555981
256.2839 .2455444
255.277 .2342328
254.2772 .220905
253.2891 .2080617
252.2953 .1939771
251.2796 .1808816
250.2682 .1681865
249.2649 .1552167
248.2665 .1428415
247.2747 .1268464
246.2971 .1105184
245.3083 .0956562
244.2965 7.765603E-02
243.2898 6.211945E-02
242.2714 4.836078E-02
241.2722 .0312266
240.2886 1.521238E-02
239.2794 -2.849341E-03
238.2718 -2.386269E-02
237.2655 -4.341193E-02
236.2433 -6.442007E-02
235.2724 -8.446515E-02
234.2834 -.1056198
233.2546 -.1277687
232.2577 -.1473457
231.2432 -.1685212
230.2468 -.1891314
229.2715 -.2081267
228.3 -.2339442
227.3118 -.2600199
226.2887 -.2877046
225.2779 -.3184457
224.2526 -.3450641
223.2611 -.3706302
222.2787 -.396823
221.2941 -.4218386
220.2724 -.44985
219.2634 -.4798934
218.2798 -.5111919
217.2809 -.5426014
216.3284 -.5749784
215.3215 -.6099021
214.291 -.6438558
213.2879 -.6766453
212.2639 -.711634
211.2643 -.7421732
210.2799 -.7723085
209.2812 -.8092944
208.2782 -.8425061
207.2791 -.8797625
206.3022 -.920846
205.3245 -.9565508
204.3405 -.9927644
203.3535 -1.028909
202.3717 -1.06713
201.3436 -1.108017
200.3508 -1.150171
199.3486 -1.194776
198.3344 -1.235739
197.3634 -1.27396
196.3575 -1.320785
195.3439 -1.363587
194.3158 -1.405205
193.2989 -1.45148
192.2713 -1.490388
191.2693 -1.52684
190.2752 -1.56938
189.2605 -1.611516
188.2683 -1.652488
187.2719 -1.697225
186.2737 -1.73877
185.2564 -1.777639
184.2645 -1.818874
183.2623 -1.862823
182.233 -1.903993
181.2595 -1.94152
180.2483 -1.983759
179.2254 -2.020339
178.2518 -2.05355
177.2493 -2.097222
176.2493 -2.135029
175.2569 -2.174781
174.2519 -2.218877
173.2551 -2.25395
172.2673 -2.287751
171.2766 -2.318594
170.28 -2.349491
169.258 -2.383523
168.2563 -2.412411
167.26 -2.446091
166.2697 -2.476772
165.2948 -2.501821
164.2917 -2.536491
163.2868 -2.565835
162.2592 -2.593236
161.2486 -2.621676
160.2408 -2.640404
159.2561 -2.658297
158.2633 -2.67863
157.2704 -2.698443
156.2696 -2.720954
155.2601 -2.742359
154.2897 -2.760049
153.2904 -2.776841
152.342 -2.787825
151.3528 -2.802906
150.3167 -2.817038
149.3131 -2.826901
148.2577 -2.842457
147.2514 -2.852045
146.2723 -2.859736
145.236 -2.871611
144.2314 -2.877557
143.2142 -2.882315
142.2031 -2.887197
141.2314 -2.886014
140.2499 -2.884132
139.2482 -2.883254
138.2503 -2.882012
137.2489 -2.882796
136.2432 -2.881215
135.2381 -2.87958
134.2123 -2.873496
133.2222 -2.862588
132.2148 -2.856527
131.2252 -2.844192
130.2557 -2.832464
129.2711 -2.824969
128.278 -2.810219
127.3045 -2.797601
126.2859 -2.787673
125.2611 -2.775672
124.2761 -2.765609
123.2562 -2.753914
122.2598 -2.739713
121.2786 -2.724024
120.2731 -2.705567
119.2882 -2.691403
118.3001 -2.676324
117.2995 -2.659585
116.2986 -2.646928
115.3019 -2.630097
114.3135 -2.611578
113.2882 -2.598476
112.2893 -2.57951
111.2595 -2.560582
110.2527 -2.544754
109.2857 -2.526134
108.3017 -2.509761
107.32 -2.493917
106.3213 -2.47776
105.3091 -2.462225
104.3063 -2.444675
103.3073 -2.428737
102.32 -2.410419
101.3608 -2.38961
100.3681 -2.374116
99.38281 -2.35666
98.36772 -2.339442
97.33319 -2.326141
96.30174 -2.308891
95.28772 -2.292291
94.29877 -2.275898
93.27089 -2.257563
92.29673 -2.239681
91.29108 -2.222796
90.28683 -2.206698
89.31697 -2.191393
88.29095 -2.176737
87.28082 -2.162097
86.24738 -2.14852
85.23062 -2.133368
84.22697 -2.11878
83.22815 -2.1034
82.26319 -2.085689
81.25139 -2.070757
80.25618 -2.053834
79.26561 -2.03804
78.25984 -2.023927
77.28557 -2.008993
76.30582 -1.995185
75.31704 -1.979856
74.31479 -1.965743
73.30296 -1.952708
72.3027 -1.939486
71.27719 -1.928098
70.25665 -1.916277
69.26849 -1.902599
68.27059 -1.891915
67.27621 -1.879778
66.28121 -1.867247
65.26781 -1.856637
64.24327 -1.842264
63.26114 -1.829607
62.27109 -1.818643
61.2715 -1.805975
60.28573 -1.794653
59.28456 -1.783661
58.28071 -1.7709
57.27729 -1.759811
56.28631 -1.747437
55.27411 -1.736167
54.27516 -1.72584
53.2895 -1.715642
52.27474 -1.708
51.30356 -1.697789
50.33765 -1.687529
49.34549 -1.678468
48.34607 -1.668226
47.32345 -1.659681
46.29952 -1.651545
45.28363 -1.641829
44.26115 -1.632524
43.26522 -1.623743
42.25841 -1.614437
41.25356 -1.605547
40.28546 -1.594918
39.27868 -1.586197
38.28322 -1.576426
37.28284 -1.566128
36.28244 -1.560778
35.29678 -1.551596
34.25784 -1.54413
33.2456 -1.538103
32.22915 -1.529085
31.222 -1.520194
30.26486 -1.512927
29.26275 -1.504751
28.25454 -1.497393
27.24965 -1.491341
26.24877 -1.484411
25.26994 -1.477748
24.31197 -1.469741
23.33618 -1.464365
22.33557 -1.455961
21.31996 -1.447729
20.2782 -1.441669
19.25813 -1.433005
18.2629 -1.426958
17.28686 -1.422037
16.31469 -1.41697
15.30364 -1.411112
14.2896 -1.405872
13.29086 -1.399635
12.28134 -1.392614
11.30221 -1.386734
10.3188 -1.379495
9.317834 -1.373982
8.330929 -1.366893
7.337045 -1.360922
6.344805 -1.355408
5.353613 -1.348778
4.332541 -1.344001
3.310539 -1.338144
2.312833 -1.331487
1.300419 -1.325008
.3296497 -1.319827
-.6386932 -1.315206
-1.616325 -1.310164
-2.58181 -1.306298
-3.554889 -1.302341
-4.531059 -1.297592
-5.537706 -1.294561
-6.55911 -1.290272
-7.552878 -1.283644
-8.574747 -1.279281
-9.59537 -1.274135
-10.56039 -1.268523
-11.59496 -1.264191
-12.60429 -1.258222
-13.5561 -1.253135
-14.5805 -1.250014
-15.58887 -1.24501
-16.58166 -1.239619
-17.60276 -1.234937
-18.60245 -1.229091
-19.57942 -1.225797
-20.57265 -1.223296
-21.58249 -1.220359
-22.58448 -1.217636
-23.57732 -1.214001
-24.58669 -1.210088
-25.5728 -1.205888
-26.55618 -1.201438
-27.55938 -1.197856
-28.54744 -1.194392
-29.55044 -1.190483
-30.56265 -1.18759
-31.55976 -1.183417
-32.55228 -1.179517
-33.56596 -1.175977
-34.56268 -1.171025
-35.58165 -1.16604
-36.5864 -1.161209
-37.57885 -1.158051
-38.6063 -1.155119
-39.6133 -1.152613
-40.61789 -1.151168
-41.612 -1.147911
-42.58656 -1.145082
-43.56833 -1.142314
-44.57428 -1.138106
-45.57277 -1.134196
-46.56291 -1.131226
-47.57928 -1.12821
-48.56445 -1.12474
-49.57106 -1.121582
-50.59029 -1.117565
-51.57606 -1.11437
-52.54782 -1.111754
-53.54563 -1.109516
-54.54626 -1.106689
-55.55467 -1.103464
-56.57686 -1.101549
-57.58211 -1.099083
-58.56406 -1.096559
-59.55168 -1.094573
-60.56245 -1.091462
-61.52622 -1.088057
-62.54106 -1.08577
-63.53852 -1.082438
-64.54498 -1.079668
-65.58964 -1.077682
-66.57177 -1.075496
-67.59978 -1.073903
-68.60697 -1.070779
-69.59967 -1.067269
-70.63365 -1.064096
-71.64047 -1.060877
-72.65049 -1.059264
-73.65383 -1.058361
-74.64504 -1.055777
-75.60921 -1.053954
-76.59912 -1.051511
-77.5771 -1.048291
-78.55952 -1.04706
-79.56461 -1.044368
-80.56835 -1.042445
-81.58627 -1.040981
-82.60903 -1.038432
-83.62463 -1.036639
-84.6091 -1.03406
-85.61784 -1.031827
-86.61739 -1.02948
-87.60107 -1.026553
-88.60558 -1.024409
-89.61649 -1.021159
-90.59032 -1.018533
-91.60622 -1.018306
-92.61589 -1.017026
-93.6255 -1.016
-94.62549 -1.015249
-95.6244 -1.012372
-96.62048 -1.010666
-97.61076 -1.009299
-98.62063 -1.007451
-99.60836 -1.005817
-100.6079 -1.003684
-101.5849 -1.00167
-102.5639 -.9996446
-103.5489 -.9980375
-104.5501 -.9971932
-105.5671 -.9964268
-106.5943 -.9953988
-107.6183 -.9935549
-108.6064 -.9904282
-109.6042 -.987793
-110.6055 -.9863002
-111.6094 -.9859119
-112.6244 -.9857377
-113.6255 -.9855452
-114.6535 -.9847183
-115.6728 -.9828641
-116.682 -.9815083
-117.6834 -.980625
-118.6795 -.9793829
-119.6453 -.9776396
-120.6401 -.9768628
-121.6414 -.9753519
-122.6176 -.973268
-123.6448 -.974245
-124.6566 -.973477
-125.6652 -.9714624
-126.6788 -.9711009
-127.6801 -.9682195
-128.6699 -.9668794
-129.6694 -.9673899
-130.6422 -.9662812
-131.6373 -.9659154
-132.6336 -.9659311
-133.6272 -.9652921
-134.6478 -.9658166
-135.6363 -.9653077
-136.6378 -.9647278
-137.6718 -.9633799
-138.6601 -.9617822
-139.6649 -.9610532
-140.6631 -.959518
-141.6205 -.9591583
-142.6349 -.9596273
-143.6489 -.9596125
-144.649 -.9600356
-145.6339 -.9586469
-146.6141 -.9563601
-147.6146 -.9556016
-148.5926 -.9549471
-149.6195 -.955839
-150.6605 -.9582308
-151.6294 -.9586122
-152.6369 -.9592944
-153.6377 -.9595215
-154.5968 -.9583131
-155.6014 -.9597677
-156.63 -.9600745
-157.6245 -.9606554
-158.6319 -.9616669
-159.6483 -.9606198
-160.623 -.9597573
-161.6274 -.9598266
-162.6595 -.9601837
-163.6635 -.9617155
-164.661 -.9615239
-165.6597 -.9609457
-166.6263 -.9610003
-167.6141 -.9606467
-168.6359 -.9637309
-169.6371 -.966309
-170.6428 -.9678146
-171.6411 -.9690022
-172.646 -.969401
-173.6341 -.9697495
-174.6337 -.9717493
-175.6371 -.9738635
-176.6431 -.9750329
-177.6612 -.9765118
-178.6755 -.9764043
-179.6642 -.9769729
-180.6301 -.9781423
-181.6193 -.9800434
-182.6083 -.9818672
-183.6245 -.9836816
-184.6508 -.9850841
-185.6721 -.9854438
-186.6538 -.9861295
-187.6545 -.9886928
-188.6538 -.9911668
-189.6151 -.993529
-190.6236 -.9964702
-191.6091 -.9957048
-192.5842 -.9966002
-193.5927 -.9983695
-194.5809 -1.000602
-195.5799 -1.004449
-196.5964 -1.006961
-197.5859 -1.009651
-198.5892 -1.011525
-199.163 -.9836729
-199.2266 -.9488965
-198.8004 -.908776
-197.8609 -.8647451
-196.8632 -.8460056
-195.8563 -.8305279
-194.8687 -.8168187
-193.8894 -.8038029
-192.8663 -.7911018
-191.8843 -.7794573
-190.8721 -.7678919
-189.8513 -.7555262
-188.8882 -.7457567
-187.8724 -.7356337
-186.8702 -.7256796
-185.8968 -.717845
-184.8694 -.7086009
-183.8601 -.7004195
-182.8466 -.6936607
-181.8387 -.6859015
-180.8512 -.6787648
-179.8733 -.6718178
-178.9083 -.6639971
-177.8873 -.6568551
-176.8899 -.6501898
-175.8876 -.6434224
-174.8783 -.6357758
-173.8896 -.6288384
-172.8992 -.6231302
-171.8776 -.6173206
-170.8735 -.6126361
-169.9019 -.6082204
-168.8935 -.6029967
-167.9075 -.5974116
-166.9235 -.5934614
-165.915 -.5887821
-164.9031 -.5834509
-163.9168 -.5787482
-162.9153 -.5724393
-161.9034 -.5660541
-160.9124 -.5611511
-159.8921 -.5569937
-158.8927 -.5532888
-157.8598 -.5499532
-156.846 -.5463358
-155.8636 -.5429075
-154.8555 -.539525
-153.9105 -.5364892
-152.9461 -.5320908
-151.9348 -.5272529
-150.9177 -.5224063
-149.8857 -.5181241
-148.8589 -.5149931
-147.8435 -.51179
-146.85 -.5098986
-145.8678 -.50668
-144.8487 -.5027072
-143.869 -.5003207
-142.8814 -.4957125
-141.8674 -.4916522
-140.8737 -.4884691
-139.8775 -.4839468
-138.8604 -.4803571
-137.8501 -.4771767
-136.8581 -.4738696
-135.8504 -.4706908
-134.8711 -.4685983
-133.8859 -.4658894
-132.8833 -.4633773
-131.8909 -.4598509
-130.8767 -.4556944
-129.8754 -.4536469
-128.8909 -.4499488
-127.8826 -.4476387
-126.8934 -.4462569
-125.8952 -.4426491
-124.8937 -.4411607
-123.9035 -.4378528
-122.9125 -.4339875
-121.9236 -.4321628
-120.9301 -.4299341
-119.9279 -.4278502
-118.9149 -.4254507
-117.903 -.423568
-116.904 -.4211703
-115.9043 -.4206285
-114.8956 -.4185749
-113.9013 -.4159969
-112.8775 -.4118334
-111.8765 -.4082845
-110.8819 -.4053805
-109.857 -.4023353
-108.8651 -.40194
-107.8537 -.4001725
-106.8358 -.3985463
-105.8406 -.3969201
-104.8221 -.3942181
-103.8274 -.3921975
-102.8303 -.3908356
-101.8362 -.3878927
-100.8549 -.3863567
-99.8402 -.3821177
-98.85933 -.3785003
-97.87361 -.3769028
-96.86974 -.3744626
-95.88152 -.3742059
-94.89264 -.3737387
-93.87543 -.371361
-92.87149 -.36905
-91.86572 -.3670666
-90.83586 -.3653233
-89.84745 -.3648318
-88.85735 -.3628632
-87.86046 -.3606553
-86.87253 -.3574098
-85.87893 -.3544591
-84.86498 -.3536347
-83.86329 -.3526768
-82.85194 -.3517996
-81.85126 -.3504248
-80.85129 -.3480721
-79.83876 -.3469565
-78.855 -.3460307
-77.84064 -.3447313
-76.86666 -.343327
-75.88869 -.3404473
-74.88321 -.3377852
-73.88291 -.3362648
-72.86114 -.3347504
-71.85117 -.3336659
-70.86507 -.3334033
-69.86995 -.3316349
-68.88071 -.3297608
-67.86636 -.3277722
-66.86514 -.325469
-65.86961 -.3237717
-64.86706 -.3214971
-63.85896 -.3198119
-62.86288 -.3178433
-61.86279 -.3147902
-60.88514 -.3135706
-59.89626 -.3120198
-58.85913 -.3107602
-57.85396 -.3105513
-56.8296 -.3089251
-55.84211 -.307077
-54.86548 -.3047469
-53.85637 -.3023648
-52.83721 -.3005513
-51.83508 -.299785
-50.82621 -.2987058
-49.82069 -.2964762
-48.83078 -.2930964
-47.82583 -.2909986
-46.84741 -.2895544
-45.83828 -.2890222
-44.84589 -.2899931
-43.8397 -.2883062
-42.79924 -.2863011
-41.79271 -.2853207
-40.78744 -.2833096
-39.79216 -.2823301
-38.81414 -.2805557
-37.8366 -.2780045
-36.83788 -.2749506
-35.8309 -.2724029
-34.82189 -.2718195
-33.81921 -.2710645
-32.80338 -.2710888
-31.81612 -.2705678
-30.81326 -.2689225
-29.80876 -.2668325
-28.83538 -.2661165
-27.84594 -.2647573
-26.86071 -.2624948
-25.87297 -.2612387
-24.8649 -.2589502
-23.84489 -.25655
-22.81644 -.2550026
-21.83907 -.2537856
-20.83513 -.252272
-19.84768 -.2513765
-18.87098 -.2505236
-17.85709 -.248275
-16.8631 -.245677
-15.8398 -.2435376
-14.83932 -.2408937
-13.82257 -.2390569
-12.8138 -.2386573
-11.83193 -.23679
-10.83046 -.2341028
-9.848594 -.2333062
-8.837177 -.2315534
-7.840701 -.2303684
-6.83417 -.230221
-5.8183 -.228151
-4.811104 -.2255097
-3.809675 -.2242675
-2.8126 -.2231085
-1.83427 -.2222313
-.8801516 -.2217164
.0956527 -.2185498
1.066854 -.215547
2.038653 -.2119972
3.038404 -.2098769
4.027586 -.2094253
5.027087 -.2085263
6.044735 -.2081207
7.039634 -.2057516
8.07262 -.2033391
9.079866 -.2010966
10.08955 -.1985974
11.07367 -.1971307
12.05311 -.1946602
13.04091 -.1919079
14.02961 -.190013
15.03905 -.187741
16.04482 -.1873578
17.03043 -.1867796
18.03128 -.1852731
19.04935 -.1835316
20.02571 -.1806415
21.03595 -.1773925
22.02687 -.1748353
23.01899 -.1725113
24.0242 -.1693793
25.02606 -.1690595
26.05731 -.1678701
27.06315 -.1657472
28.07006 -.1639563
29.07204 -.1605504
30.01773 -.1576274
30.99973 -.1542909
31.96901 -.1514797
32.94415 -.1483989
33.9554 -.1439736
34.96364 -.143229
35.98255 -.1394365
36.99925 -.1373067
38.01781 -.1339511
39.0015 -.1298552
40.0079 -.1273535
41.0067 -.1236252
42.00866 -.1212396
43.01534 -.1181172
44.04134 -.1151526
45.04482 -.1118412
46.03944 -.1083591
47.0616 -.1032784
48.04866 -.1007143
49.04623 -9.714719E-02
50.04765 -9.240724E-02
51.02037 -8.943482E-02
52.01405 -8.449636E-02
53.01777 -.0795215
54.02636 -7.694262E-02
55.04478 -7.395804E-02
56.04288 -7.024098E-02
57.04385 -6.666175E-02
58.017 -6.248266E-02
59.00326 -5.694781E-02
60.0121 -5.167909E-02
61.02371 -4.688106E-02
62.02456 -4.164182E-02
63.03267 -3.540482E-02
64.00613 -3.047764E-02
65.00549 -2.585385E-02
66.00828 -1.988991E-02
67.03094 -1.666089E-02
68.05904 -1.210472E-02
69.05323 -5.497572E-03
70.05679 -3.95284E-04
71.01299 7.071775E-03
72.00505 1.519331E-02
72.99083 2.213679E-02
73.9887 2.992632E-02
75.00172 .0375052
75.98837 .0440612
77.00082 5.026006E-02
78.01853 5.568828E-02
79.03326 6.244885E-02
80.03191 6.961165E-02
81.01868 7.757802E-02
82.01439 8.864251E-02
82.98073 9.754507E-02
83.99425 .1083547
85.01521 .1200581
86.02125 .1293377
87.04533 .1395969
88.04614 .1499003
89.03079 .1584345
90.01981 .16972
91.01736 .1806146
92.01509 .1918741
93.01367 .2051101
94.01687 .2167909
95.03285 .2301907
96.05213 .2431484
97.07004 .2569703
98.10567 .2721056
99.09569 .2849757
100.0763 .300397
101.0751 .3160697
102.0217 .3297105
103.019 .347324
104.0308 .363242
105.0263 .3779559
106.0486 .3961252
107.0594 .4127514
108.0488 .428952
109.0471 .4472755
110.0322 .4661026
111.0291 .4874298
112.0339 .5085463
113.032 .5315196
114.0466 .5543065
115.0177 .5730296
115.9961 .5953771
116.9847 .6182905
117.9844 .6389598
118.9983 .663952
120.0145 .6895336
121.012 .7130036
122.0063 .7418187
123.0201 .7712439
124.021 .8008677
125.0449 .8297425
126.0478 .8567571
127.0452 .8843473
128.0314 .9094704
129.0031 .9382247
129.997 .9716349
130.9824 1.00085
131.9825 1.034503
132.9906 1.071201
133.9935 1.102998
135.002 1.140355
136.0146 1.177918
137.0082 1.211913
138.0245 1.24893
139.0122 1.2832
140.0128 1.317238
141.022 1.352237
142.0069 1.388585
143.013 1.430912
144.0166 1.470799
145.0053 1.51167
145.9899 1.555489
147.0185 1.591778
148.0125 1.631282
149.0276 1.67478
150.0619 1.713028
151.062 1.754903
152.0675 1.796294
153.0635 1.833244
154.0476 1.873563
155.0156 1.912812
155.9967 1.95436
156.9995 1.994113
157.9922 2.030401
158.9968 2.071333
159.9989 2.109235
160.991 2.150256
161.9951 2.199313
163.004 2.240569
164.0184 2.28112
165.0246 2.320716
166.0186 2.351611
167.036 2.388387
168.0338 2.424183
169.0267 2.458727
170.0255 2.496423
171.0108 2.529483
172.0198 2.565759
173.0498 2.60394
174.0578 2.638168
175.0485 2.675864
176.0501 2.706082
177.0251 2.732704
178.0316 2.762046
179.0229 2.782583
180.0128 2.808489
181.0288 2.837264
182.0247 2.8605
183.0359 2.888914
184.0433 2.914391
185.0143 2.934099
186.0091 2.957803
187.0092 2.977783
187.9995 2.998335
189.0094 3.01675
190.0067 3.030201
191.0027 3.044656
192.0117 3.055087
193.0254 3.070566
194.0389 3.08877
195.0545 3.102132
196.0681 3.115232
197.076 3.124315
198.0685 3.126469
199.0568 3.132053
200.0622 3.139643
201.0678 3.141896
202.1144 3.145306
203.1346 3.145648
204.1234 3.141611
205.1129 3.139054
206.0728 3.136886
207.0652 3.136187
208.0431 3.131079
209.0381 3.126022
210.0435 3.122457
211.0362 3.113137
212.043 3.109808
213.0594 3.108753
214.0457 3.099723
215.0408 3.093135
216.0583 3.083135
217.0443 3.06764
218.0403 3.055238
219.0289 3.043461
220.0377 3.03178
221.0225 3.019939
221.9995 3.008339
223.0033 2.998006
223.9666 2.985394
224.97 2.974369
226.0003 2.963591
227.0148 2.94674
228.0375 2.929485
229.043 2.911925
230.0412 2.891801
231.037 2.876637
232.0255 2.862525
233.0341 2.848139
234.0171 2.834682
235.0135 2.818957
236.0075 2.803679
236.9918 2.787462
237.9937 2.771272
238.9878 2.75655
239.9776 2.738662
240.9788 2.721135
242.0032 2.703921
243.0038 2.685631
244.0218 2.670804
245.0423 2.655844
246.0387 2.639299
247.0395 2.623395
248.0433 2.606155
249.0152 2.590224
250.0042 2.576681
251.0219 2.562125
252.0137 2.547999
253.0452 2.531933
254.0693 2.513265
255.0709 2.497151
256.0731 2.479952
257.0686 2.464065
258.0696 2.450525
259.0453 2.433598
260.0444 2.418025
261.0544 2.403931
262.0418 2.389218
263.0505 2.377892
264.0508 2.365126
265.0389 2.350446
266.0383 2.335854
267.0417 2.320509
268.0287 2.305922
269.0276 2.291938
270.0146 2.278274
271.0115 2.265674
272.0122 2.252727
273.0005 2.241259
274.0045 2.230521
275.0023 2.217513
276.0214 2.205765
277.0375 2.193252
278.0377 2.177697
279.0548 2.164834
280.0393 2.153045
281.0135 2.14042
282.0095 2.130023
283.0084 2.119708
284.0179 2.109496
285.0362 2.099482
286.0359 2.089403
287.0293 2.079639
288.0286 2.068398
289.0214 2.057498
290.0345 2.047894
291.0411 2.035997
292.043 2.025433
293.0381 2.016183
294.0264 2.005295
295.0237 1.997539
296.0466 1.988696
297.0539 1.979279
298.0539 1.970367
299.0417 1.960967
300.0336 1.95409
301.0454 1.945627
302.0495 1.937559
303.0797 1.92934
304.0867 1.918448
305.0744 1.909086
306.087 1.901274
307.0854 1.891345
308.0811 1.883057
309.109 1.876262
310.1281 1.867243
311.1047 1.859762
312.0849 1.854234
313.0492 1.846708
314.0183 1.839613
315.016 1.832987
316.0256 1.824423
317.0401 1.816285
318.0339 1.808431
319.0172 1.801586
319.9985 1.794141
320.9979 1.78751
322.0086 1.781911
323.0225 1.774824
324.0403 1.768734
325.0658 1.762993
326.0681 1.755388
327.0743 1.749553
328.0792 1.743013
329.0685 1.736764
330.0714 1.732159
331.0672 1.726565
332.0274 1.721459
333.0092 1.715703
334.0062 1.710555
335.0164 1.706245
336.0563 1.700767
337.0565 1.695345
338.0693 1.690127
339.0494 1.682551
340.0333 1.676738
341.0313 1.671042
342.0201 1.665128
343.03 1.661708
344.0349 1.65643
345.0209 1.651761
346.0267 1.648062
347.0196 1.642989
348.0142 1.639231
349.0273 1.636351
350.0115 1.631865
351.0374 1.6276
352.0382 1.622306
353.0524 1.616309
354.0896 1.611137
355.085 1.605911
356.1135 1.601734
357.1134 1.59779
358.0826 1.592467
359.077 1.588672
360.0664 1.585175
361.0543 1.581308
362.0495 1.579568
363.0527 1.575857
364.0551 1.571905
365.0563 1.56805
366.056 1.563127
367.0595 1.559592
368.0714 1.555717
369.075 1.551552
370.0833 1.548086
371.0744 1.544141
372.0612 1.540994
373.0599 1.539014
374.0631 1.535802
375.0887 1.53309
376.0948 1.529815
377.1156 1.525518
378.1126 1.52107
379.0992 1.51793
380.0898 1.514032
381.0668 1.511135
382.0529 1.509055
383.0603 1.506023
384.0584 1.503955
385.062 1.501165
386.0855 1.498757
387.0622 1.496149
388.053 1.493837
389.0366 1.491054
390.011 1.487569
391.002 1.48434
392.0156 1.481875
393.0359 1.480166
394.0628 1.479102
395.0836 1.477107
396.0861 1.474461
397.0903 1.471175
398.0911 1.467604
399.0966 1.466615
400.095 1.465078
401.0877 1.463529
402.0923 1.461895
403.1069 1.458522
404.1201 1.456063
405.1373 1.45453
406.1575 1.451809
407.16 1.449827
408.1609 1.447151
409.1529 1.444254
410.1342 1.442744
411.1361 1.441057
412.1225 1.441821
413.1299 1.44051
414.1317 1.438243
415.1108 1.436122
416.1052 1.432237
417.1026 1.429975
418.1064 1.429382
419.0925 1.427217
420.1072 1.425797
421.0933 1.424893
422.0728 1.423074
423.0835 1.42326
424.0697 1.422953
425.0734 1.421464
426.0687 1.420282
427.0822 1.417933
428.0801 1.414786
429.0839 1.412934
430.0901 1.411846
431.0839 1.411361
432.1043 1.410454
433.098 1.410416
434.0938 1.410109
435.0918 1.409019
436.0815 1.409285
437.097 1.408927
438.1111 1.407067
439.1096 1.406481
440.1142 1.405153
441.0975 1.403233
442.0824 1.402417
443.0789 1.401836
444.0775 1.401721
445.0804 1.40153
446.0795 1.401461
447.0883 1.400687
448.0781 1.399677
449.0748 1.400167
450.0772 1.401363
451.0588 1.400298
452.0653 1.399528
453.0761 1.397658
454.0797 1.395232
455.0992 1.394803
456.1153 1.395172
457.1182 1.394236
458.125 1.392768
459.1154 1.391863
460.0979 1.390008
461.0918 1.389985
462.0866 1.390784
463.0974 1.391075
464.0839 1.390283
465.0757 1.388598
466.0728 1.387269
467.0577 1.385443
468.0552 1.385074
469.0518 1.385574
470.0616 1.384717
471.0634 1.384279
472.0737 1.383639
473.076 1.382373
474.0712 1.381935
475.0627 1.381062
476.0464 1.380068
477.0426 1.379124
478.0492 1.377298
479.0552 1.377219
480.0666 1.376705
481.0867 1.377131
482.0773 1.378159
483.0832 1.377854
484.0886 1.379393
485.0975 1.377209
486.0967 1.375655
487.0801 1.375218
488.0604 1.374097
489.0267 1.37461
490.0175 1.3749
491.0122 1.373291
492.0271 1.372268
493.0323 1.372002
494.0401 1.372875
495.0587 1.372703
496.0693 1.372785
497.0769 1.373629
498.0634 1.372295
499.0492 1.373153
500.0305 1.373442
501.0349 1.37255
502.0397 1.372266
503.0473 1.372371
504.0604 1.371247
505.0654 1.37119
506.0946 1.372307
507.1228 1.372339
508.1468 1.372575
509.1596 1.371864
510.1581 1.370624
511.14 1.371498
512.1337 1.373098
513.1135 1.374378
514.1157 1.374942
515.1184 1.373878
516.101 1.372341
517.0968 1.372339
518.0681 1.371618
519.0542 1.372311
520.0757 1.373333
521.0875 1.372738
522.1019 1.373786
523.1141 1.374528
524.1055 1.374193
525.0962 1.375833
526.0892 1.37693
527.0878 1.377106
528.087 1.376938
529.0883 1.376999
530.1006 1.377645
531.1001 1.377429
532.108 1.378851
533.1251 1.382193
534.1202 1.382859
535.1179 1.384808
536.1024 1.38637
537.0972 1.384285
538.1002 1.385359
539.0875 1.385244
540.0739 1.385448
541.068 1.385863
542.0501 1.386035
543.0695 1.387558
544.0767 1.388844
545.0604 1.390747
546.0812 1.392812
547.0823 1.392968
548.0851 1.393778
549.0929 1.396096
550.0745 1.396187
551.0675 1.39805
552.0672 1.398731
553.0709 1.39747
554.0742 1.398294
555.0768 1.398191
556.0672 1.399612
557.0764 1.401578
558.0917 1.402925
559.101 1.405267
560.1156 1.406023
561.0988 1.407779
562.1062 1.410778
563.0912 1.410969
564.0869 1.411902
565.1085 1.413087
566.0941 1.412187
567.0806 1.413456
568.0642 1.41519
569.041 1.415725
570.0371 1.417981
571.0552 1.420621
572.075 1.422646
573.093 1.424607
574.0858 1.425938
575.0918 1.427038
576.0856 1.427592
577.0779 1.42868
578.0961 1.429555
579.0931 1.429927
580.1069 1.432449
581.1007 1.434201
582.0922 1.436006
583.1053 1.43944
584.1171 1.441669
585.1239 1.443252
586.1336 1.445121
587.1357 1.445845
588.1153 1.446636
589.1045 1.448636
590.0867 1.450311
591.0756 1.452599
592.0674 1.454256
593.0984 1.456022
594.0959 1.459076
595.0963 1.461062
596.1109 1.463187
597.108 1.465557
598.1147 1.466542
598.716 1.441728
598.8036 1.409541
598.3682 1.369761
597.4656 1.324956
596.4346 1.301214
595.4003 1.281534
594.4086 1.264579
593.4189 1.249112
592.4434 1.23543
591.4659 1.222387
590.4608 1.20979
589.4486 1.198483
588.4235 1.187803
587.4583 1.177471
586.459 1.16809
585.468 1.158767
584.4993 1.149965
583.4711 1.140966
582.4667 1.133249
581.4364 1.1272
580.4076 1.119977
579.3915 1.112696
578.3821 1.105108
577.3968 1.095646
576.398 1.087286
575.4049 1.080011
574.4319 1.072592
573.4401 1.065914
572.4595 1.059704
571.4639 1.053705
570.4458 1.047366
569.4347 1.04129
568.4225 1.036103
567.427 1.030183
566.4327 1.024996
565.4535 1.020331
564.4496 1.014377
563.4634 1.010127
562.4886 1.006513
561.4836 1.000194
560.5142 .9960827
559.493 .9903597
558.4664 .9838072
557.4645 .9800944
556.4431 .9749749
555.4423 .9703979
554.4382 .9670189
553.4279 .9625919
552.4215 .9593767
551.4185 .9549462
550.4031 .9501716
549.4143 .9465803
548.399 .9413835
547.4011 .9387907
546.4144 .9338766
545.4113 .9294131
544.45 .925365
543.4418 .9215006
542.4502 .9184431
541.4421 .9143403
540.4171 .9104161
539.4084 .9061338
538.3966 .9030574
537.4137 .9000797
536.4308 .8981614
535.4614 .8955921
534.4623 .8923006
533.4541 .8889416
532.4217 .885273
531.4208 .8808209
530.4493 .8778138
529.437 .8744062
528.4486 .8708478
527.4457 .8691514
526.4211 .8662171
525.4282 .8647435
524.454 .8616297
523.4497 .8575685
522.4681 .8534423
521.4503 .8486694
520.4396 .8461581
519.4497 .8434604
518.4523 .8415551
517.4659 .8398691
516.4696 .8376682
515.4639 .8358877
514.4498 .83386
513.4259 .830645
512.4319 .8286798
511.4483 .8253164
510.459 .8220909
509.4995 .8199263
508.4824 .8172703
507.4688 .815898
506.4782 .8129334
505.4717 .8095987
504.4781 .8056579
503.4895 .8012985
502.4744 .7983946
501.4594 .7961807
500.455 .7935246
499.449 .7915127
498.458 .7902808
497.4451 .7880487
496.4463 .7858842
495.4313 .7840725
494.4048 .7815881
493.4139 .7798994
492.4033 .7778251
491.3932 .774798
490.3995 .7730522
489.3966 .7714173
488.4002 .7705791
487.4158 .7692138
486.4276 .7665707
485.4546 .7633616
484.458 .7597729
483.4622 .75668
482.4478 .7542632
481.4289 .7509838
480.408 .748893
479.3961 .7470978
478.3936 .7447356
477.401 .7432212
476.4196 .7406649
475.4337 .7383998
474.4377 .7361703
473.4379 .7344227
472.4227 .7335073
471.4063 .7320726
470.4188 .7314745
469.4119 .730736
468.4066 .7282047
467.4046 .7252297
466.3946 .7222625
465.405 .7184804
464.4049 .7161529
463.4305 .7141774
462.4415 .7121134
461.4197 .7102557
460.4469 .7084059
459.4301 .7069062
458.4122 .7039667
457.4219 .7024583
456.405 .7009614
455.3976 .6989
454.432 .6978441
453.4333 .6963376
452.4551 .693652
451.4448 .6921195
450.4217 .6906926
449.4149 .688014
448.4001 .6870207
447.429 .6850269
446.4247 .6825398
445.4374 .6813827
444.4394 .6786035
443.4468 .6769461
442.4395 .6748942
441.436 .6737379
440.4364 .6730799
439.4235 .671016
438.4228 .6699818
437.4311 .667422
436.4406 .6653841
435.4335 .6643776
434.434 .6633599
433.4284 .6611893
432.4212 .6583296
431.4251 .6559544
430.4477 .6529248
429.4404 .6513896
428.4224 .650436
427.403 .6482152
426.3927 .6461937
425.3965 .6443213
424.4236 .6434544
423.4601 .6423475
422.4826 .6409405
421.5066 .6396654
420.4949 .6373327
419.4692 .6358253
418.4399 .6351005
417.4109 .6343846
416.4235 .6333339
415.4388 .6320501
414.4484 .6299818
413.4621 .6272564
412.4582 .6249367
411.4438 .622852
410.4545 .6211893
409.4365 .6199792
408.4493 .6190343
407.4437 .6182481
406.4446 .6166271
405.4749 .6160082
404.4536 .6151057
403.467 .612891
402.4608 .6120665
401.4316 .6085775
400.4327 .6057109
399.4181 .6043342
398.4088 .6024194
397.4313 .6012396
396.4361 .6004161
395.4294 .5989832
394.4087 .596888
393.3889 .5954915
392.3993 .5943186
391.4233 .5919729
390.4424 .5912933
389.4408 .5906215
388.4263 .5883434
387.4114 .5867085
386.4099 .5851196
385.4135 .5830635
384.425 .581986
383.4513 .5813922
382.4454 .5792692
381.4563 .5776404
380.4235 .5758634
379.399 .5744045
378.4025 .5727401
377.4099 .5708651
376.4334 .5690733
375.4428 .5666211
374.4408 .5649636
373.41 .5637742
372.3883 .5617155
371.3674 .5609076
370.3687 .5605747
369.3747 .559049
368.3923 .5578112
367.4085 .5566617
366.407 .5540508
365.4275 .5529915
364.424 .551445
363.4136 .5494244
362.4238 .5488696
361.4235 .5475607
360.4228 .5471082
359.4421 .545436
358.4465 .5429803
357.4523 .5403424
356.4593 .5367268
355.4611 .5340742
354.4678 .5324003
353.4478 .5305998
352.436 .529271
351.4241 .5279993
350.389 .5263376
349.3917 .525736
348.3892 .5246732
347.3916 .523353
346.4011 .5207871
345.4045 .5184786
344.4122 .5169998
343.4045 .5158131
342.392 .5160879
341.3753 .5148908
340.363 .5121411
339.3581 .50888
338.379 .5056233
337.3837 .5025364
336.3873 .4996264
335.3699 .4974142
334.3575 .4952713
333.3487 .4932585
332.3601 .4920527
331.3958 .4910957
330.4084 .4890967
329.4052 .4873882
328.4008 .4859674
327.3823 .4834691
326.3739 .4807594
325.3821 .4797382
324.3867 .478646
323.3889 .477604
322.3785 .4760047
321.3713 .4722556
320.3562 .4687275
319.3918 .4652037
318.4015 .4624177
317.4091 .4606137
316.414 .4571316
315.3969 .4545041
314.4053 .4518516
313.4065 .4490196
312.4141 .4473873
311.3948 .4456224
310.4088 .4432784
309.4218 .440697
308.424 .4377297
307.4423 .4347781
306.455 .4334847
305.4609 .431126
304.4559 .4282533
303.4481 .4243516
302.4179 .4194088
301.4084 .4147053
300.4095 .4104109
299.4119 .4066947
298.4048 .4026205
297.3945 .3994938
296.3976 .3956259
295.3904 .391914
294.396 .3883227
293.3916 .3849419
292.3961 .3803147
291.3933 .3769582
290.395 .3731285
289.3852 .368027
288.3801 .3652861
287.3754 .3601257
286.3745 .3557785
285.3904 .3512118
284.3743 .3465126
283.3666 .3416652
282.3521 .3357897
281.3435 .3312119
280.3631 .3254066
279.3781 .3190421
278.386 .3132143
277.3952 .3074124
276.3693 .2986798
275.3616 .2928719
274.3607 .286146
273.3589 .277324
272.3546 .2725486
271.3574 .2662916
270.3722 .2597599
269.3625 .2537439
268.4 .2470432
267.4123 .2374098
266.3962 .2282732
265.4052 .2186668
264.3934 .2090673
263.3831 .1993334
262.3881 .1897876
261.3875 .1830253
260.3781 .1732992
259.3727 .1650867
258.3872 .155677
257.4 .1423448
256.3916 .130723
255.4233 .1189849
254.3982 .1059925
253.3657 9.431086E-02
252.3768 8.190707E-02
251.3453 6.908374E-02
250.3605 5.715325E-02
249.3674 4.402912E-02
248.3746 3.095267E-02
247.3835 .0151413
246.3726 -9.448687E-04
245.4075 -1.537015E-02
244.3991 -3.374133E-02
243.3955 -4.804785E-02
242.4186 -6.128468E-02
241.3875 -8.058512E-02
240.3781 -9.705791E-02
239.3775 -.1142224
238.3417 -.1352557
237.3459 -.1521455
236.3388 -.1684926
235.3503 -.1872053
234.3821 -.2064615
233.368 -.2268906
232.4064 -.2487517
231.3853 -.2720839
230.3764 -.2933001
229.395 -.3140811
228.383 -.3402973
227.391 -.3662535
226.3819 -.3918048
225.3904 -.4202739
224.3782 -.4447417
223.3857 -.4692199
222.396 -.4979074
221.3799 -.5262882
220.3661 -.5564884
219.3435 -.585853
218.3262 -.6150962
217.3447 -.6440404
216.3844 -.6703719
215.4037 -.7028
214.4268 -.7352731
213.4461 -.7658694
212.4257 -.8030869
211.4103 -.8375373
210.4038 -.8699133
209.3782 -.908021
208.3607 -.9429811
207.3785 -.9779663
206.4032 -1.014075
205.4186 -1.047437
204.4629 -1.083123
203.4885 -1.118385
202.4698 -1.16021
201.4644 -1.205226
200.4483 -1.247055
199.4293 -1.291804
198.4272 -1.332491
197.436 -1.367705
196.419 -1.408001
195.4156 -1.447946
194.4266 -1.486552
193.4106 -1.53055
192.4174 -1.571374
191.4049 -1.611961
190.4029 -1.656719
189.3913 -1.699179
188.3929 -1.744598
187.3887 -1.787004
186.3818 -1.826141
185.3957 -1.865277
184.3949 -1.901366
183.4052 -1.941712
182.3807 -1.98397
181.3985 -2.024095
180.3876 -2.067439
179.385 -2.106827
178.4034 -2.139879
177.3779 -2.178596
176.3962 -2.214175
175.3993 -2.252242
174.3978 -2.294208
173.3786 -2.330231
172.388 -2.367055
171.3569 -2.401781
170.3624 -2.437772
169.3899 -2.473183
168.3448 -2.503916
167.3759 -2.533996
166.3579 -2.558783
165.3453 -2.580823
164.3641 -2.610658
163.3493 -2.638793
162.3619 -2.667193
161.3648 -2.700721
160.3851 -2.723208
159.3878 -2.743085
158.3881 -2.76359
157.3835 -2.779686
156.3621 -2.798903
155.3877 -2.81824
154.3873 -2.836818
153.3973 -2.853127
152.4231 -2.867542
151.4243 -2.886428
150.4255 -2.903235
149.422 -2.916055
148.3763 -2.932258
147.368 -2.939675
146.365 -2.942441
145.3644 -2.952934
144.3808 -2.955412
143.369 -2.959179
142.3559 -2.965862
141.3545 -2.966044
140.381 -2.966396
139.3689 -2.966293
138.3833 -2.965556
137.3824 -2.964864
136.3719 -2.96139
135.383 -2.957792
134.3836 -2.952127
133.3918 -2.940931
132.3749 -2.936665
131.352 -2.929001
130.3391 -2.91898
129.3218 -2.912213
128.323 -2.897989
127.3596 -2.882255
126.3689 -2.86821
125.3955 -2.854756
124.3986 -2.842765
123.3901 -2.831514
122.3738 -2.819499
121.3518 -2.804675
120.3382 -2.787605
119.3279 -2.773345
118.3336 -2.758265
117.3449 -2.741
116.3583 -2.726696
115.3572 -2.708828
114.3806 -2.689706
113.3631 -2.676635
112.3711 -2.661149
111.376 -2.646587
110.3575 -2.632021
109.3711 -2.613636
108.3808 -2.595551
107.3643 -2.577006
106.3844 -2.558538
105.3746 -2.542031
104.3785 -2.523217
103.4102 -2.506718
102.4013 -2.49059
101.429 -2.471011
100.4232 -2.457537
99.4155 -2.440416
98.41481 -2.424196
97.37701 -2.410256
96.36598 -2.391628
95.3516 -2.374731
94.34911 -2.358029
93.37327 -2.340075
92.38261 -2.324605
91.38833 -2.307351
90.4021 -2.28899
89.38006 -2.274137
88.3702 -2.255812
87.36413 -2.242288
86.32944 -2.229105
85.34247 -2.212667
84.32091 -2.19869
83.32784 -2.181396
82.33448 -2.163104
81.33806 -2.149944
80.35531 -2.135617
79.34957 -2.121606
78.36053 -2.108939
77.35516 -2.093688
76.36862 -2.079695
75.39667 -2.065677
74.4201 -2.053466
73.41621 -2.040359
72.41519 -2.026123
71.39589 -2.012845
70.3643 -1.998189
69.3649 -1.984421
68.36575 -1.972321
67.37959 -1.959763
66.37898 -1.947076
65.3583 -1.934838
64.35036 -1.921839
63.32627 -1.909862
62.33641 -1.899327
61.3517 -1.887816
60.35865 -1.877272
59.37251 -1.866239
58.36521 -1.854471
57.38587 -1.844125
56.37724 -1.83322
55.39456 -1.824135
54.39752 -1.813986
53.40438 -1.803605
52.40813 -1.793176
51.40564 -1.781315
50.42883 -1.769986
49.43027 -1.761658
48.44077 -1.75208
47.43868 -1.743416
46.42525 -1.735705
45.41749 -1.724692
44.41713 -1.715596
43.38618 -1.705898
42.39022 -1.69715
41.38173 -1.687987
40.38168 -1.67811
39.38573 -1.669932
38.39155 -1.660398
37.38702 -1.651758
36.35145 -1.645091
35.35872 -1.637545
34.33369 -1.629319
33.33236 -1.622669
32.35481 -1.614188
31.36189 -1.604549
30.37553 -1.596546
29.38708 -1.58902
28.39826 -1.582118
27.39527 -1.575203
26.38886 -1.569136
25.37442 -1.561688
24.36992 -1.55369
23.37749 -1.548119
22.41199 -1.541594
21.43868 -1.533419
20.44106 -1.526735
19.45796 -1.519228
18.45395 -1.511066
17.44642 -1.506302
16.44925 -1.500546
15.42881 -1.493891
14.43248 -1.488184
13.42959 -1.480288
12.4248 -1.472328
11.4199 -1.465337
10.39305 -1.459267
9.384256 -1.454183
8.387464 -1.449123
7.391984 -1.444304
6.395357 -1.43901
5.393645 -1.433076
4.400093 -1.428515
3.393612 -1.42307
2.395639 -1.416958
1.410629 -1.411386
.4078703 -1.404582
-.5769742 -1.398622
-1.528317 -1.390612
-2.490794 -1.385675
-3.45475 -1.381216
-4.439428 -1.376142
-5.453204 -1.372619
-6.47406 -1.366258
-7.489331 -1.360209
-8.48885 -1.355475
-9.51449 -1.352794
-10.50731 -1.348956
-11.50422 -1.345508
-12.48134 -1.340927
-13.46716 -1.336217
-14.45021 -1.33328
-15.44739 -1.329319
-16.45535 -1.325804
-17.45605 -1.321301
-18.48247 -1.315426
-19.49641 -1.309566
-20.50326 -1.304022
-21.51868 -1.29976
-22.524 -1.295931
-23.52501 -1.291636
-24.50781 -1.286971
-25.51235 -1.281141
-26.49178 -1.275967
-27.46437 -1.273568
-28.47572 -1.270828
-29.44765 -1.268153
-30.45857 -1.266844
-31.49678 -1.262652
-32.52245 -1.258596
-33.52506 -1.256383
-34.51931 -1.252278
-35.49601 -1.248564
-36.46806 -1.244752
-37.47063 -1.239656
-38.49066 -1.235242
-39.47958 -1.230825
-40.50806 -1.227751
-41.52632 -1.224635
-42.50369 -1.220767
-43.51582 -1.217488
-44.50379 -1.212936
-45.48026 -1.208386
-46.46862 -1.205956
-47.48242 -1.202862
-48.47511 -1.201831
-49.47886 -1.198141
-50.50299 -1.194033
-51.47272 -1.189837
-52.46874 -1.186365
-53.46276 -1.184899
-54.44538 -1.183161
-55.46123 -1.180945
-56.47187 -1.177523
-57.49148 -1.173581
-58.51707 -1.169528
-59.51549 -1.168222
-60.51178 -1.164118
-61.49192 -1.161046
-62.4873 -1.157161
-63.48042 -1.152174
-64.46728 -1.151
-65.49179 -1.150255
-66.48448 -1.14859
-67.50124 -1.147664
-68.5215 -1.143906
-69.51529 -1.140257
-70.51627 -1.138582
-71.51809 -1.134937
-72.52219 -1.133665
-73.5173 -1.131206
-74.51649 -1.126959
-75.49718 -1.125193
-76.47484 -1.122024
-77.4613 -1.119159
-78.47683 -1.118256
-79.49712 -1.114295
-80.51778 -1.110785
-81.53226 -1.108387
-82.50869 -1.105282
-83.50708 -1.105016
-84.50063 -1.104056
-85.50198 -1.102928
-86.52393 -1.10223
-87.52553 -1.099393
-88.53488 -1.097857
-89.56335 -1.095008
-90.54025 -1.090844
-91.53847 -1.089825
-92.53342 -1.087548
-93.52351 -1.085767
-94.54434 -1.085382
-95.55521 -1.081306
-96.54999 -1.077489
-97.54733 -1.074119
-98.52583 -1.070316
-99.49663 -1.068674
-100.4981 -1.067464
-101.4697 -1.066814
-102.4711 -1.066162
-103.4503 -1.065054
-104.4436 -1.065659
-105.4595 -1.064151
-106.4742 -1.061569
-107.5106 -1.060298
-108.5253 -1.05671
-109.5299 -1.055254
-110.5112 -1.055169
-111.5381 -1.053556
-112.5406 -1.052161
-113.5443 -1.050096
-114.5709 -1.046696
-115.5491 -1.043007
-116.5502 -1.040304
-117.5546 -1.037326
-118.5587 -1.036669
-119.5575 -1.036669
-120.5604 -1.03659
-121.5553 -1.037106
-122.5303 -1.036453
-123.519 -1.037491
-124.5125 -1.036438
-125.5303 -1.035323
-126.5573 -1.035619
-127.5586 -1.033513
-128.5436 -1.033516
-129.5423 -1.033874
-130.5079 -1.033087
-131.5276 -1.031977
-132.5377 -1.030445
-133.5158 -1.028711
-134.5439 -1.026507
-135.5323 -1.025207
-136.5475 -1.024495
-137.553 -1.023634
-138.5383 -1.022696
-139.5458 -1.021888
-140.5378 -1.020423
-141.5538 -1.020279
-142.5498 -1.021267
-143.5659 -1.021956
-144.5541 -1.022073
-145.5394 -1.021643
-146.558 -1.020368
-147.5363 -1.019354
-148.5632 -1.019602
-149.5721 -1.019619
-150.5804 -1.019389
-151.5702 -1.019325
-152.5616 -1.01897
-153.5248 -1.017889
-154.5012 -1.017137
-155.5059 -1.018221
-156.479 -1.018568
-157.5028 -1.020496
-158.501 -1.022144
-159.5079 -1.022801
-160.5235 -1.023627
-161.5329 -1.023898
-162.5495 -1.023436
-163.5477 -1.022134
-164.5517 -1.021052
-165.5311 -1.020631
-166.5063 -1.021837
-167.5188 -1.0227
-168.5146 -1.025368
-169.5385 -1.025837
-170.5758 -1.025205
-171.5703 -1.025705
-172.5895 -1.023735
-173.5759 -1.023607
-174.5435 -1.026043
-175.5439 -1.027566
-176.533 -1.03059
-177.538 -1.033292
-178.5506 -1.03439
-179.5408 -1.037682
-180.5199 -1.039561
-181.5137 -1.039882
-182.5052 -1.040013
-183.5154 -1.037571
-184.5352 -1.038022
-185.5306 -1.039046
-186.5123 -1.040192
-187.5005 -1.043273
-188.4875 -1.044276
-189.4927 -1.046969
-190.5317 -1.047921
-191.5293 -1.048545
-192.5222 -1.04865
-193.5119 -1.050513
-194.4819 -1.054593
-195.492 -1.058813
-196.5137 -1.061925
-197.5075 -1.063963
