1 349.1412 12.31523 -0.1672026 0.1535946
2 343.0261 3.42379 -0.1682563 0.154333
3 342.9215 4.545783 -0.1610646 0.148728
4 348.8528 17.56837 -0.1644824 0.1444779
5 349.7431 86.67161 -0.1618778 0.1479144
6 331.649 3.812617 -0.1629566 0.1440791
7 346.5113 19.89473 -0.1615593 0.1449104
8 272.4149 53.99601 -0.1632873 0.1470573
9 340.3228 11.11166 -0.1639486 0.146881
10 344.226 44.18285 -0.1694338 0.1450029
11 347.1516 43.29148 -0.1666595 0.1517088
12 349.0507 9.421614 -0.1651513 0.1475244
13 341.9259 7.524146 -0.1658122 0.1469497
14 346.7683 4.62269 -0.165454 0.145655
15 347.7015 0.69094 -0.1652506 0.1464331
16 349.5876 13.79862 -0.1684109 0.1443943
17 349.4955 8.961895 -0.1661575 0.1472389
18 333.4161 2.056833 -0.1684929 0.1454177
19 336.3113 7.120015 -0.1677044 0.1509368
20 346.1847 62.21407 -0.1794063 0.1479628
21 342.1047 60.29951 -0.1692172 0.1461953
22 345.0327 22.42396 -0.1672061 0.1428025
23 349.915 0.5428576 -0.1665113 0.1465283
24 349.8265 72.57879 -0.1671532 0.1556389
25 342.7075 40.70811 -0.1683027 0.1489119
26 347.6503 39.77009 -0.1715155 0.1464372
27 349.5104 16.88652 -0.171244 0.1454768
28 341.4118 9.047793 -0.1710019 0.1481
29 343.3243 16.17394 -0.1744965 0.1454622
30 347.1817 20.22396 -0.1805928 0.145876
31 277.1465 2.373654 -0.1735257 0.1482684
32 324.0618 15.39488 -0.174016 0.1458463
33 341.9559 4.56589 -0.1731589 0.1485814
34 263.8068 0.6813347 -0.1768889 0.1475087
35 337.7255 11.71444 -0.1826309 0.1496797
36 341.6373 27.81228 -0.1753401 0.1503248
37 330.5834 2.946092 -0.1786788 0.1513722
38 247.4364 70.99274 -0.1781824 0.1468809
39 338.3084 16.12836 -0.176401 0.150714
40 329.2303 6.219074 -0.1896771 0.1486715
41 220.1398 20.33327 -0.1756337 0.1482863
42 262.9843 0.4643047 -0.1784251 0.1471079
43 260.9345 29.53216 -0.1787516 0.148729
44 340.8026 26.64617 -0.1811206 0.1493445
45 241.7245 32.68587 -0.1871608 0.1475775
46 349.1309 9.409831 -0.1894941 0.1499811
47 347.0403 5.500765 -0.1869768 0.1464954
48 195.9636 0.6099607 -0.1868341 0.1486181
49 201.9038 4.672993 -0.1905365 0.1531769
50 341.768 46.74564 -0.1883429 0.1513942
51 254.6797 1.841747 -0.1921644 0.1630301
52 349.55 10.94491 -0.1925468 0.1540716
53 343.4223 9.028217 -0.1903198 0.1538943
54 340.319 23.14376 -0.1902507 0.1511459
55 217.2454 4.290913 -0.1986469 0.1580698
56 200.204 0.400924 -0.1896393 0.1583774
57 203.1151 28.42314 -0.1908374 0.1570312
58 342.9172 6.569662 -0.1945794 0.1545957
59 200.9072 14.66618 -0.1937246 0.1571431
60 348.7257 6.739065 -0.1947754 0.1551239
61 215.6748 7.834702 -0.1926823 0.1571446
62 206.5702 4.960582 -0.1961853 0.1642918
63 232.3993 55.01336 -0.199513 0.1669706
64 349.3135 10.16671 -0.1932729 0.155862
65 215.2755 9.213706 -0.2052137 0.157068
66 219.1588 4.374236 -0.195328 0.156924
67 197.0748 16.42921 -0.1955866 0.1606053
68 202.0205 0.6155943 -0.2099154 0.1590323
69 192.8538 1.710283 -0.1997553 0.1632953
70 196.7998 4.762746 -0.1979363 0.1600143
71 198.6704 0.9027686 -0.1971197 0.1610805
72 334.4868 25.92271 -0.2006103 0.1655274
73 194.4774 9.085765 -0.1979029 0.1638378
74 197.3705 2.184991 -0.1990277 0.1622976
75 199.3029 35.2437 -0.2053776 0.1609581
76 215.1571 6.373188 -0.1985261 0.1597933
77 194.0513 27.45173 -0.1996381 0.1617139
78 209.9572 15.56528 -0.1996884 0.1638711
79 200.8941 16.67839 -0.2015616 0.1609382
80 202.8183 7.798292 -0.2029834 0.1616966
81 206.6874 2.910629 -0.2028982 0.1612205
82 201.5813 2.009406 -0.20311 0.1624577
83 199.5028 13.086 -0.2031803 0.1619065
84 203.4218 11.14288 -0.204168 0.16407
85 215.2738 6.26818 -0.2133293 0.1649136
86 197.19 1.404597 -0.2043275 0.1690333
87 202.0831 16.46627 -0.2077294 0.1648147
88 214.9312 45.51454 -0.2069925 0.1658171
89 196.8702 0.6806368 -0.2084291 0.1679275
90 200.8118 0.7979593 -0.2095827 0.1666989
